 3.97087e+00  8.97127e+00  1.59714e+01 
 4.88989e+01  4.87060e+01  4.86260e+01 
 9.18960e+00  9.34375e+00  9.62836e+00 
 3.13917e+06  3.12440e+06  3.11385e+06 
 1.50194e+03  1.48961e+03  1.48330e+03 
 1.02139e+05  1.02160e+05  1.02142e+05 
 1.77709e+02  8.98121e+01 -6.12507e+02 
 3.17606e+02  3.14248e+02 -7.47174e+01 
 3.13755e+02  3.33064e+02  1.82709e+01 
 2.83152e+02  3.18169e+02  4.05469e+01 
 2.35658e+02  2.87413e+02  5.17061e+01 
 1.99718e+02  2.69463e+02  6.49530e+01 
 1.45233e+02  2.33624e+02  6.45524e+01 
 7.43290e+01  1.86173e+02  5.47547e+01 
 4.76778e+00  1.44024e+02  4.10732e+01 
-7.01367e+01  1.02495e+02  2.54470e+01 
-1.48671e+02  1.10504e+01  1.04408e+01 
-2.13376e+02 -2.71518e+01 -1.91720e+00 
-2.97751e+02 -6.62758e+01 -9.87928e+00 
-3.99784e+02 -1.03164e+02 -1.15115e+01 
-4.55710e+02 -1.36544e+02 -6.65373e+00 
-5.11126e+02 -1.57541e+02  1.24385e+01 
-5.56406e+02 -1.63537e+02  4.74627e+01 
-5.85175e+02 -1.50910e+02  1.01533e+02 
-5.97518e+02 -1.19827e+02  1.73167e+02 
-5.58060e+02 -4.30420e+01  2.84830e+02 
-5.09702e+02  3.73596e+01  3.93022e+02 
-4.60037e+02  1.19776e+02  4.99547e+02 
-4.02332e+02  2.06177e+02  6.05732e+02 
-3.34308e+02  3.00930e+02  7.13399e+02 
-2.68614e+02  3.89270e+02  8.12967e+02 
-1.97459e+02  4.79542e+02  9.08082e+02 
-1.38956e+02  5.56712e+02  9.88260e+02 
-8.40787e+01  6.27268e+02  1.05848e+03 
-3.64612e+01  6.87110e+02  1.11607e+03 
 1.98530e+01  7.51167e+02  1.17251e+03 
 7.68005e+01  8.16358e+02  1.23025e+03 
 1.33066e+02  8.80651e+02  1.28352e+03 
 1.96439e+02  9.49606e+02  1.33720e+03 
 2.62617e+02  1.01928e+03  1.38629e+03 
 3.38731e+02  1.09367e+03  1.43209e+03 
 4.20036e+02  1.16754e+03  1.46946e+03 
 5.11273e+02  1.24299e+03  1.49713e+03 
 6.11812e+02  1.31603e+03  1.50623e+03 
 7.15613e+02  1.38002e+03  1.49442e+03 
 8.31047e+02  1.44024e+03  1.45266e+03 
 9.40623e+02  1.47896e+03  1.35855e+03 
 1.06288e+03  1.48921e+03  1.17403e+03 
 1.20988e+03  1.44605e+03  8.62882e+02 
 1.35244e+03  1.30658e+03  3.76958e+02 
 1.46236e+03  1.00673e+03 -4.06404e+02 
 1.49816e+03  4.54300e+02 -1.62221e+03 
 1.39811e+03 -4.52776e+02 -3.33227e+03 
 1.10881e+03 -1.58952e+03 -5.20775e+03 
 6.38231e+02 -2.84447e+03 -7.04898e+03 
 1.72191e+01 -4.05277e+03 -8.54788e+03 
-6.39974e+02 -5.03656e+03 -9.53415e+03 
-1.12794e+03 -5.38424e+03 -9.44023e+03 
-1.44968e+03 -5.39912e+03 -8.92263e+03 
-1.64028e+03 -5.22958e+03 -8.30276e+03 
-1.84942e+03 -5.15867e+03 -7.85869e+03 
-1.90176e+03 -4.86898e+03 -7.51536e+03 
-1.81900e+03 -4.55245e+03 -5.94584e+03 
-1.76894e+03 -4.36973e+03 -5.59181e+03 
-1.76117e+03 -3.74991e+03 -5.22944e+03 
-1.76737e+03 -3.65704e+03 -4.93373e+03 
-1.77420e+03 -3.59558e+03 -4.65539e+03 
-1.77481e+03 -3.49503e+03 -4.39702e+03 
-1.76911e+03 -3.38917e+03 -4.16128e+03 
-1.75605e+03 -3.27516e+03 -3.92996e+03 
-1.74356e+03 -3.18158e+03 -3.73228e+03 
-1.73401e+03 -3.09258e+03 -3.54434e+03 
-1.72337e+03 -3.01006e+03 -3.37154e+03 
-1.71298e+03 -2.93167e+03 -3.20591e+03 
-1.70283e+03 -2.85875e+03 -3.04959e+03 
-1.69108e+03 -2.78675e+03 -2.90533e+03 
-1.67631e+03 -2.70847e+03 -2.72720e+03 
-1.65995e+03 -2.62324e+03 -2.52598e+03 
-1.64505e+03 -2.53048e+03 -2.30205e+03 
-1.63218e+03 -2.44501e+03 -2.06548e+03 
-1.61225e+03 -2.34856e+03 -1.79289e+03 
-1.58363e+03 -2.24519e+03 -1.48235e+03 
-1.55266e+03 -2.14305e+03 -1.14106e+03 
-1.51576e+03 -2.04081e+03 -8.46738e+02 
-1.47058e+03 -1.91054e+03 -6.94073e+02 
-1.33039e+03 -1.73962e+03 -6.55873e+02 
-1.22539e+03 -1.55770e+03 -6.47629e+02 
-1.10435e+03 -1.37592e+03 -6.49608e+02 
-9.69727e+02 -1.18952e+03 -6.55801e+02 
-8.35194e+02 -1.00884e+03 -6.65164e+02 
-7.00594e+02 -8.34821e+02 -6.76408e+02 
-5.68385e+02 -6.71773e+02 -6.85874e+02 
-4.75256e+02 -5.42482e+02 -6.93135e+02 
-3.25015e+02 -3.98036e+02 -7.01768e+02 
-2.12255e+02 -2.85418e+02 -7.06817e+02 
-1.03707e+02 -1.92070e+02 -7.12406e+02 
-4.24565e+01 -1.23480e+02 -7.09207e+02 
 6.19469e+01 -6.62735e+01 -7.10989e+02 
 1.17108e+02 -2.56769e+01 -7.09928e+02 
 1.67871e+02  1.20286e+01 -6.98169e+02 
 2.02018e+02  4.00499e+01 -6.87689e+02 
 2.24489e+02  6.82132e+01 -6.77056e+02 
-4.16297e+01 -1.81577e+01  3.00868e+01 
-4.90355e+01 -2.04579e+01  2.89213e+01 
-4.48250e+01 -1.19563e+01  3.88260e+01 
-3.92906e+01 -1.10445e+00  5.13397e+01 
-3.37736e+01  1.06479e+01  6.47391e+01 
-3.10539e+01  1.68858e+01  7.19584e+01 
-3.00325e+01  2.18683e+01  7.80620e+01 
-3.20204e+01  2.42545e+01  8.15033e+01 
-3.50646e+01  2.60901e+01  8.44583e+01 
-2.44802e+01  4.07927e+01  1.00051e+02 
-1.76823e+01  5.20704e+01  1.12147e+02 
-1.14795e+01  6.31161e+01  1.23973e+02 
-1.31098e+01  6.71455e+01  1.28954e+02 
-8.83285e+00  7.63881e+01  1.38633e+02 
-9.91922e+00  8.09920e+01  1.43686e+02 
-1.00312e+01  8.62026e+01  1.48677e+02 
-2.35590e+01  7.97275e+01  1.42691e+02 
-1.62398e+01  9.03223e+01  1.52256e+02 
-1.77672e+01  9.29629e+01  1.54062e+02 
-1.84719e+01  9.58767e+01  1.54722e+02 
-1.60814e+01  1.00349e+02  1.56616e+02 
-2.04514e+01  9.80329e+01  1.51963e+02 
-2.44955e+01  9.51688e+01  1.45473e+02 
-3.84928e+01  8.21291e+01  1.28939e+02 
-2.35238e+01  9.36140e+01  1.35926e+02 
-2.30098e+01  9.14976e+01  1.29200e+02 
-2.16683e+01  8.93336e+01  1.22920e+02 
-2.42362e+01  8.28137e+01  1.11946e+02 
-2.45382e+01  7.80175e+01  1.03165e+02 
-2.39192e+01  7.31622e+01  9.47412e+01 
-2.61233e+01  6.57272e+01  8.43321e+01 
-3.21651e+01  5.45461e+01  7.06437e+01 
-3.69868e+01  4.42189e+01  5.85135e+01 
-3.29821e+01  4.22415e+01  5.53678e+01 
-4.11311e+01  2.91228e+01  4.12739e+01 
-3.79696e+01  2.65102e+01  3.85194e+01 
-3.99883e+01  1.95287e+01  3.14754e+01 
-4.43014e+01  1.06888e+01  2.27023e+01 
-4.36174e+01  6.42739e+00  1.87958e+01 
-4.57190e+01  1.86629e-01  1.28175e+01 
-4.23859e+01 -5.27137e-01  1.22124e+01 
-4.62113e+01 -7.79191e+00  5.07270e+00 
-4.95603e+01 -1.44756e+01 -1.36921e+00 
-5.76989e+01 -2.55479e+01 -1.22390e+01 
-6.54066e+01 -3.86820e+01 -2.50892e+01 
-8.15576e+01 -5.97319e+01 -4.55399e+01 
-9.06213e+01 -7.32006e+01 -5.77460e+01 
-1.00381e+02 -8.94072e+01 -7.14114e+01 
-7.12300e+01 -7.80029e+01 -4.30157e+01 
-7.99214e+01 -9.24474e+01 -5.97228e+01 
-8.49434e+01 -1.02250e+02 -7.17958e+01 
-8.99457e+01 -1.13105e+02 -8.54050e+01 
-1.01145e+02 -1.31414e+02 -1.07369e+02 
-1.04871e+02 -1.39125e+02 -1.17020e+02 
-1.10240e+02 -1.49164e+02 -1.29558e+02 
-1.18748e+02 -1.62732e+02 -1.45856e+02 
-1.25846e+02 -1.75117e+02 -1.61021e+02 
-1.38189e+02 -1.93577e+02 -1.82835e+02 
-1.45865e+02 -2.07728e+02 -2.00847e+02 
-1.48156e+02 -2.16677e+02 -2.13654e+02 
-1.57894e+02 -2.32699e+02 -2.34027e+02 
-1.65193e+02 -2.47594e+02 -2.53862e+02 
-1.70819e+02 -2.60372e+02 -2.71693e+02 
-1.84027e+02 -2.82095e+02 -2.99109e+02 
-1.92704e+02 -2.98177e+02 -3.20642e+02 
-1.99536e+02 -3.11607e+02 -3.39975e+02 
-2.06825e+02 -3.24679e+02 -3.58600e+02 
-2.17809e+02 -3.41284e+02 -3.80927e+02 
-2.27348e+02 -3.54531e+02 -3.99830e+02 
-2.32418e+02 -3.62629e+02 -4.12467e+02 
-2.42052e+02 -3.73725e+02 -4.28592e+02 
-2.43486e+02 -3.74694e+02 -4.32861e+02 
-2.43341e+02 -3.72387e+02 -4.33557e+02 
-2.36863e+02 -3.62606e+02 -4.25755e+02 
-2.30020e+02 -3.51173e+02 -4.15617e+02 
-2.28352e+02 -3.44553e+02 -4.09811e+02 
-2.13287e+02 -3.21943e+02 -3.85973e+02 
-2.06216e+02 -3.08154e+02 -3.71113e+02 
-1.94889e+02 -2.89854e+02 -3.50226e+02 
-1.85241e+02 -2.73122e+02 -3.30724e+02 
-1.82279e+02 -2.65182e+02 -3.18077e+02 
-1.71033e+02 -2.45661e+02 -2.95796e+02 
-1.62816e+02 -2.32207e+02 -2.78534e+02 
-1.52305e+02 -2.14714e+02 -2.54959e+02 
-1.42942e+02 -2.00047e+02 -2.37420e+02 
-1.41660e+02 -1.93466e+02 -2.26669e+02 
-1.37797e+02 -1.84526e+02 -2.13467e+02 
-1.25777e+02 -1.67739e+02 -1.92796e+02 
-1.21011e+02 -1.58866e+02 -1.80666e+02 
-1.19740e+02 -1.53804e+02 -1.72444e+02 
-1.12735e+02 -1.43058e+02 -1.58988e+02 
-1.10332e+02 -1.37545e+02 -1.50898e+02 
-1.05051e+02 -1.26188e+02 -1.35556e+02 
-9.43884e+01 -1.11215e+02 -1.17502e+02 
-9.64140e+01 -1.08845e+02 -1.13099e+02 
-9.46741e+01 -1.01979e+02 -1.04547e+02 
-4.44109e+01 -2.09090e+01  2.69355e+01 
-3.63103e+01  8.27172e+00  6.22127e+01 
-1.55658e+01  5.41293e+01  1.13786e+02 
-1.17571e+01  7.94724e+01  1.41962e+02 
-1.17478e+01  9.48885e+01  1.56169e+02 
-1.19982e+01  1.01587e+02  1.59936e+02 
-1.62810e+01  1.01866e+02  1.55047e+02 
-1.75416e+01  1.00421e+02  1.46275e+02 
-2.42018e+01  9.31539e+01  1.34849e+02 
-2.01040e+01  9.07510e+01  1.23553e+02 
-2.77797e+01  7.51146e+01  9.95931e+01 
-2.72005e+01  6.48098e+01  8.27930e+01 
-3.46231e+01  4.06743e+01  5.33381e+01 
-3.75086e+01  1.71295e+01  2.86290e+01 
-5.64363e+01 -2.42734e+01 -1.15094e+01 
-9.72091e+01 -8.61927e+01 -6.78779e+01 
-7.16757e+01 -7.85780e+01 -4.36471e+01 
-9.98299e+01 -1.30083e+02 -1.05941e+02 
-1.36101e+02 -1.97436e+02 -1.90026e+02 
-1.72957e+02 -2.63693e+02 -2.74683e+02 
-2.01454e+02 -3.12076e+02 -3.39848e+02 
-2.15886e+02 -3.39467e+02 -3.78098e+02 
-2.33171e+02 -3.63241e+02 -4.12561e+02 
-2.41082e+02 -3.72048e+02 -4.29609e+02 
-2.39207e+02 -3.68034e+02 -4.28662e+02 
-2.31367e+02 -3.52770e+02 -4.17046e+02 
-2.15102e+02 -3.24765e+02 -3.89190e+02 
-1.97087e+02 -2.93197e+02 -3.53846e+02 
-1.68122e+02 -2.43794e+02 -2.94245e+02 
-1.37751e+02 -1.89494e+02 -2.22742e+02 
-1.05515e+02 -1.32779e+02 -1.46106e+02 
-9.27598e+01 -1.00126e+02 -1.02521e+02 
 1.49990e+03  1.49121e+03  1.49110e+03 
 1.49932e+03  1.49055e+03  1.48819e+03 
 1.50062e+03  1.49171e+03  1.47501e+03 
 1.49998e+03  1.49080e+03  1.46011e+03 
 1.50036e+03  1.49119e+03  1.44434e+03 
 1.49871e+03  1.48928e+03  1.42680e+03 
 1.50011e+03  1.49073e+03  1.40936e+03 
 1.49902e+03  1.48954e+03  1.39662e+03 
 1.50094e+03  1.49182e+03  1.38516e+03 
 1.49959e+03  1.49020e+03  1.37715e+03 
 1.50065e+03  1.49154e+03  1.37108e+03 
 1.49961e+03  1.49047e+03  1.36381e+03 
 1.50133e+03  1.49245e+03  1.35645e+03 
 1.49911e+03  1.49008e+03  1.35100e+03 
 1.50048e+03  1.49154e+03  1.33880e+03 
 1.49926e+03  1.49022e+03  1.33438e+03 
 1.50004e+03  1.49109e+03  1.32988e+03 
 1.49916e+03  1.49036e+03  1.31713e+03 
 1.50061e+03  1.49173e+03  1.31502e+03 
 1.49939e+03  1.49049e+03  1.30459e+03 
 1.50005e+03  1.49126e+03  1.29640e+03 
 1.49902e+03  1.49008e+03  1.28767e+03 
 1.50038e+03  1.49140e+03  1.27982e+03 
 1.49966e+03  1.49063e+03  1.27272e+03 
 1.49973e+03  1.49076e+03  1.26575e+03 
 1.49988e+03  1.49062e+03  1.25782e+03 
 1.50034e+03  1.49114e+03  1.24981e+03 
 1.50043e+03  1.49102e+03  1.24104e+03 
 1.49943e+03  1.49022e+03  1.23314e+03 
 1.49911e+03  1.48880e+03  1.22619e+03 
 1.49984e+03  1.48900e+03  1.21750e+03 
 1.49878e+03  1.48619e+03  1.20886e+03 
 1.50026e+03  1.48674e+03  1.20582e+03 
 1.49987e+03  1.48272e+03  1.19323e+03 
 1.49948e+03  1.47880e+03  1.18276e+03 
 1.49879e+03  1.47346e+03  1.17693e+03 
 1.49628e+03  1.46695e+03  1.17375e+03 
 1.49114e+03  1.45696e+03  1.16648e+03 
 1.48342e+03  1.44718e+03  1.15565e+03 
 1.46942e+03  1.43280e+03  1.14933e+03 
 1.45662e+03  1.42228e+03  1.14275e+03 
 1.43178e+03  1.40462e+03  1.13681e+03 
 1.40979e+03  1.38720e+03  1.12832e+03 
 1.38570e+03  1.36999e+03  1.12275e+03 
 1.35904e+03  1.35052e+03  1.11339e+03 
 1.34628e+03  1.34049e+03  1.11330e+03 
 1.33230e+03  1.32463e+03  1.10471e+03 
 1.32333e+03  1.31136e+03  1.09768e+03 
 1.32313e+03  1.29803e+03  1.09018e+03 
 1.32997e+03  1.29112e+03  1.08197e+03 
 1.34435e+03  1.28529e+03  1.07876e+03 
 1.36277e+03  1.28308e+03  1.07313e+03 
 1.38603e+03  1.28423e+03  1.06925e+03 
 1.40577e+03  1.28714e+03  1.06773e+03 
 1.42839e+03  1.29444e+03  1.06174e+03 
 1.44789e+03  1.30247e+03  1.05973e+03 
 1.46424e+03  1.31304e+03  1.05045e+03 
 1.47616e+03  1.32484e+03  1.04874e+03 
 1.48770e+03  1.34120e+03  1.04744e+03 
 1.49277e+03  1.35651e+03  1.04231e+03 
 1.49618e+03  1.37182e+03  1.03959e+03 
 1.49817e+03  1.38721e+03  1.03953e+03 
 1.49908e+03  1.39879e+03  1.03860e+03 
 1.49957e+03  1.41471e+03  1.03757e+03 
 1.50012e+03  1.43129e+03  1.03710e+03 
 1.49968e+03  1.44056e+03  1.03622e+03 
 1.49956e+03  1.45071e+03  1.03697e+03 
 1.49891e+03  1.45867e+03  1.03684e+03 
 1.49146e+03  1.46025e+03  1.02175e+03 
 1.49969e+03  1.47442e+03  1.03345e+03 
 1.49806e+03  1.47756e+03  1.03347e+03 
 1.49904e+03  1.48220e+03  1.03629e+03 
 1.49917e+03  1.48432e+03  1.04054e+03 
 1.49954e+03  1.48724e+03  1.04346e+03 
 1.49925e+03  1.48769e+03  1.04317e+03 
 1.49950e+03  1.48899e+03  1.04780e+03 
 1.49832e+03  1.48843e+03  1.04975e+03 
 1.49975e+03  1.49019e+03  1.05412e+03 
 1.49881e+03  1.48909e+03  1.05695e+03 
 1.49959e+03  1.49025e+03  1.06311e+03 
 1.49848e+03  1.48891e+03  1.07008e+03 
 1.49873e+03  1.48978e+03  1.06641e+03 
 1.49972e+03  1.49069e+03  1.08073e+03 
 1.49949e+03  1.49061e+03  1.08479e+03 
 1.49869e+03  1.48979e+03  1.08986e+03 
 1.49907e+03  1.49011e+03  1.09899e+03 
 1.49926e+03  1.49027e+03  1.10420e+03 
 1.49943e+03  1.49064e+03  1.10918e+03 
 1.49872e+03  1.48983e+03  1.12796e+03 
 1.50012e+03  1.49127e+03  1.14309e+03 
 1.49835e+03  1.48916e+03  1.15820e+03 
 1.49999e+03  1.49088e+03  1.18959e+03 
 1.49844e+03  1.48912e+03  1.21593e+03 
 1.49925e+03  1.48985e+03  1.25447e+03 
 1.49868e+03  1.48944e+03  1.30164e+03 
 1.49674e+03  1.48784e+03  1.31483e+03 
 7.28475e+02  1.53047e+03  1.81160e+03 
-1.87224e+01 -2.32821e+02 -5.25923e+02 
 5.12807e+02  1.09034e+03  1.36377e+03 
-4.44532e+01 -1.40370e+02 -1.44389e+02 
 0.00000e+00  9.00000e-01  0.00000e+00  9.99540e-01 
 0.00000e+00  8.71299e-01 -1.84230e-03  9.70290e-01 
 0.00000e+00  8.48880e-01 -3.73860e-03  9.77130e-01 
 0.00000e+00  8.26542e-01 -6.47676e-03  9.83970e-01 
 0.00000e+00  7.99830e-01 -1.04112e-02  9.92160e-01 
 0.00000e+00  7.73172e-01 -1.46979e-02  1.00035e+00 
 0.00000e+00  7.42149e-01 -2.01222e-02  1.00980e+00 
 0.00000e+00  7.06761e-01 -2.67264e-02  1.02069e+00 
 0.00000e+00  6.71409e-01 -3.35484e-02  1.03149e+00 
 0.00000e+00  6.36075e-01 -4.04244e-02  1.04229e+00 
 0.00000e+00  6.00714e-01 -4.71789e-02  9.23040e-01 
 0.00000e+00  5.65308e-01 -5.36796e-02  9.33840e-01 
 0.00000e+00  5.29830e-01 -5.98023e-02  9.44730e-01 
 0.00000e+00  4.94271e-01 -6.54129e-02  9.55620e-01 
 0.00000e+00  4.58613e-01 -7.03890e-02  9.66510e-01 
 0.00000e+00  4.22865e-01 -7.45848e-02  9.77490e-01 
 0.00000e+00  3.87009e-01 -7.78491e-02  9.88470e-01 
 0.00000e+00  3.51081e-01 -8.00424e-02  9.99450e-01 
 0.00000e+00  3.15090e-01 -8.09991e-02  1.01043e+00 
 0.00000e+00  2.79099e-01 -8.05437e-02  1.02150e+00 
 0.00000e+00  2.48535e-01 -7.91271e-02  1.03086e+00 
 0.00000e+00  2.20716e-01 -7.70238e-02  1.03941e+00 
 0.00000e+00  1.95651e-01 -7.44201e-02  1.04706e+00 
 0.00000e+00  1.73340e-01 -7.14969e-02  1.05390e+00 
 0.00000e+00  1.53783e-01 -6.84324e-02  1.05984e+00 
 0.00000e+00  1.36953e-01 -6.54012e-02  1.06506e+00 
 0.00000e+00  1.22832e-01 -6.25581e-02  1.06938e+00 
 0.00000e+00  1.11411e-01 -6.00255e-02  1.07289e+00 
 0.00000e+00  1.02663e-01 -5.79258e-02  9.20880e-01 
 0.00000e+00  9.42030e-02 -5.57505e-02  9.23580e-01 
 0.00000e+00  8.60490e-02 -5.35050e-02  9.26460e-01 
 0.00000e+00  7.81929e-02 -5.11911e-02  9.29520e-01 
 0.00000e+00  7.06392e-02 -4.88106e-02  9.32760e-01 
 0.00000e+00  6.33897e-02 -4.63662e-02  9.36180e-01 
 0.00000e+00  5.64507e-02 -4.38552e-02  9.39780e-01 
 0.00000e+00  4.98267e-02 -4.12713e-02  9.43560e-01 
 0.00000e+00  4.35222e-02 -3.86172e-02  9.47430e-01 
 0.00000e+00  3.75426e-02 -3.58956e-02  9.51480e-01 
 0.00000e+00  3.18924e-02 -3.31101e-02  9.55710e-01 
 0.00000e+00  2.65734e-02 -3.02697e-02  9.60030e-01 
 0.00000e+00  2.15847e-02 -2.73915e-02  9.64440e-01 
 0.00000e+00  1.69605e-02 -2.44323e-02  9.68940e-01 
 0.00000e+00  1.27962e-02 -2.12868e-02  9.73440e-01 
 0.00000e+00  9.13770e-03 -1.79550e-02  9.77940e-01 
 0.00000e+00  5.96844e-03 -1.45125e-02  9.82530e-01 
 0.00000e+00  3.36672e-03 -1.09548e-02  9.87030e-01 
 0.00000e+00  1.47150e-03 -7.27821e-03  9.91440e-01 
 0.00000e+00  3.52197e-04 -3.57831e-03  9.95670e-01 
 0.00000e+00  0.00000e+00  0.00000e+00  9.99540e-01 
 9.00000e-01  3.52197e-04  3.57831e-03  1.00332e+00 
 9.00000e-01  1.47150e-03  7.27821e-03  1.00755e+00 
 9.00000e-01  3.36672e-03  1.09548e-02  1.01196e+00 
 9.00000e-01  5.96844e-03  1.45125e-02  1.01646e+00 
 9.00000e-01  9.13770e-03  1.79550e-02  1.02105e+00 
 9.00000e-01  1.27962e-02  2.12868e-02  1.02555e+00 
 9.00000e-01  1.69605e-02  2.44323e-02  1.03005e+00 
 9.00000e-01  2.15847e-02  2.73915e-02  1.03455e+00 
 9.00000e-01  2.65734e-02  3.02697e-02  1.03896e+00 
 9.00000e-01  3.18924e-02  3.31101e-02  1.04328e+00 
 9.00000e-01  3.75426e-02  3.58956e-02  1.04751e+00 
 9.00000e-01  4.35222e-02  3.86172e-02  1.05156e+00 
 9.00000e-01  4.98267e-02  4.12713e-02  1.05552e+00 
 9.00000e-01  5.64507e-02  4.38552e-02  1.05921e+00 
 9.00000e-01  6.33897e-02  4.63662e-02  1.06281e+00 
 9.00000e-01  7.06392e-02  4.88106e-02  1.06632e+00 
 9.00000e-01  7.81929e-02  5.11911e-02  1.06956e+00 
 9.00000e-01  8.60490e-02  5.35050e-02  1.07253e+00 
 9.00000e-01  9.42030e-02  5.57505e-02  1.07541e+00 
 9.00000e-01  1.02663e-01  5.79258e-02  1.07811e+00 
 9.00000e-01  1.11411e-01  6.00255e-02  9.26100e-01 
 9.00000e-01  1.22832e-01  6.25581e-02  9.29610e-01 
 9.00000e-01  1.36953e-01  6.54012e-02  9.33930e-01 
 9.00000e-01  1.53783e-01  6.84324e-02  9.39150e-01 
 9.00000e-01  1.73340e-01  7.14969e-02  9.45090e-01 
 9.00000e-01  1.95651e-01  7.44201e-02  9.51930e-01 
 9.00000e-01  2.20716e-01  7.70238e-02  9.59580e-01 
 9.00000e-01  2.48535e-01  7.91271e-02  9.68130e-01 
 9.00000e-01  2.79099e-01  8.05437e-02  9.77490e-01 
 9.00000e-01  3.15090e-01  8.09991e-02  9.88560e-01 
 9.00000e-01  3.51081e-01  8.00424e-02  9.99540e-01 
 9.00000e-01  3.87009e-01  7.78491e-02  1.01052e+00 
 9.00000e-01  4.22865e-01  7.45848e-02  1.02150e+00 
 9.00000e-01  4.58613e-01  7.03890e-02  1.03248e+00 
 9.00000e-01  4.94271e-01  6.54129e-02  1.04337e+00 
 9.00000e-01  5.29830e-01  5.98023e-02  1.05426e+00 
 9.00000e-01  5.65308e-01  5.36796e-02  1.06515e+00 
 9.00000e-01  6.00714e-01  4.71789e-02  1.07604e+00 
 9.00000e-01  6.36075e-01  4.04244e-02  9.56700e-01 
 9.00000e-01  6.71409e-01  3.35484e-02  9.67500e-01 
 9.00000e-01  7.06761e-01  2.67264e-02  9.78300e-01 
 9.00000e-01  7.42149e-01  2.01222e-02  9.89190e-01 
 9.00000e-01  7.73172e-01  1.46979e-02  9.98640e-01 
 9.00000e-01  7.99830e-01  1.04112e-02  1.00683e+00 
 9.00000e-01  8.26542e-01  6.47676e-03  1.01502e+00 
 9.00000e-01  8.48880e-01  3.73860e-03  1.02186e+00 
 9.00000e-01  8.71299e-01  1.84230e-03  1.02870e+00 
 0.00000e+00 -2.85000e+00 -1.50000e+00  7.27000e-01 
 0.00000e+00 -2.55000e+00 -1.50000e+00  7.27000e-01 
 0.00000e+00 -2.35000e+00 -1.50000e+00  7.27000e-01 
 0.00000e+00 -2.15000e+00 -1.50000e+00  7.27000e-01 
 0.00000e+00 -1.95000e+00 -1.50000e+00  7.27000e-01 
 0.00000e+00 -1.85000e+00 -1.50000e+00  7.27000e-01 
 0.00000e+00 -1.75000e+00 -1.50000e+00  7.27000e-01 
 0.00000e+00 -1.65000e+00 -1.50000e+00  7.27000e-01 
 0.00000e+00 -1.55000e+00 -1.50000e+00  7.27000e-01 
 0.00000e+00 -1.45000e+00 -1.50000e+00  7.27000e-01 
 0.00000e+00 -1.35000e+00 -1.50000e+00  7.27000e-01 
 0.00000e+00 -1.25000e+00 -1.50000e+00  7.27000e-01 
 0.00000e+00 -1.15000e+00 -1.50000e+00  7.27000e-01 
 0.00000e+00 -1.05000e+00 -1.50000e+00  7.27000e-01 
 0.00000e+00 -9.50000e-01 -1.50000e+00  7.27000e-01 
 0.00000e+00 -8.50000e-01 -1.50000e+00  7.27000e-01 
 0.00000e+00 -7.50000e-01 -1.50000e+00  7.27000e-01 
 0.00000e+00 -6.50000e-01 -1.50000e+00  7.27000e-01 
 0.00000e+00 -5.50000e-01 -1.50000e+00  7.27000e-01 
 0.00000e+00 -4.50000e-01 -1.50000e+00  7.27000e-01 
 0.00000e+00 -3.50000e-01 -1.50000e+00  7.27000e-01 
 0.00000e+00 -2.50000e-01 -1.50000e+00  7.27000e-01 
 0.00000e+00 -1.50000e-01 -1.50000e+00  7.27000e-01 
 0.00000e+00 -5.00000e-02 -1.50000e+00  7.27000e-01 
 0.00000e+00  5.00000e-02 -1.50000e+00  7.27000e-01 
 0.00000e+00  1.50000e-01 -1.50000e+00  7.27000e-01 
 0.00000e+00  2.50000e-01 -1.50000e+00  7.27000e-01 
 0.00000e+00  3.50000e-01 -1.50000e+00  7.27000e-01 
 0.00000e+00  4.50000e-01 -1.50000e+00  7.27000e-01 
 0.00000e+00  5.50000e-01 -1.50000e+00  7.27000e-01 
 0.00000e+00  6.50000e-01 -1.50000e+00  7.27000e-01 
 0.00000e+00  7.50000e-01 -1.50000e+00  7.27000e-01 
 0.00000e+00  8.50000e-01 -1.50000e+00  7.27000e-01 
 0.00000e+00  9.50000e-01 -1.50000e+00  7.27000e-01 
 0.00000e+00  1.05000e+00 -1.50000e+00  7.27000e-01 
 0.00000e+00  1.15000e+00 -1.50000e+00  7.27000e-01 
 0.00000e+00  1.25000e+00 -1.50000e+00  7.27000e-01 
 0.00000e+00  1.35000e+00 -1.50000e+00  7.27000e-01 
 0.00000e+00  1.45000e+00 -1.50000e+00  7.27000e-01 
 0.00000e+00  1.55000e+00 -1.50000e+00  7.27000e-01 
 0.00000e+00  1.65000e+00 -1.50000e+00  7.27000e-01 
 0.00000e+00  1.75000e+00 -1.50000e+00  7.27000e-01 
 0.00000e+00  1.85000e+00 -1.50000e+00  7.27000e-01 
 0.00000e+00  1.95000e+00 -1.50000e+00  7.27000e-01 
 0.00000e+00  2.15000e+00 -1.50000e+00  7.27000e-01 
 0.00000e+00  2.35000e+00 -1.50000e+00  7.27000e-01 
 0.00000e+00  2.55000e+00 -1.50000e+00  7.27000e-01 
 0.00000e+00  2.85000e+00 -1.50000e+00  7.27000e-01 
 1.00000e+00 -2.85000e+00  1.50000e+00  7.27000e-01 
 1.00000e+00 -2.55000e+00  1.50000e+00  7.27000e-01 
 1.00000e+00 -2.35000e+00  1.50000e+00  7.27000e-01 
 1.00000e+00 -2.15000e+00  1.50000e+00  7.27000e-01 
 1.00000e+00 -1.95000e+00  1.50000e+00  7.27000e-01 
 1.00000e+00 -1.85000e+00  1.50000e+00  7.27000e-01 
 1.00000e+00 -1.75000e+00  1.50000e+00  7.27000e-01 
 1.00000e+00 -1.65000e+00  1.50000e+00  7.27000e-01 
 1.00000e+00 -1.55000e+00  1.50000e+00  7.27000e-01 
 1.00000e+00 -1.45000e+00  1.50000e+00  7.27000e-01 
 1.00000e+00 -1.35000e+00  1.50000e+00  7.27000e-01 
 1.00000e+00 -1.25000e+00  1.50000e+00  7.27000e-01 
 1.00000e+00 -1.15000e+00  1.50000e+00  7.27000e-01 
 1.00000e+00 -1.05000e+00  1.50000e+00  7.27000e-01 
 1.00000e+00 -9.50000e-01  1.50000e+00  7.27000e-01 
 1.00000e+00 -8.50000e-01  1.50000e+00  7.27000e-01 
 1.00000e+00 -7.50000e-01  1.50000e+00  7.27000e-01 
 1.00000e+00 -6.50000e-01  1.50000e+00  7.27000e-01 
 1.00000e+00 -5.50000e-01  1.50000e+00  7.27000e-01 
 1.00000e+00 -4.50000e-01  1.50000e+00  7.27000e-01 
 1.00000e+00 -3.50000e-01  1.50000e+00  7.27000e-01 
 1.00000e+00 -2.50000e-01  1.50000e+00  7.27000e-01 
 1.00000e+00 -1.50000e-01  1.50000e+00  7.27000e-01 
 1.00000e+00 -5.00000e-02  1.50000e+00  7.27000e-01 
 1.00000e+00  5.00000e-02  1.50000e+00  7.27000e-01 
 1.00000e+00  1.50000e-01  1.50000e+00  7.27000e-01 
 1.00000e+00  2.50000e-01  1.50000e+00  7.27000e-01 
 1.00000e+00  3.50000e-01  1.50000e+00  7.27000e-01 
 1.00000e+00  4.50000e-01  1.50000e+00  7.27000e-01 
 1.00000e+00  5.50000e-01  1.50000e+00  7.27000e-01 
 1.00000e+00  6.50000e-01  1.50000e+00  7.27000e-01 
 1.00000e+00  7.50000e-01  1.50000e+00  7.27000e-01 
 1.00000e+00  8.50000e-01  1.50000e+00  7.27000e-01 
 1.00000e+00  9.50000e-01  1.50000e+00  7.27000e-01 
 1.00000e+00  1.05000e+00  1.50000e+00  7.27000e-01 
 1.00000e+00  1.15000e+00  1.50000e+00  7.27000e-01 
 1.00000e+00  1.25000e+00  1.50000e+00  7.27000e-01 
 1.00000e+00  1.35000e+00  1.50000e+00  7.27000e-01 
 1.00000e+00  1.45000e+00  1.50000e+00  7.27000e-01 
 1.00000e+00  1.55000e+00  1.50000e+00  7.27000e-01 
 1.00000e+00  1.65000e+00  1.50000e+00  7.27000e-01 
 1.00000e+00  1.75000e+00  1.50000e+00  7.27000e-01 
 1.00000e+00  1.85000e+00  1.50000e+00  7.27000e-01 
 1.00000e+00  1.95000e+00  1.50000e+00  7.27000e-01 
 1.00000e+00  2.15000e+00  1.50000e+00  7.27000e-01 
 1.00000e+00  2.35000e+00  1.50000e+00  7.27000e-01 
 1.00000e+00  2.55000e+00  1.50000e+00  7.27000e-01 
 1.00000e+00  2.85000e+00  1.50000e+00  7.27000e-01 
 2.00000e+00 -2.85000e+00 -1.50000e+00  1.26700e+00 
 2.00000e+00 -1.95000e+00 -1.50000e+00  1.26700e+00 
 2.00000e+00 -1.35000e+00 -1.50000e+00  1.26700e+00 
 2.00000e+00 -9.50000e-01 -1.50000e+00  1.26700e+00 
 2.00000e+00 -6.50000e-01 -1.50000e+00  1.26700e+00 
 2.00000e+00 -4.50000e-01 -1.50000e+00  1.26700e+00 
 2.00000e+00 -2.50000e-01 -1.50000e+00  1.26700e+00 
 2.00000e+00 -5.00000e-02 -1.50000e+00  1.26700e+00 
 2.00000e+00  5.00000e-02 -1.50000e+00  1.26700e+00 
 2.00000e+00  2.50000e-01 -1.50000e+00  1.26700e+00 
 2.00000e+00  4.50000e-01 -1.50000e+00  1.26700e+00 
 2.00000e+00  6.50000e-01 -1.50000e+00  1.26700e+00 
 2.00000e+00  9.50000e-01 -1.50000e+00  1.26700e+00 
 2.00000e+00  1.35000e+00 -1.50000e+00  1.26700e+00 
 2.00000e+00  1.95000e+00 -1.50000e+00  1.26700e+00 
 2.00000e+00  2.85000e+00 -1.50000e+00  1.26700e+00 
 3.00000e+00 -2.85000e+00  1.50000e+00  1.26700e+00 
 3.00000e+00 -1.95000e+00  1.50000e+00  1.26700e+00 
 3.00000e+00 -1.35000e+00  1.50000e+00  1.26700e+00 
 3.00000e+00 -9.50000e-01  1.50000e+00  1.26700e+00 
 3.00000e+00 -6.50000e-01  1.50000e+00  1.26700e+00 
 3.00000e+00 -4.50000e-01  1.50000e+00  1.26700e+00 
 3.00000e+00 -2.50000e-01  1.50000e+00  1.26700e+00 
 3.00000e+00 -5.00000e-02  1.50000e+00  1.26700e+00 
 3.00000e+00  5.00000e-02  1.50000e+00  1.26700e+00 
 3.00000e+00  2.50000e-01  1.50000e+00  1.26700e+00 
 3.00000e+00  4.50000e-01  1.50000e+00  1.26700e+00 
 3.00000e+00  6.50000e-01  1.50000e+00  1.26700e+00 
 3.00000e+00  9.50000e-01  1.50000e+00  1.26700e+00 
 3.00000e+00  1.35000e+00  1.50000e+00  1.26700e+00 
 3.00000e+00  1.95000e+00  1.50000e+00  1.26700e+00 
 3.00000e+00  2.85000e+00  1.50000e+00  1.26700e+00 
 0.00000e+00  0.00000e+00 -3.47500e-01  0.00000e+00 
 0.00000e+00  0.00000e+00 -3.17500e-01  0.00000e+00 
 0.00000e+00  0.00000e+00 -2.87500e-01  0.00000e+00 
 0.00000e+00  0.00000e+00 -2.67500e-01  0.00000e+00 
 0.00000e+00  0.00000e+00 -2.47500e-01  0.00000e+00 
 0.00000e+00  0.00000e+00 -2.32500e-01  0.00000e+00 
 0.00000e+00  0.00000e+00 -2.17500e-01  0.00000e+00 
 0.00000e+00  0.00000e+00 -2.07500e-01  0.00000e+00 
 0.00000e+00  0.00000e+00 -1.97500e-01  0.00000e+00 
 0.00000e+00  0.00000e+00 -1.92500e-01  0.00000e+00 
 0.00000e+00  0.00000e+00 -1.87500e-01  0.00000e+00 
 0.00000e+00  0.00000e+00 -1.82500e-01  0.00000e+00 
 0.00000e+00  0.00000e+00 -1.77500e-01  0.00000e+00 
 0.00000e+00  0.00000e+00 -1.72500e-01  0.00000e+00 
 0.00000e+00  0.00000e+00 -1.67500e-01  0.00000e+00 
 0.00000e+00  0.00000e+00 -1.62500e-01  0.00000e+00 
 0.00000e+00  0.00000e+00 -1.57500e-01  0.00000e+00 
 0.00000e+00  0.00000e+00 -1.52500e-01  0.00000e+00 
 0.00000e+00  0.00000e+00 -1.47500e-01  0.00000e+00 
 0.00000e+00  0.00000e+00 -1.42500e-01  0.00000e+00 
 0.00000e+00  0.00000e+00 -1.37500e-01  0.00000e+00 
 0.00000e+00  0.00000e+00 -1.32500e-01  0.00000e+00 
 0.00000e+00  0.00000e+00 -1.27500e-01  0.00000e+00 
 0.00000e+00  0.00000e+00 -1.22500e-01  0.00000e+00 
 0.00000e+00  0.00000e+00 -1.17500e-01  0.00000e+00 
 0.00000e+00  0.00000e+00 -1.12500e-01  0.00000e+00 
 0.00000e+00  0.00000e+00 -1.07500e-01  0.00000e+00 
 0.00000e+00  0.00000e+00 -1.02500e-01  0.00000e+00 
 0.00000e+00  0.00000e+00 -9.75000e-02  0.00000e+00 
 0.00000e+00  0.00000e+00 -9.25000e-02  0.00000e+00 
 0.00000e+00  0.00000e+00 -8.75000e-02  0.00000e+00 
 0.00000e+00  0.00000e+00 -8.25000e-02  0.00000e+00 
 0.00000e+00  0.00000e+00 -7.75000e-02  0.00000e+00 
 0.00000e+00  0.00000e+00 -7.25000e-02  0.00000e+00 
 0.00000e+00  0.00000e+00 -6.75000e-02  0.00000e+00 
 0.00000e+00  0.00000e+00 -6.25000e-02  0.00000e+00 
 0.00000e+00  0.00000e+00 -5.75000e-02  0.00000e+00 
 0.00000e+00  0.00000e+00 -5.25000e-02  0.00000e+00 
 0.00000e+00  0.00000e+00 -4.75000e-02  0.00000e+00 
 0.00000e+00  0.00000e+00 -4.25000e-02  0.00000e+00 
 0.00000e+00  0.00000e+00 -3.75000e-02  0.00000e+00 
 0.00000e+00  0.00000e+00 -3.25000e-02  0.00000e+00 
 0.00000e+00  0.00000e+00 -2.75000e-02  0.00000e+00 
 0.00000e+00  0.00000e+00 -2.25000e-02  0.00000e+00 
 0.00000e+00  0.00000e+00 -1.75000e-02  0.00000e+00 
 0.00000e+00  0.00000e+00 -1.25000e-02  0.00000e+00 
 0.00000e+00  0.00000e+00 -7.50000e-03  0.00000e+00 
 0.00000e+00  0.00000e+00 -2.50000e-03  0.00000e+00 
 0.00000e+00  0.00000e+00  2.50000e-03  0.00000e+00 
 0.00000e+00  0.00000e+00  7.50000e-03  0.00000e+00 
 0.00000e+00  0.00000e+00  1.25000e-02  0.00000e+00 
 0.00000e+00  0.00000e+00  1.75000e-02  0.00000e+00 
 0.00000e+00  0.00000e+00  2.25000e-02  0.00000e+00 
 0.00000e+00  0.00000e+00  2.75000e-02  0.00000e+00 
 0.00000e+00  0.00000e+00  3.25000e-02  0.00000e+00 
 0.00000e+00  0.00000e+00  3.75000e-02  0.00000e+00 
 0.00000e+00  0.00000e+00  4.25000e-02  0.00000e+00 
 0.00000e+00  0.00000e+00  4.75000e-02  0.00000e+00 
 0.00000e+00  0.00000e+00  5.25000e-02  0.00000e+00 
 0.00000e+00  0.00000e+00  5.75000e-02  0.00000e+00 
 0.00000e+00  0.00000e+00  6.25000e-02  0.00000e+00 
 0.00000e+00  0.00000e+00  6.75000e-02  0.00000e+00 
 0.00000e+00  0.00000e+00  7.25000e-02  0.00000e+00 
 0.00000e+00  0.00000e+00  7.75000e-02  0.00000e+00 
 0.00000e+00  0.00000e+00  8.25000e-02  0.00000e+00 
 0.00000e+00  0.00000e+00  8.75000e-02  0.00000e+00 
 0.00000e+00  0.00000e+00  9.25000e-02  0.00000e+00 
 0.00000e+00  0.00000e+00  9.75000e-02  0.00000e+00 
 0.00000e+00  0.00000e+00  1.02500e-01  0.00000e+00 
 0.00000e+00  0.00000e+00  1.07500e-01  0.00000e+00 
 0.00000e+00  0.00000e+00  1.12500e-01  0.00000e+00 
 0.00000e+00  0.00000e+00  1.17500e-01  0.00000e+00 
 0.00000e+00  0.00000e+00  1.22500e-01  0.00000e+00 
 0.00000e+00  0.00000e+00  1.27500e-01  0.00000e+00 
 0.00000e+00  0.00000e+00  1.32500e-01  0.00000e+00 
 0.00000e+00  0.00000e+00  1.37500e-01  0.00000e+00 
 0.00000e+00  0.00000e+00  1.42500e-01  0.00000e+00 
 0.00000e+00  0.00000e+00  1.47500e-01  0.00000e+00 
 0.00000e+00  0.00000e+00  1.52500e-01  0.00000e+00 
 0.00000e+00  0.00000e+00  1.57500e-01  0.00000e+00 
 0.00000e+00  0.00000e+00  1.62500e-01  0.00000e+00 
 0.00000e+00  0.00000e+00  1.67500e-01  0.00000e+00 
 0.00000e+00  0.00000e+00  1.72500e-01  0.00000e+00 
 0.00000e+00  0.00000e+00  1.77500e-01  0.00000e+00 
 0.00000e+00  0.00000e+00  1.82500e-01  0.00000e+00 
 0.00000e+00  0.00000e+00  1.87500e-01  0.00000e+00 
 0.00000e+00  0.00000e+00  1.92500e-01  0.00000e+00 
 0.00000e+00  0.00000e+00  1.97500e-01  0.00000e+00 
 0.00000e+00  0.00000e+00  2.07500e-01  0.00000e+00 
 0.00000e+00  0.00000e+00  2.17500e-01  0.00000e+00 
 0.00000e+00  0.00000e+00  2.32500e-01  0.00000e+00 
 0.00000e+00  0.00000e+00  2.47500e-01  0.00000e+00 
 0.00000e+00  0.00000e+00  2.67500e-01  0.00000e+00 
 0.00000e+00  0.00000e+00  2.87500e-01  0.00000e+00 
 0.00000e+00  0.00000e+00  3.17500e-01  0.00000e+00 
 0.00000e+00  0.00000e+00  3.47500e-01  0.00000e+00 
