 9.70922e-01  5.97132e+00  1.29707e+01 
 4.90901e+01  4.88256e+01  4.86785e+01 
 9.03451e+00  9.17566e+00  9.54001e+00 
 3.15465e+06  3.13508e+06  3.11888e+06 
 1.51459e+03  1.49767e+03  1.48695e+03 
 1.02143e+05  1.02149e+05  1.02156e+05 
 1.73711e+02  1.61017e+02 -3.25893e+02 
 2.93297e+02  3.22220e+02  1.28012e+02 
 2.82010e+02  3.26060e+02  1.94873e+02 
 2.45359e+02  3.00860e+02  2.08948e+02 
 1.91015e+02  2.59370e+02  2.05587e+02 
 1.45997e+02  2.30039e+02  2.14521e+02 
 8.14719e+01  1.82603e+02  2.05412e+02 
-2.46661e+00  1.20564e+02  1.59736e+02 
-8.62321e+01  6.11352e+01  1.27038e+02 
-1.77724e+02 -2.78695e+00  1.02445e+02 
-2.75317e+02 -6.31778e+01  6.67618e+01 
-3.67621e+02 -1.33830e+02  4.24847e+01 
-4.54505e+02 -2.23556e+02  2.14301e+01 
-5.24723e+02 -2.72245e+02  6.97131e+00 
-6.91564e+02 -3.22805e+02 -2.32709e+00 
-7.58606e+02 -3.64053e+02  2.11620e+00 
-8.25802e+02 -3.94106e+02  2.20601e+01 
-8.83964e+02 -4.05281e+02  6.12899e+01 
-9.27974e+02 -3.97627e+02  1.17972e+02 
-9.18217e+02 -3.41209e+02  2.16492e+02 
-8.97055e+02 -2.78437e+02  3.14391e+02 
-8.74816e+02 -2.14287e+02  4.12603e+02 
-8.44013e+02 -1.42187e+02  5.12123e+02 
-8.01254e+02 -6.15600e+01  6.15330e+02 
-7.58516e+02  1.68741e+01  7.11768e+02 
-7.11613e+02  1.01187e+02  8.06694e+02 
-6.76028e+02  1.67678e+02  8.86336e+02 
-6.41573e+02  2.31578e+02  9.57630e+02 
-6.10272e+02  2.86204e+02  1.01343e+03 
-5.68528e+02  3.48339e+02  1.07305e+03 
-5.29879e+02  4.11607e+02  1.13409e+03 
-4.91957e+02  4.74050e+02  1.19192e+03 
-4.47915e+02  5.43564e+02  1.25160e+03 
-4.01534e+02  6.15036e+02  1.30845e+03 
-3.43329e+02  6.95417e+02  1.36413e+03 
-2.81172e+02  7.79272e+02  1.41354e+03 
-2.05298e+02  8.70335e+02  1.45632e+03 
-1.18650e+02  9.66601e+02  1.48497e+03 
-2.65441e+01  1.06332e+03  1.49583e+03 
 7.85326e+01  1.16727e+03  1.48430e+03 
 1.68511e+02  1.26179e+03  1.42896e+03 
 2.73425e+02  1.35831e+03  1.30104e+03 
 4.48124e+02  1.44823e+03  1.06220e+03 
 6.71969e+02  1.49591e+03  6.65647e+02 
 9.11779e+02  1.47112e+03  1.84576e+00 
 1.15376e+03  1.31132e+03 -1.05740e+03 
 1.38802e+03  9.22152e+02 -2.59311e+03 
 1.50447e+03  3.15530e+02 -4.32703e+03 
 1.47391e+03 -4.63227e+02 -6.08186e+03 
 1.26738e+03 -1.33496e+03 -7.58039e+03 
 9.24736e+02 -2.15253e+03 -8.64064e+03 
 5.47605e+02 -2.63071e+03 -8.70884e+03 
 2.21017e+02 -2.87279e+03 -8.35743e+03 
-3.67526e+01 -2.95449e+03 -7.84386e+03 
-2.94769e+02 -3.08332e+03 -7.47515e+03 
-4.53041e+02 -3.02383e+03 -7.07890e+03 
-5.07208e+02 -2.82569e+03 -6.70853e+03 
-5.59334e+02 -2.68372e+03 -5.41187e+03 
-6.26586e+02 -2.60255e+03 -5.20816e+03 
-7.00924e+02 -2.55048e+03 -4.98512e+03 
-7.65571e+02 -2.50635e+03 -4.75947e+03 
-8.17638e+02 -2.46235e+03 -4.54633e+03 
-8.60612e+02 -2.41611e+03 -4.35000e+03 
-8.93344e+02 -2.36623e+03 -4.15465e+03 
-9.21644e+02 -2.32115e+03 -3.99181e+03 
-9.50891e+02 -2.28188e+03 -3.83829e+03 
-9.75192e+02 -2.24562e+03 -3.69821e+03 
-9.97992e+02 -2.21574e+03 -3.56678e+03 
-1.01899e+03 -2.17482e+03 -3.44284e+03 
-1.03556e+03 -2.10611e+03 -3.28049e+03 
-1.05510e+03 -2.04935e+03 -3.14616e+03 
-1.07843e+03 -2.02705e+03 -3.00018e+03 
-1.09816e+03 -1.99191e+03 -2.84426e+03 
-1.12256e+03 -1.95550e+03 -2.69308e+03 
-1.14079e+03 -1.90730e+03 -2.52891e+03 
-1.14865e+03 -1.84999e+03 -2.35669e+03 
-1.15345e+03 -1.79336e+03 -2.18126e+03 
-1.15216e+03 -1.73588e+03 -2.00008e+03 
-1.13791e+03 -1.65145e+03 -1.77725e+03 
-1.07858e+03 -1.52130e+03 -1.51718e+03 
-1.00106e+03 -1.37828e+03 -1.26316e+03 
-9.26667e+02 -1.23157e+03 -1.04300e+03 
-7.48978e+02 -1.07601e+03 -8.67600e+02 
-6.61788e+02 -9.23202e+02 -7.48291e+02 
-5.55656e+02 -7.72761e+02 -6.73355e+02 
-4.45206e+02 -6.28141e+02 -6.26029e+02 
-3.73320e+02 -5.19322e+02 -5.92171e+02 
-2.33533e+02 -3.70796e+02 -6.35428e+02 
-1.35151e+02 -2.53434e+02 -6.11145e+02 
-3.57660e+01 -1.46915e+02 -5.80783e+02 
 7.69464e+00 -7.31933e+01 -5.54366e+02 
 1.14792e+02  1.32381e+01 -5.32394e+02 
 1.64355e+02  6.46624e+01 -5.09851e+02 
 2.13049e+02  1.12495e+02 -4.88493e+02 
 2.45148e+02  1.45697e+02 -4.67024e+02 
 2.60283e+02  1.72246e+02 -4.38176e+02 
-5.35067e+01 -3.25365e+01  5.86027e+00 
-6.46033e+01 -3.78245e+01  5.54112e+00 
-6.33596e+01 -3.17601e+01  1.58843e+01 
-6.14193e+01 -2.40586e+01  2.88881e+01 
-6.04128e+01 -1.58965e+01  4.29957e+01 
-6.01703e+01 -1.16455e+01  5.06784e+01 
-6.16725e+01 -8.96062e+00  5.72315e+01 
-6.69039e+01 -9.08771e+00  6.12703e+01 
-7.34858e+01 -1.00232e+01  6.48362e+01 
-6.57755e+01  2.30780e+00  8.10889e+01 
-6.23758e+01  1.10056e+01  9.39660e+01 
-5.96286e+01  1.92394e+01  1.06794e+02 
-6.53942e+01  2.01299e+01  1.12720e+02 
-6.49150e+01  2.65353e+01  1.23571e+02 
-7.00343e+01  2.78689e+01  1.29944e+02 
-7.41895e+01  2.99683e+01  1.36366e+02 
-9.29347e+01  1.96195e+01  1.32261e+02 
-8.79608e+01  2.84199e+01  1.43589e+02 
-9.31438e+01  2.88236e+01  1.47250e+02 
-9.63465e+01  2.95912e+01  1.50119e+02 
-9.55889e+01  3.29352e+01  1.54463e+02 
-1.01837e+02  2.94624e+01  1.52218e+02 
-1.06903e+02  2.58039e+01  1.48439e+02 
-1.21453e+02  1.22217e+01  1.34730e+02 
-1.04075e+02  2.57201e+01  1.43832e+02 
-1.01714e+02  2.50918e+01  1.39561e+02 
-9.77874e+01  2.50786e+01  1.35326e+02 
-9.76309e+01  2.07076e+01  1.26342e+02 
-9.47387e+01  1.84470e+01  1.19099e+02 
-9.03689e+01  1.67631e+01  1.11696e+02 
-8.87069e+01  1.22168e+01  1.01987e+02 
-9.08338e+01  4.05619e+00  8.83281e+01 
-9.18324e+01 -3.18163e+00  7.58479e+01 
-8.37270e+01 -1.76878e+00  7.16708e+01 
-8.80932e+01 -1.20778e+01  5.66004e+01 
-8.09133e+01 -1.13813e+01  5.21926e+01 
-7.95513e+01 -1.54682e+01  4.34805e+01 
-8.06343e+01 -2.17586e+01  3.30255e+01 
-7.67970e+01 -2.31105e+01  2.73689e+01 
-7.57910e+01 -2.71293e+01  1.96814e+01 
-6.96403e+01 -2.54160e+01  1.75476e+01 
-7.10137e+01 -3.06972e+01  8.97042e+00 
-7.20198e+01 -3.55316e+01  1.12699e+00 
-7.79478e+01 -4.47517e+01 -1.09599e+01 
-8.19218e+01 -5.48864e+01 -2.59594e+01 
-9.46623e+01 -7.32473e+01 -4.86027e+01 
-1.00775e+02 -8.42149e+01 -6.33042e+01 
-1.06107e+02 -9.65253e+01 -8.01443e+01 
-6.30404e+01 -7.47330e+01 -6.79277e+01 
-6.81283e+01 -8.57911e+01 -8.48328e+01 
-7.01044e+01 -9.27935e+01 -9.68866e+01 
-7.12502e+01 -1.00187e+02 -1.10564e+02 
-7.78936e+01 -1.14348e+02 -1.32402e+02 
-7.89671e+01 -1.19678e+02 -1.42015e+02 
-8.17018e+01 -1.27083e+02 -1.54459e+02 
-8.71047e+01 -1.37600e+02 -1.70494e+02 
-9.07216e+01 -1.46719e+02 -1.85528e+02 
-9.94503e+01 -1.61694e+02 -2.07108e+02 
-1.03105e+02 -1.71990e+02 -2.24728e+02 
-1.01524e+02 -1.76957e+02 -2.37078e+02 
-1.06650e+02 -1.89943e+02 -2.56995e+02 
-1.09558e+02 -1.99924e+02 -2.75641e+02 
-1.10845e+02 -2.08510e+02 -2.92609e+02 
-1.19633e+02 -2.24709e+02 -3.18804e+02 
-1.24293e+02 -2.36374e+02 -3.38990e+02 
-1.27074e+02 -2.45883e+02 -3.56531e+02 
-1.31089e+02 -2.55472e+02 -3.73497e+02 
-1.38755e+02 -2.68762e+02 -3.93388e+02 
-1.46065e+02 -2.79545e+02 -4.09978e+02 
-1.49733e+02 -2.85996e+02 -4.19743e+02 
-1.58314e+02 -2.96370e+02 -4.33323e+02 
-1.60367e+02 -2.97841e+02 -4.34978e+02 
-1.61069e+02 -2.96545e+02 -4.32766e+02 
-1.56721e+02 -2.88988e+02 -4.22242e+02 
-1.52676e+02 -2.80234e+02 -4.09476e+02 
-1.54088e+02 -2.76637e+02 -4.01445e+02 
-1.42719e+02 -2.57946e+02 -3.76100e+02 
-1.39412e+02 -2.48345e+02 -3.59780e+02 
-1.32386e+02 -2.34144e+02 -3.38292e+02 
-1.27063e+02 -2.21418e+02 -3.17843e+02 
-1.28208e+02 -2.17113e+02 -3.05657e+02 
-1.21197e+02 -2.03001e+02 -2.84029e+02 
-1.17330e+02 -1.91723e+02 -2.67510e+02 
-1.10633e+02 -1.78664e+02 -2.45776e+02 
-1.05173e+02 -1.67082e+02 -2.28730e+02 
-1.07130e+02 -1.63569e+02 -2.19152e+02 
-1.06709e+02 -1.57510e+02 -2.07166e+02 
-9.78260e+01 -1.43612e+02 -1.87818e+02 
-9.56842e+01 -1.37188e+02 -1.76607e+02 
-9.68534e+01 -1.34261e+02 -1.69315e+02 
-9.21405e+01 -1.25687e+02 -1.56787e+02 
-9.21158e+01 -1.21915e+02 -1.49269e+02 
-9.06319e+01 -1.13988e+02 -1.34957e+02 
-8.32830e+01 -1.01587e+02 -1.17429e+02 
-8.82065e+01 -1.01766e+02 -1.13010e+02 
-9.01334e+01 -9.80652e+01 -1.03797e+02 
-5.63496e+01 -3.54021e+01  3.13002e+00 
-6.30270e+01 -1.83006e+01  4.08975e+01 
-5.98668e+01  1.32038e+01  9.63539e+01 
-7.19136e+01  2.60981e+01  1.29358e+02 
-8.35447e+01  3.29262e+01  1.48770e+02 
-8.96580e+01  3.56508e+01  1.57213e+02 
-9.75011e+01  3.33017e+01  1.57452e+02 
-9.85969e+01  3.22927e+01  1.54074e+02 
-1.04829e+02  2.51934e+01  1.45399e+02 
-9.62132e+01  2.64986e+01  1.38865e+02 
-9.80934e+01  1.54123e+01  1.18423e+02 
-8.97241e+01  1.13215e+01  1.03077e+02 
-8.54832e+01 -3.15602e+00  7.18231e+01 
-7.34957e+01 -1.49770e+01  4.01025e+01 
-7.66328e+01 -4.36118e+01 -9.77090e+00 
-1.03001e+02 -9.33382e+01 -7.77713e+01 
-6.35757e+01 -7.52061e+01 -6.86340e+01 
-7.66494e+01 -1.12985e+02 -1.31441e+02 
-9.36033e+01 -1.62004e+02 -2.15163e+02 
-1.12857e+02 -2.10933e+02 -2.97896e+02 
-1.28459e+02 -2.46243e+02 -3.59227e+02 
-1.37434e+02 -2.66602e+02 -3.93654e+02 
-1.50591e+02 -2.86800e+02 -4.23159e+02 
-1.58327e+02 -2.95125e+02 -4.34204e+02 
-1.57198e+02 -2.92307e+02 -4.30231e+02 
-1.53777e+02 -2.81650e+02 -4.12676e+02 
-1.44725e+02 -2.60728e+02 -3.80001e+02 
-1.34649e+02 -2.37197e+02 -3.42171e+02 
-1.18477e+02 -1.99822e+02 -2.82472e+02 
-1.03216e+02 -1.59727e+02 -2.15149e+02 
-8.71496e+01 -1.17382e+02 -1.44296e+02 
-8.82927e+01 -9.60291e+01 -1.01158e+02 
 1.51123e+03  1.49792e+03  1.49823e+03 
 1.51121e+03  1.49733e+03  1.49772e+03 
 1.51248e+03  1.49833e+03  1.49839e+03 
 1.51178e+03  1.49758e+03  1.49704e+03 
 1.51207e+03  1.49797e+03  1.49529e+03 
 1.51042e+03  1.49629e+03  1.48940e+03 
 1.51151e+03  1.49794e+03  1.48334e+03 
 1.51060e+03  1.49674e+03  1.47468e+03 
 1.51253e+03  1.49885e+03  1.46648e+03 
 1.51113e+03  1.49747e+03  1.45899e+03 
 1.51236e+03  1.49865e+03  1.45508e+03 
 1.51117e+03  1.49757e+03  1.44671e+03 
 1.51297e+03  1.49934e+03  1.43798e+03 
 1.51067e+03  1.49715e+03  1.43182e+03 
 1.51216e+03  1.49845e+03  1.42060e+03 
 1.51113e+03  1.49718e+03  1.41316e+03 
 1.51192e+03  1.49806e+03  1.40556e+03 
 1.51110e+03  1.49708e+03  1.39343e+03 
 1.51248e+03  1.49856e+03  1.38841e+03 
 1.51122e+03  1.49733e+03  1.37920e+03 
 1.51204e+03  1.49776e+03  1.37121e+03 
 1.51120e+03  1.49697e+03  1.36370e+03 
 1.51232e+03  1.49810e+03  1.35688e+03 
 1.51185e+03  1.49741e+03  1.34995e+03 
 1.51153e+03  1.49733e+03  1.34581e+03 
 1.51181e+03  1.49736e+03  1.34130e+03 
 1.51231e+03  1.49794e+03  1.33874e+03 
 1.51247e+03  1.49795e+03  1.33371e+03 
 1.51170e+03  1.49713e+03  1.33187e+03 
 1.51110e+03  1.49657e+03  1.33045e+03 
 1.51170e+03  1.49726e+03  1.32947e+03 
 1.51081e+03  1.49568e+03  1.32922e+03 
 1.51227e+03  1.49676e+03  1.33129e+03 
 1.51186e+03  1.49538e+03  1.33250e+03 
 1.51181e+03  1.49274e+03  1.33351e+03 
 1.51171e+03  1.48923e+03  1.33419e+03 
 1.51037e+03  1.48369e+03  1.33659e+03 
 1.50755e+03  1.47462e+03  1.33994e+03 
 1.50214e+03  1.46467e+03  1.34139e+03 
 1.48968e+03  1.44898e+03  1.34237e+03 
 1.47780e+03  1.43533e+03  1.34455e+03 
 1.45188e+03  1.41321e+03  1.34800e+03 
 1.42835e+03  1.39353e+03  1.35164e+03 
 1.40066e+03  1.37296e+03  1.35269e+03 
 1.37002e+03  1.34965e+03  1.35553e+03 
 1.35484e+03  1.33879e+03  1.35726e+03 
 1.33900e+03  1.32402e+03  1.36167e+03 
 1.33202e+03  1.31365e+03  1.36178e+03 
 1.33508e+03  1.30632e+03  1.36430e+03 
 1.34649e+03  1.30573e+03  1.36618e+03 
 1.36835e+03  1.30973e+03  1.36775e+03 
 1.39076e+03  1.31822e+03  1.36965e+03 
 1.41878e+03  1.33133e+03  1.37143e+03 
 1.44166e+03  1.34602e+03  1.37246e+03 
 1.46617e+03  1.36272e+03  1.37394e+03 
 1.48292e+03  1.38117e+03  1.37381e+03 
 1.49595e+03  1.40000e+03  1.37609e+03 
 1.50346e+03  1.41720e+03  1.37742e+03 
 1.50886e+03  1.43779e+03  1.37845e+03 
 1.50982e+03  1.45041e+03  1.37816e+03 
 1.51043e+03  1.46447e+03  1.38159e+03 
 1.51102e+03  1.47499e+03  1.38176e+03 
 1.51127e+03  1.48178e+03  1.38413e+03 
 1.51143e+03  1.48729e+03  1.38388e+03 
 1.51183e+03  1.49288e+03  1.38603e+03 
 1.51133e+03  1.49417e+03  1.38572e+03 
 1.51125e+03  1.49551e+03  1.38636e+03 
 1.51067e+03  1.49578e+03  1.38637e+03 
 1.50317e+03  1.48873e+03  1.37944e+03 
 1.51152e+03  1.49738e+03  1.38946e+03 
 1.51007e+03  1.49567e+03  1.38713e+03 
 1.51065e+03  1.49680e+03  1.38979e+03 
 1.51099e+03  1.49690e+03  1.38945e+03 
 1.51128e+03  1.49751e+03  1.39146e+03 
 1.51115e+03  1.49707e+03  1.39264e+03 
 1.51116e+03  1.49733e+03  1.39362e+03 
 1.51016e+03  1.49623e+03  1.39183e+03 
 1.51132e+03  1.49762e+03  1.39444e+03 
 1.51051e+03  1.49666e+03  1.39359e+03 
 1.51150e+03  1.49750e+03  1.39549e+03 
 1.51025e+03  1.49620e+03  1.39476e+03 
 1.51039e+03  1.49670e+03  1.39597e+03 
 1.51172e+03  1.49758e+03  1.39893e+03 
 1.51132e+03  1.49742e+03  1.39910e+03 
 1.51061e+03  1.49662e+03  1.39876e+03 
 1.51098e+03  1.49690e+03  1.40029e+03 
 1.51131e+03  1.49696e+03  1.40108e+03 
 1.51129e+03  1.49732e+03  1.40323e+03 
 1.51061e+03  1.49645e+03  1.40568e+03 
 1.51186e+03  1.49800e+03  1.41012e+03 
 1.51022e+03  1.49594e+03  1.41131e+03 
 1.51172e+03  1.49767e+03  1.41962e+03 
 1.51013e+03  1.49612e+03  1.42619e+03 
 1.51089e+03  1.49683e+03  1.43435e+03 
 1.51060e+03  1.49646e+03  1.44813e+03 
 1.50810e+03  1.49457e+03  1.45565e+03 
 1.80371e+02  1.06370e+03  1.86839e+03 
-2.71781e+01 -8.87831e+01 -5.48060e+02 
 1.27098e+02  7.57528e+02  1.35982e+03 
 4.38117e+01 -7.26875e+01 -8.20838e+01 
 0.00000e+00  9.00000e-01  0.00000e+00  9.99540e-01 
 0.00000e+00  8.71299e-01 -1.84230e-03  9.70290e-01 
 0.00000e+00  8.48880e-01 -3.73860e-03  9.77130e-01 
 0.00000e+00  8.26542e-01 -6.47676e-03  9.83970e-01 
 0.00000e+00  7.99830e-01 -1.04112e-02  9.92160e-01 
 0.00000e+00  7.73172e-01 -1.46979e-02  1.00035e+00 
 0.00000e+00  7.42149e-01 -2.01222e-02  1.00980e+00 
 0.00000e+00  7.06761e-01 -2.67264e-02  1.02069e+00 
 0.00000e+00  6.71409e-01 -3.35484e-02  1.03149e+00 
 0.00000e+00  6.36075e-01 -4.04244e-02  1.04229e+00 
 0.00000e+00  6.00714e-01 -4.71789e-02  9.23040e-01 
 0.00000e+00  5.65308e-01 -5.36796e-02  9.33840e-01 
 0.00000e+00  5.29830e-01 -5.98023e-02  9.44730e-01 
 0.00000e+00  4.94271e-01 -6.54129e-02  9.55620e-01 
 0.00000e+00  4.58613e-01 -7.03890e-02  9.66510e-01 
 0.00000e+00  4.22865e-01 -7.45848e-02  9.77490e-01 
 0.00000e+00  3.87009e-01 -7.78491e-02  9.88470e-01 
 0.00000e+00  3.51081e-01 -8.00424e-02  9.99450e-01 
 0.00000e+00  3.15090e-01 -8.09991e-02  1.01043e+00 
 0.00000e+00  2.79099e-01 -8.05437e-02  1.02150e+00 
 0.00000e+00  2.48535e-01 -7.91271e-02  1.03086e+00 
 0.00000e+00  2.20716e-01 -7.70238e-02  1.03941e+00 
 0.00000e+00  1.95651e-01 -7.44201e-02  1.04706e+00 
 0.00000e+00  1.73340e-01 -7.14969e-02  1.05390e+00 
 0.00000e+00  1.53783e-01 -6.84324e-02  1.05984e+00 
 0.00000e+00  1.36953e-01 -6.54012e-02  1.06506e+00 
 0.00000e+00  1.22832e-01 -6.25581e-02  1.06938e+00 
 0.00000e+00  1.11411e-01 -6.00255e-02  1.07289e+00 
 0.00000e+00  1.02663e-01 -5.79258e-02  9.20880e-01 
 0.00000e+00  9.42030e-02 -5.57505e-02  9.23580e-01 
 0.00000e+00  8.60490e-02 -5.35050e-02  9.26460e-01 
 0.00000e+00  7.81929e-02 -5.11911e-02  9.29520e-01 
 0.00000e+00  7.06392e-02 -4.88106e-02  9.32760e-01 
 0.00000e+00  6.33897e-02 -4.63662e-02  9.36180e-01 
 0.00000e+00  5.64507e-02 -4.38552e-02  9.39780e-01 
 0.00000e+00  4.98267e-02 -4.12713e-02  9.43560e-01 
 0.00000e+00  4.35222e-02 -3.86172e-02  9.47430e-01 
 0.00000e+00  3.75426e-02 -3.58956e-02  9.51480e-01 
 0.00000e+00  3.18924e-02 -3.31101e-02  9.55710e-01 
 0.00000e+00  2.65734e-02 -3.02697e-02  9.60030e-01 
 0.00000e+00  2.15847e-02 -2.73915e-02  9.64440e-01 
 0.00000e+00  1.69605e-02 -2.44323e-02  9.68940e-01 
 0.00000e+00  1.27962e-02 -2.12868e-02  9.73440e-01 
 0.00000e+00  9.13770e-03 -1.79550e-02  9.77940e-01 
 0.00000e+00  5.96844e-03 -1.45125e-02  9.82530e-01 
 0.00000e+00  3.36672e-03 -1.09548e-02  9.87030e-01 
 0.00000e+00  1.47150e-03 -7.27821e-03  9.91440e-01 
 0.00000e+00  3.52197e-04 -3.57831e-03  9.95670e-01 
 0.00000e+00  0.00000e+00  0.00000e+00  9.99540e-01 
 9.00000e-01  3.52197e-04  3.57831e-03  1.00332e+00 
 9.00000e-01  1.47150e-03  7.27821e-03  1.00755e+00 
 9.00000e-01  3.36672e-03  1.09548e-02  1.01196e+00 
 9.00000e-01  5.96844e-03  1.45125e-02  1.01646e+00 
 9.00000e-01  9.13770e-03  1.79550e-02  1.02105e+00 
 9.00000e-01  1.27962e-02  2.12868e-02  1.02555e+00 
 9.00000e-01  1.69605e-02  2.44323e-02  1.03005e+00 
 9.00000e-01  2.15847e-02  2.73915e-02  1.03455e+00 
 9.00000e-01  2.65734e-02  3.02697e-02  1.03896e+00 
 9.00000e-01  3.18924e-02  3.31101e-02  1.04328e+00 
 9.00000e-01  3.75426e-02  3.58956e-02  1.04751e+00 
 9.00000e-01  4.35222e-02  3.86172e-02  1.05156e+00 
 9.00000e-01  4.98267e-02  4.12713e-02  1.05552e+00 
 9.00000e-01  5.64507e-02  4.38552e-02  1.05921e+00 
 9.00000e-01  6.33897e-02  4.63662e-02  1.06281e+00 
 9.00000e-01  7.06392e-02  4.88106e-02  1.06632e+00 
 9.00000e-01  7.81929e-02  5.11911e-02  1.06956e+00 
 9.00000e-01  8.60490e-02  5.35050e-02  1.07253e+00 
 9.00000e-01  9.42030e-02  5.57505e-02  1.07541e+00 
 9.00000e-01  1.02663e-01  5.79258e-02  1.07811e+00 
 9.00000e-01  1.11411e-01  6.00255e-02  9.26100e-01 
 9.00000e-01  1.22832e-01  6.25581e-02  9.29610e-01 
 9.00000e-01  1.36953e-01  6.54012e-02  9.33930e-01 
 9.00000e-01  1.53783e-01  6.84324e-02  9.39150e-01 
 9.00000e-01  1.73340e-01  7.14969e-02  9.45090e-01 
 9.00000e-01  1.95651e-01  7.44201e-02  9.51930e-01 
 9.00000e-01  2.20716e-01  7.70238e-02  9.59580e-01 
 9.00000e-01  2.48535e-01  7.91271e-02  9.68130e-01 
 9.00000e-01  2.79099e-01  8.05437e-02  9.77490e-01 
 9.00000e-01  3.15090e-01  8.09991e-02  9.88560e-01 
 9.00000e-01  3.51081e-01  8.00424e-02  9.99540e-01 
 9.00000e-01  3.87009e-01  7.78491e-02  1.01052e+00 
 9.00000e-01  4.22865e-01  7.45848e-02  1.02150e+00 
 9.00000e-01  4.58613e-01  7.03890e-02  1.03248e+00 
 9.00000e-01  4.94271e-01  6.54129e-02  1.04337e+00 
 9.00000e-01  5.29830e-01  5.98023e-02  1.05426e+00 
 9.00000e-01  5.65308e-01  5.36796e-02  1.06515e+00 
 9.00000e-01  6.00714e-01  4.71789e-02  1.07604e+00 
 9.00000e-01  6.36075e-01  4.04244e-02  9.56700e-01 
 9.00000e-01  6.71409e-01  3.35484e-02  9.67500e-01 
 9.00000e-01  7.06761e-01  2.67264e-02  9.78300e-01 
 9.00000e-01  7.42149e-01  2.01222e-02  9.89190e-01 
 9.00000e-01  7.73172e-01  1.46979e-02  9.98640e-01 
 9.00000e-01  7.99830e-01  1.04112e-02  1.00683e+00 
 9.00000e-01  8.26542e-01  6.47676e-03  1.01502e+00 
 9.00000e-01  8.48880e-01  3.73860e-03  1.02186e+00 
 9.00000e-01  8.71299e-01  1.84230e-03  1.02870e+00 
 0.00000e+00 -2.85000e+00 -1.50000e+00  7.27000e-01 
 0.00000e+00 -2.55000e+00 -1.50000e+00  7.27000e-01 
 0.00000e+00 -2.35000e+00 -1.50000e+00  7.27000e-01 
 0.00000e+00 -2.15000e+00 -1.50000e+00  7.27000e-01 
 0.00000e+00 -1.95000e+00 -1.50000e+00  7.27000e-01 
 0.00000e+00 -1.85000e+00 -1.50000e+00  7.27000e-01 
 0.00000e+00 -1.75000e+00 -1.50000e+00  7.27000e-01 
 0.00000e+00 -1.65000e+00 -1.50000e+00  7.27000e-01 
 0.00000e+00 -1.55000e+00 -1.50000e+00  7.27000e-01 
 0.00000e+00 -1.45000e+00 -1.50000e+00  7.27000e-01 
 0.00000e+00 -1.35000e+00 -1.50000e+00  7.27000e-01 
 0.00000e+00 -1.25000e+00 -1.50000e+00  7.27000e-01 
 0.00000e+00 -1.15000e+00 -1.50000e+00  7.27000e-01 
 0.00000e+00 -1.05000e+00 -1.50000e+00  7.27000e-01 
 0.00000e+00 -9.50000e-01 -1.50000e+00  7.27000e-01 
 0.00000e+00 -8.50000e-01 -1.50000e+00  7.27000e-01 
 0.00000e+00 -7.50000e-01 -1.50000e+00  7.27000e-01 
 0.00000e+00 -6.50000e-01 -1.50000e+00  7.27000e-01 
 0.00000e+00 -5.50000e-01 -1.50000e+00  7.27000e-01 
 0.00000e+00 -4.50000e-01 -1.50000e+00  7.27000e-01 
 0.00000e+00 -3.50000e-01 -1.50000e+00  7.27000e-01 
 0.00000e+00 -2.50000e-01 -1.50000e+00  7.27000e-01 
 0.00000e+00 -1.50000e-01 -1.50000e+00  7.27000e-01 
 0.00000e+00 -5.00000e-02 -1.50000e+00  7.27000e-01 
 0.00000e+00  5.00000e-02 -1.50000e+00  7.27000e-01 
 0.00000e+00  1.50000e-01 -1.50000e+00  7.27000e-01 
 0.00000e+00  2.50000e-01 -1.50000e+00  7.27000e-01 
 0.00000e+00  3.50000e-01 -1.50000e+00  7.27000e-01 
 0.00000e+00  4.50000e-01 -1.50000e+00  7.27000e-01 
 0.00000e+00  5.50000e-01 -1.50000e+00  7.27000e-01 
 0.00000e+00  6.50000e-01 -1.50000e+00  7.27000e-01 
 0.00000e+00  7.50000e-01 -1.50000e+00  7.27000e-01 
 0.00000e+00  8.50000e-01 -1.50000e+00  7.27000e-01 
 0.00000e+00  9.50000e-01 -1.50000e+00  7.27000e-01 
 0.00000e+00  1.05000e+00 -1.50000e+00  7.27000e-01 
 0.00000e+00  1.15000e+00 -1.50000e+00  7.27000e-01 
 0.00000e+00  1.25000e+00 -1.50000e+00  7.27000e-01 
 0.00000e+00  1.35000e+00 -1.50000e+00  7.27000e-01 
 0.00000e+00  1.45000e+00 -1.50000e+00  7.27000e-01 
 0.00000e+00  1.55000e+00 -1.50000e+00  7.27000e-01 
 0.00000e+00  1.65000e+00 -1.50000e+00  7.27000e-01 
 0.00000e+00  1.75000e+00 -1.50000e+00  7.27000e-01 
 0.00000e+00  1.85000e+00 -1.50000e+00  7.27000e-01 
 0.00000e+00  1.95000e+00 -1.50000e+00  7.27000e-01 
 0.00000e+00  2.15000e+00 -1.50000e+00  7.27000e-01 
 0.00000e+00  2.35000e+00 -1.50000e+00  7.27000e-01 
 0.00000e+00  2.55000e+00 -1.50000e+00  7.27000e-01 
 0.00000e+00  2.85000e+00 -1.50000e+00  7.27000e-01 
 1.00000e+00 -2.85000e+00  1.50000e+00  7.27000e-01 
 1.00000e+00 -2.55000e+00  1.50000e+00  7.27000e-01 
 1.00000e+00 -2.35000e+00  1.50000e+00  7.27000e-01 
 1.00000e+00 -2.15000e+00  1.50000e+00  7.27000e-01 
 1.00000e+00 -1.95000e+00  1.50000e+00  7.27000e-01 
 1.00000e+00 -1.85000e+00  1.50000e+00  7.27000e-01 
 1.00000e+00 -1.75000e+00  1.50000e+00  7.27000e-01 
 1.00000e+00 -1.65000e+00  1.50000e+00  7.27000e-01 
 1.00000e+00 -1.55000e+00  1.50000e+00  7.27000e-01 
 1.00000e+00 -1.45000e+00  1.50000e+00  7.27000e-01 
 1.00000e+00 -1.35000e+00  1.50000e+00  7.27000e-01 
 1.00000e+00 -1.25000e+00  1.50000e+00  7.27000e-01 
 1.00000e+00 -1.15000e+00  1.50000e+00  7.27000e-01 
 1.00000e+00 -1.05000e+00  1.50000e+00  7.27000e-01 
 1.00000e+00 -9.50000e-01  1.50000e+00  7.27000e-01 
 1.00000e+00 -8.50000e-01  1.50000e+00  7.27000e-01 
 1.00000e+00 -7.50000e-01  1.50000e+00  7.27000e-01 
 1.00000e+00 -6.50000e-01  1.50000e+00  7.27000e-01 
 1.00000e+00 -5.50000e-01  1.50000e+00  7.27000e-01 
 1.00000e+00 -4.50000e-01  1.50000e+00  7.27000e-01 
 1.00000e+00 -3.50000e-01  1.50000e+00  7.27000e-01 
 1.00000e+00 -2.50000e-01  1.50000e+00  7.27000e-01 
 1.00000e+00 -1.50000e-01  1.50000e+00  7.27000e-01 
 1.00000e+00 -5.00000e-02  1.50000e+00  7.27000e-01 
 1.00000e+00  5.00000e-02  1.50000e+00  7.27000e-01 
 1.00000e+00  1.50000e-01  1.50000e+00  7.27000e-01 
 1.00000e+00  2.50000e-01  1.50000e+00  7.27000e-01 
 1.00000e+00  3.50000e-01  1.50000e+00  7.27000e-01 
 1.00000e+00  4.50000e-01  1.50000e+00  7.27000e-01 
 1.00000e+00  5.50000e-01  1.50000e+00  7.27000e-01 
 1.00000e+00  6.50000e-01  1.50000e+00  7.27000e-01 
 1.00000e+00  7.50000e-01  1.50000e+00  7.27000e-01 
 1.00000e+00  8.50000e-01  1.50000e+00  7.27000e-01 
 1.00000e+00  9.50000e-01  1.50000e+00  7.27000e-01 
 1.00000e+00  1.05000e+00  1.50000e+00  7.27000e-01 
 1.00000e+00  1.15000e+00  1.50000e+00  7.27000e-01 
 1.00000e+00  1.25000e+00  1.50000e+00  7.27000e-01 
 1.00000e+00  1.35000e+00  1.50000e+00  7.27000e-01 
 1.00000e+00  1.45000e+00  1.50000e+00  7.27000e-01 
 1.00000e+00  1.55000e+00  1.50000e+00  7.27000e-01 
 1.00000e+00  1.65000e+00  1.50000e+00  7.27000e-01 
 1.00000e+00  1.75000e+00  1.50000e+00  7.27000e-01 
 1.00000e+00  1.85000e+00  1.50000e+00  7.27000e-01 
 1.00000e+00  1.95000e+00  1.50000e+00  7.27000e-01 
 1.00000e+00  2.15000e+00  1.50000e+00  7.27000e-01 
 1.00000e+00  2.35000e+00  1.50000e+00  7.27000e-01 
 1.00000e+00  2.55000e+00  1.50000e+00  7.27000e-01 
 1.00000e+00  2.85000e+00  1.50000e+00  7.27000e-01 
 2.00000e+00 -2.85000e+00 -1.50000e+00  1.26700e+00 
 2.00000e+00 -1.95000e+00 -1.50000e+00  1.26700e+00 
 2.00000e+00 -1.35000e+00 -1.50000e+00  1.26700e+00 
 2.00000e+00 -9.50000e-01 -1.50000e+00  1.26700e+00 
 2.00000e+00 -6.50000e-01 -1.50000e+00  1.26700e+00 
 2.00000e+00 -4.50000e-01 -1.50000e+00  1.26700e+00 
 2.00000e+00 -2.50000e-01 -1.50000e+00  1.26700e+00 
 2.00000e+00 -5.00000e-02 -1.50000e+00  1.26700e+00 
 2.00000e+00  5.00000e-02 -1.50000e+00  1.26700e+00 
 2.00000e+00  2.50000e-01 -1.50000e+00  1.26700e+00 
 2.00000e+00  4.50000e-01 -1.50000e+00  1.26700e+00 
 2.00000e+00  6.50000e-01 -1.50000e+00  1.26700e+00 
 2.00000e+00  9.50000e-01 -1.50000e+00  1.26700e+00 
 2.00000e+00  1.35000e+00 -1.50000e+00  1.26700e+00 
 2.00000e+00  1.95000e+00 -1.50000e+00  1.26700e+00 
 2.00000e+00  2.85000e+00 -1.50000e+00  1.26700e+00 
 3.00000e+00 -2.85000e+00  1.50000e+00  1.26700e+00 
 3.00000e+00 -1.95000e+00  1.50000e+00  1.26700e+00 
 3.00000e+00 -1.35000e+00  1.50000e+00  1.26700e+00 
 3.00000e+00 -9.50000e-01  1.50000e+00  1.26700e+00 
 3.00000e+00 -6.50000e-01  1.50000e+00  1.26700e+00 
 3.00000e+00 -4.50000e-01  1.50000e+00  1.26700e+00 
 3.00000e+00 -2.50000e-01  1.50000e+00  1.26700e+00 
 3.00000e+00 -5.00000e-02  1.50000e+00  1.26700e+00 
 3.00000e+00  5.00000e-02  1.50000e+00  1.26700e+00 
 3.00000e+00  2.50000e-01  1.50000e+00  1.26700e+00 
 3.00000e+00  4.50000e-01  1.50000e+00  1.26700e+00 
 3.00000e+00  6.50000e-01  1.50000e+00  1.26700e+00 
 3.00000e+00  9.50000e-01  1.50000e+00  1.26700e+00 
 3.00000e+00  1.35000e+00  1.50000e+00  1.26700e+00 
 3.00000e+00  1.95000e+00  1.50000e+00  1.26700e+00 
 3.00000e+00  2.85000e+00  1.50000e+00  1.26700e+00 
 0.00000e+00  0.00000e+00 -3.47500e-01  0.00000e+00 
 0.00000e+00  0.00000e+00 -3.17500e-01  0.00000e+00 
 0.00000e+00  0.00000e+00 -2.87500e-01  0.00000e+00 
 0.00000e+00  0.00000e+00 -2.67500e-01  0.00000e+00 
 0.00000e+00  0.00000e+00 -2.47500e-01  0.00000e+00 
 0.00000e+00  0.00000e+00 -2.32500e-01  0.00000e+00 
 0.00000e+00  0.00000e+00 -2.17500e-01  0.00000e+00 
 0.00000e+00  0.00000e+00 -2.07500e-01  0.00000e+00 
 0.00000e+00  0.00000e+00 -1.97500e-01  0.00000e+00 
 0.00000e+00  0.00000e+00 -1.92500e-01  0.00000e+00 
 0.00000e+00  0.00000e+00 -1.87500e-01  0.00000e+00 
 0.00000e+00  0.00000e+00 -1.82500e-01  0.00000e+00 
 0.00000e+00  0.00000e+00 -1.77500e-01  0.00000e+00 
 0.00000e+00  0.00000e+00 -1.72500e-01  0.00000e+00 
 0.00000e+00  0.00000e+00 -1.67500e-01  0.00000e+00 
 0.00000e+00  0.00000e+00 -1.62500e-01  0.00000e+00 
 0.00000e+00  0.00000e+00 -1.57500e-01  0.00000e+00 
 0.00000e+00  0.00000e+00 -1.52500e-01  0.00000e+00 
 0.00000e+00  0.00000e+00 -1.47500e-01  0.00000e+00 
 0.00000e+00  0.00000e+00 -1.42500e-01  0.00000e+00 
 0.00000e+00  0.00000e+00 -1.37500e-01  0.00000e+00 
 0.00000e+00  0.00000e+00 -1.32500e-01  0.00000e+00 
 0.00000e+00  0.00000e+00 -1.27500e-01  0.00000e+00 
 0.00000e+00  0.00000e+00 -1.22500e-01  0.00000e+00 
 0.00000e+00  0.00000e+00 -1.17500e-01  0.00000e+00 
 0.00000e+00  0.00000e+00 -1.12500e-01  0.00000e+00 
 0.00000e+00  0.00000e+00 -1.07500e-01  0.00000e+00 
 0.00000e+00  0.00000e+00 -1.02500e-01  0.00000e+00 
 0.00000e+00  0.00000e+00 -9.75000e-02  0.00000e+00 
 0.00000e+00  0.00000e+00 -9.25000e-02  0.00000e+00 
 0.00000e+00  0.00000e+00 -8.75000e-02  0.00000e+00 
 0.00000e+00  0.00000e+00 -8.25000e-02  0.00000e+00 
 0.00000e+00  0.00000e+00 -7.75000e-02  0.00000e+00 
 0.00000e+00  0.00000e+00 -7.25000e-02  0.00000e+00 
 0.00000e+00  0.00000e+00 -6.75000e-02  0.00000e+00 
 0.00000e+00  0.00000e+00 -6.25000e-02  0.00000e+00 
 0.00000e+00  0.00000e+00 -5.75000e-02  0.00000e+00 
 0.00000e+00  0.00000e+00 -5.25000e-02  0.00000e+00 
 0.00000e+00  0.00000e+00 -4.75000e-02  0.00000e+00 
 0.00000e+00  0.00000e+00 -4.25000e-02  0.00000e+00 
 0.00000e+00  0.00000e+00 -3.75000e-02  0.00000e+00 
 0.00000e+00  0.00000e+00 -3.25000e-02  0.00000e+00 
 0.00000e+00  0.00000e+00 -2.75000e-02  0.00000e+00 
 0.00000e+00  0.00000e+00 -2.25000e-02  0.00000e+00 
 0.00000e+00  0.00000e+00 -1.75000e-02  0.00000e+00 
 0.00000e+00  0.00000e+00 -1.25000e-02  0.00000e+00 
 0.00000e+00  0.00000e+00 -7.50000e-03  0.00000e+00 
 0.00000e+00  0.00000e+00 -2.50000e-03  0.00000e+00 
 0.00000e+00  0.00000e+00  2.50000e-03  0.00000e+00 
 0.00000e+00  0.00000e+00  7.50000e-03  0.00000e+00 
 0.00000e+00  0.00000e+00  1.25000e-02  0.00000e+00 
 0.00000e+00  0.00000e+00  1.75000e-02  0.00000e+00 
 0.00000e+00  0.00000e+00  2.25000e-02  0.00000e+00 
 0.00000e+00  0.00000e+00  2.75000e-02  0.00000e+00 
 0.00000e+00  0.00000e+00  3.25000e-02  0.00000e+00 
 0.00000e+00  0.00000e+00  3.75000e-02  0.00000e+00 
 0.00000e+00  0.00000e+00  4.25000e-02  0.00000e+00 
 0.00000e+00  0.00000e+00  4.75000e-02  0.00000e+00 
 0.00000e+00  0.00000e+00  5.25000e-02  0.00000e+00 
 0.00000e+00  0.00000e+00  5.75000e-02  0.00000e+00 
 0.00000e+00  0.00000e+00  6.25000e-02  0.00000e+00 
 0.00000e+00  0.00000e+00  6.75000e-02  0.00000e+00 
 0.00000e+00  0.00000e+00  7.25000e-02  0.00000e+00 
 0.00000e+00  0.00000e+00  7.75000e-02  0.00000e+00 
 0.00000e+00  0.00000e+00  8.25000e-02  0.00000e+00 
 0.00000e+00  0.00000e+00  8.75000e-02  0.00000e+00 
 0.00000e+00  0.00000e+00  9.25000e-02  0.00000e+00 
 0.00000e+00  0.00000e+00  9.75000e-02  0.00000e+00 
 0.00000e+00  0.00000e+00  1.02500e-01  0.00000e+00 
 0.00000e+00  0.00000e+00  1.07500e-01  0.00000e+00 
 0.00000e+00  0.00000e+00  1.12500e-01  0.00000e+00 
 0.00000e+00  0.00000e+00  1.17500e-01  0.00000e+00 
 0.00000e+00  0.00000e+00  1.22500e-01  0.00000e+00 
 0.00000e+00  0.00000e+00  1.27500e-01  0.00000e+00 
 0.00000e+00  0.00000e+00  1.32500e-01  0.00000e+00 
 0.00000e+00  0.00000e+00  1.37500e-01  0.00000e+00 
 0.00000e+00  0.00000e+00  1.42500e-01  0.00000e+00 
 0.00000e+00  0.00000e+00  1.47500e-01  0.00000e+00 
 0.00000e+00  0.00000e+00  1.52500e-01  0.00000e+00 
 0.00000e+00  0.00000e+00  1.57500e-01  0.00000e+00 
 0.00000e+00  0.00000e+00  1.62500e-01  0.00000e+00 
 0.00000e+00  0.00000e+00  1.67500e-01  0.00000e+00 
 0.00000e+00  0.00000e+00  1.72500e-01  0.00000e+00 
 0.00000e+00  0.00000e+00  1.77500e-01  0.00000e+00 
 0.00000e+00  0.00000e+00  1.82500e-01  0.00000e+00 
 0.00000e+00  0.00000e+00  1.87500e-01  0.00000e+00 
 0.00000e+00  0.00000e+00  1.92500e-01  0.00000e+00 
 0.00000e+00  0.00000e+00  1.97500e-01  0.00000e+00 
 0.00000e+00  0.00000e+00  2.07500e-01  0.00000e+00 
 0.00000e+00  0.00000e+00  2.17500e-01  0.00000e+00 
 0.00000e+00  0.00000e+00  2.32500e-01  0.00000e+00 
 0.00000e+00  0.00000e+00  2.47500e-01  0.00000e+00 
 0.00000e+00  0.00000e+00  2.67500e-01  0.00000e+00 
 0.00000e+00  0.00000e+00  2.87500e-01  0.00000e+00 
 0.00000e+00  0.00000e+00  3.17500e-01  0.00000e+00 
 0.00000e+00  0.00000e+00  3.47500e-01  0.00000e+00 
