 4.30118e+00  1.09710e+01  1.69759e+01 
 4.88885e+01  4.86433e+01  4.83650e+01 
 9.25917e+00  9.45695e+00  9.65196e+00 
 3.13716e+06  3.11816e+06  3.09679e+06 
 1.50095e+03  1.48518e+03  1.46736e+03 
 1.02142e+05  1.02158e+05  1.02141e+05 
 1.78341e+02 -7.08268e+01 -6.40005e+02 
 3.19221e+02  2.53820e+02 -1.03457e+02 
 3.16563e+02  2.92682e+02 -7.57882e+00 
 2.86628e+02  2.90100e+02  1.56876e+01 
 2.40308e+02  2.70828e+02  2.72698e+01 
 2.05313e+02  2.64036e+02  4.18271e+01 
 1.51892e+02  2.39419e+02  4.26482e+01 
 8.22666e+01  2.06231e+02  3.43110e+01 
 1.45970e+01  1.70112e+02  2.27924e+01 
-5.85517e+01  1.00117e+02  9.08294e+00 
-1.34297e+02  6.89734e+01 -4.65004e+00 
-1.95590e+02  3.52850e+01 -1.43317e+01 
-2.93609e+02  3.89931e+00 -1.94811e+01 
-3.77064e+02 -2.20037e+01 -1.78193e+01 
-4.32396e+02 -4.30556e+01 -9.86864e+00 
-4.85956e+02 -5.10534e+01  1.26257e+01 
-5.28331e+02 -4.32492e+01  5.09887e+01 
-5.53889e+02 -1.64951e+01  1.08294e+02 
-5.63174e+02  2.80329e+01  1.83020e+02 
-5.20575e+02  1.16066e+02  2.97260e+02 
-4.69672e+02  2.05770e+02  4.07095e+02 
-4.18839e+02  2.95544e+02  5.14832e+02 
-3.57956e+02  3.90239e+02  6.21829e+02 
-2.87294e+02  4.88876e+02  7.29842e+02 
-2.18859e+02  5.82631e+02  8.29105e+02 
-1.44914e+02  6.75411e+02  9.23736e+02 
-8.47518e+01  7.54421e+02  1.00324e+03 
-2.83285e+01  8.26111e+02  1.07255e+03 
 2.07727e+01  8.85196e+02  1.12823e+03 
 7.83854e+01  9.44664e+02  1.18356e+03 
 1.36841e+02  1.01100e+03  1.24036e+03 
 1.94395e+02  1.07205e+03  1.29172e+03 
 2.58986e+02  1.13710e+03  1.34377e+03 
 3.26347e+02  1.20026e+03  1.39071e+03 
 4.03787e+02  1.26460e+03  1.43372e+03 
 4.85764e+02  1.32562e+03  1.46809e+03 
 5.77798e+02  1.38409e+03  1.49231e+03 
 6.78757e+02  1.43313e+03  1.49723e+03 
 7.81522e+02  1.46841e+03  1.48087e+03 
 8.96563e+02  1.48752e+03  1.43425e+03 
 1.00511e+03  1.47553e+03  1.33284e+03 
 1.12452e+03  1.41127e+03  1.13911e+03 
 1.26414e+03  1.25913e+03  8.18310e+02 
 1.39307e+03  9.74109e+02  3.21818e+02 
 1.48230e+03  4.67870e+02 -4.72888e+02 
 1.48957e+03 -3.73830e+02 -1.69997e+03 
 1.34484e+03 -1.64429e+03 -3.41372e+03 
 1.00427e+03 -3.13179e+03 -5.28140e+03 
 4.82996e+02 -4.68488e+03 -7.10176e+03 
-1.81787e+02 -6.07763e+03 -8.56573e+03 
-8.68416e+02 -7.12432e+03 -9.50905e+03 
-1.35937e+03 -7.32819e+03 -9.37599e+03 
-1.67182e+03 -7.14460e+03 -8.82845e+03 
-1.84792e+03 -6.77833e+03 -8.20597e+03 
-2.04618e+03 -6.53677e+03 -7.76769e+03 
-2.08210e+03 -6.13968e+03 -7.40239e+03 
-1.98187e+03 -5.89649e+03 -5.87433e+03 
-1.91692e+03 -4.71530e+03 -5.46107e+03 
-1.89799e+03 -4.63175e+03 -5.07894e+03 
-1.89557e+03 -4.50309e+03 -4.77221e+03 
-1.89417e+03 -4.33561e+03 -4.48571e+03 
-1.88757e+03 -4.16770e+03 -4.22110e+03 
-1.87538e+03 -4.01016e+03 -3.97887e+03 
-1.85649e+03 -3.84937e+03 -3.74192e+03 
-1.83887e+03 -3.71754e+03 -3.53838e+03 
-1.82444e+03 -3.59223e+03 -3.34369e+03 
-1.80952e+03 -3.47739e+03 -3.16428e+03 
-1.79484e+03 -3.36917e+03 -2.99086e+03 
-1.78093e+03 -3.26741e+03 -2.82700e+03 
-1.76579e+03 -3.17209e+03 -2.65275e+03 
-1.74689e+03 -3.06455e+03 -2.46157e+03 
-1.72525e+03 -2.94746e+03 -2.24093e+03 
-1.70626e+03 -2.82275e+03 -1.99093e+03 
-1.68885e+03 -2.70458e+03 -1.71729e+03 
-1.66434e+03 -2.57576e+03 -1.40046e+03 
-1.63118e+03 -2.44052e+03 -1.07688e+03 
-1.59679e+03 -2.30619e+03 -8.33988e+02 
-1.56159e+03 -2.17204e+03 -7.21213e+02 
-1.47001e+03 -2.00633e+03 -6.82623e+02 
-1.37388e+03 -1.80273e+03 -6.74776e+02 
-1.25521e+03 -1.58880e+03 -6.76285e+02 
-1.12798e+03 -1.37610e+03 -6.83121e+02 
-9.89517e+02 -1.15994e+03 -6.93044e+02 
-8.51766e+02 -9.51213e+02 -7.04406e+02 
-7.14610e+02 -7.54364e+02 -7.16804e+02 
-5.80624e+02 -5.80808e+02 -7.26311e+02 
-4.84611e+02 -4.52709e+02 -7.32916e+02 
-3.34073e+02 -3.56947e+02 -7.36731e+02 
-2.20077e+02 -2.94804e+02 -7.41530e+02 
-1.11653e+02 -2.51378e+02 -7.46330e+02 
-4.72778e+01 -2.19497e+02 -7.41313e+02 
 5.44772e+01 -1.96187e+02 -7.41613e+02 
 1.08676e+02 -1.76509e+02 -7.39101e+02 
 1.59337e+02 -1.54088e+02 -7.25672e+02 
 1.93521e+02 -1.39536e+02 -7.15532e+02 
 2.16626e+02 -1.20201e+02 -7.05343e+02 
-4.01365e+01 -9.50805e+00  3.91764e+01 
-4.71361e+01 -1.02969e+01  3.73273e+01 
-4.26477e+01 -4.84374e-01  4.67706e+01 
-3.67405e+01  1.18408e+01  5.87965e+01 
-3.08197e+01  2.54835e+01  7.14389e+01 
-2.77995e+01  3.27040e+01  7.82914e+01 
-2.64592e+01  3.89486e+01  8.40532e+01 
-2.81069e+01  4.25462e+01  8.69831e+01 
-3.07481e+01  4.57217e+01  8.94979e+01 
-1.98617e+01  6.16023e+01  1.04425e+02 
-1.27231e+01  7.40749e+01  1.15879e+02 
-6.20197e+00  8.65645e+01  1.26900e+02 
-7.47366e+00  9.21679e+01  1.31069e+02 
-2.86173e+00  1.02646e+02  1.40119e+02 
-3.48648e+00  1.08761e+02  1.44083e+02 
-3.11444e+00  1.15743e+02  1.48247e+02 
-1.61598e+01  1.10835e+02  1.41387e+02 
-8.54998e+00  1.22274e+02  1.49876e+02 
-9.74530e+00  1.26084e+02  1.50307e+02 
-1.02374e+01  1.29484e+02  1.50012e+02 
-7.63075e+00  1.34361e+02  1.50706e+02 
-1.19588e+01  1.32768e+02  1.44626e+02 
-1.57733e+01  1.29800e+02  1.36977e+02 
-2.96534e+01  1.17045e+02  1.19138e+02 
-1.49985e+01  1.27298e+02  1.25045e+02 
-1.45290e+01  1.24454e+02  1.17478e+02 
-1.35065e+01  1.21070e+02  1.10059e+02 
-1.63831e+01  1.13267e+02  9.84080e+01 
-1.70166e+01  1.07063e+02  8.91641e+01 
-1.68450e+01  1.00649e+02  8.05361e+01 
-1.94178e+01  9.18096e+01  7.00502e+01 
-2.58041e+01  7.91075e+01  5.65192e+01 
-3.10449e+01  6.71382e+01  4.47241e+01 
-2.75772e+01  6.34430e+01  4.24857e+01 
-3.60279e+01  4.88347e+01  2.91511e+01 
-3.32568e+01  4.47604e+01  2.74110e+01 
-3.56581e+01  3.63115e+01  2.15124e+01 
-4.03484e+01  2.63666e+01  1.37714e+01 
-4.00132e+01  2.08353e+01  1.11514e+01 
-4.24390e+01  1.33713e+01  6.19373e+00 
-3.93206e+01  1.15647e+01  6.61873e+00 
-4.33882e+01  3.36027e+00  4.43314e-01 
-4.70560e+01 -4.26417e+00 -5.27094e+00 
-5.52875e+01 -1.61686e+01 -1.52259e+01 
-6.34547e+01 -3.08072e+01 -2.65617e+01 
-8.00088e+01 -5.31937e+01 -4.57324e+01 
-8.92724e+01 -6.80565e+01 -5.70676e+01 
-9.95056e+01 -8.64322e+01 -6.96623e+01 
-7.19156e+01 -7.89105e+01 -3.16698e+01 
-8.10120e+01 -9.50439e+01 -4.79084e+01 
-8.63664e+01 -1.06446e+02 -5.94892e+01 
-9.16470e+01 -1.19144e+02 -7.27688e+01 
-1.03456e+02 -1.39802e+02 -9.41096e+01 
-1.07444e+02 -1.48839e+02 -1.03659e+02 
-1.13139e+02 -1.60587e+02 -1.15919e+02 
-1.22089e+02 -1.75729e+02 -1.31836e+02 
-1.29407e+02 -1.89785e+02 -1.46570e+02 
-1.42215e+02 -2.10322e+02 -1.67921e+02 
-1.50316e+02 -2.26748e+02 -1.85712e+02 
-1.53089e+02 -2.37875e+02 -1.98328e+02 
-1.63265e+02 -2.56337e+02 -2.18339e+02 
-1.71162e+02 -2.73798e+02 -2.37900e+02 
-1.77293e+02 -2.88986e+02 -2.55662e+02 
-1.90935e+02 -3.13628e+02 -2.82980e+02 
-2.00058e+02 -3.32164e+02 -3.04558e+02 
-2.07299e+02 -3.48088e+02 -3.24145e+02 
-2.14926e+02 -3.63327e+02 -3.43202e+02 
-2.26376e+02 -3.81672e+02 -3.66072e+02 
-2.36176e+02 -3.96623e+02 -3.85677e+02 
-2.41308e+02 -4.05886e+02 -3.99608e+02 
-2.51208e+02 -4.17334e+02 -4.16637e+02 
-2.52470e+02 -4.18049e+02 -4.22260e+02 
-2.52386e+02 -4.14908e+02 -4.24640e+02 
-2.45601e+02 -4.04064e+02 -4.18570e+02 
-2.38495e+02 -3.91083e+02 -4.09845e+02 
-2.36470e+02 -3.82839e+02 -4.05635e+02 
-2.20153e+02 -3.57874e+02 -3.83142e+02 
-2.13386e+02 -3.42062e+02 -3.69590e+02 
-2.01626e+02 -3.21366e+02 -3.49652e+02 
-1.91445e+02 -3.02598e+02 -3.30635e+02 
-1.88056e+02 -2.90697e+02 -3.18624e+02 
-1.76391e+02 -2.70366e+02 -2.96527e+02 
-1.67672e+02 -2.55054e+02 -2.79422e+02 
-1.56742e+02 -2.34932e+02 -2.55791e+02 
-1.47139e+02 -2.18812e+02 -2.38009e+02 
-1.45428e+02 -2.10508e+02 -2.26989e+02 
-1.41171e+02 -1.99952e+02 -2.13422e+02 
-1.28845e+02 -1.81666e+02 -1.92571e+02 
-1.23883e+02 -1.71418e+02 -1.80056e+02 
-1.22204e+02 -1.65070e+02 -1.71539e+02 
-1.15117e+02 -1.53306e+02 -1.57850e+02 
-1.12377e+02 -1.46683e+02 -1.49592e+02 
-1.06511e+02 -1.33676e+02 -1.33931e+02 
-9.57346e+01 -1.17151e+02 -1.15692e+02 
-9.74792e+01 -1.13384e+02 -1.11225e+02 
-9.53184e+01 -1.04938e+02 -1.02659e+02 
-4.29450e+01 -1.24049e+01  3.60278e+01 
-3.31998e+01  2.32721e+01  6.90167e+01 
-1.06153e+01  7.60975e+01  1.17602e+02 
-5.30338e+00  1.07401e+02  1.42738e+02 
-3.97037e+00  1.26621e+02  1.54083e+02 
-3.78322e+00  1.35123e+02  1.55723e+02 
-7.64717e+00  1.36304e+02  1.48513e+02 
-8.86177e+00  1.34535e+02  1.37536e+02 
-1.54642e+01  1.26838e+02  1.24925e+02 
-1.18848e+01  1.22379e+02  1.11852e+02 
-2.02077e+01  1.04098e+02  8.66545e+01 
-2.05308e+01  9.07153e+01  6.95256e+01 
-2.91160e+01  6.20084e+01  4.12989e+01 
-3.34438e+01  3.24438e+01  2.02125e+01 
-5.41508e+01 -1.50250e+01 -1.43884e+01 
-9.61761e+01 -8.30397e+01 -6.64025e+01 
-7.24193e+01 -7.93897e+01 -3.21839e+01 
-1.02020e+02 -1.38539e+02 -9.28275e+01 
-1.40508e+02 -2.16257e+02 -1.75444e+02 
-1.79378e+02 -2.92596e+02 -2.59506e+02 
-2.09200e+02 -3.48576e+02 -3.25068e+02 
-2.24436e+02 -3.79486e+02 -3.64427e+02 
-2.42234e+02 -4.06052e+02 -4.00665e+02 
-2.50187e+02 -4.15140e+02 -4.20035e+02 
-2.48196e+02 -4.10584e+02 -4.20479e+02 
-2.39871e+02 -3.92738e+02 -4.12033e+02 
-2.22864e+02 -3.61049e+02 -3.86723e+02 
-2.03961e+02 -3.24863e+02 -3.53381e+02 
-1.73553e+02 -2.68605e+02 -2.95079e+02 
-1.41638e+02 -2.06804e+02 -2.23162e+02 
-1.07627e+02 -1.42068e+02 -1.44782e+02 
-9.34273e+01 -1.03225e+02 -1.00498e+02 
 1.49969e+03  1.48906e+03  1.46642e+03 
 1.49893e+03  1.48846e+03  1.45715e+03 
 1.50029e+03  1.48948e+03  1.43496e+03 
 1.49966e+03  1.48876e+03  1.41484e+03 
 1.50005e+03  1.48931e+03  1.39551e+03 
 1.49830e+03  1.48747e+03  1.37698e+03 
 1.49986e+03  1.48870e+03  1.35675e+03 
 1.49865e+03  1.48751e+03  1.34216e+03 
 1.50066e+03  1.48964e+03  1.32978e+03 
 1.49922e+03  1.48813e+03  1.32374e+03 
 1.50034e+03  1.48947e+03  1.31977e+03 
 1.49927e+03  1.48826e+03  1.31173e+03 
 1.50113e+03  1.49029e+03  1.30268e+03 
 1.49874e+03  1.48775e+03  1.29602e+03 
 1.50018e+03  1.48914e+03  1.28700e+03 
 1.49892e+03  1.48770e+03  1.27954e+03 
 1.49978e+03  1.48862e+03  1.27405e+03 
 1.49873e+03  1.48786e+03  1.26294e+03 
 1.50031e+03  1.48938e+03  1.25952e+03 
 1.49891e+03  1.48818e+03  1.25022e+03 
 1.49979e+03  1.48889e+03  1.24411e+03 
 1.49874e+03  1.48765e+03  1.23441e+03 
 1.49993e+03  1.48885e+03  1.22694e+03 
 1.49935e+03  1.48816e+03  1.22077e+03 
 1.49930e+03  1.48813e+03  1.21513e+03 
 1.49931e+03  1.48808e+03  1.20629e+03 
 1.49994e+03  1.48863e+03  1.19689e+03 
 1.50010e+03  1.48802e+03  1.18875e+03 
 1.49920e+03  1.48693e+03  1.18416e+03 
 1.49863e+03  1.48515e+03  1.17503e+03 
 1.49945e+03  1.48463e+03  1.16572e+03 
 1.49819e+03  1.48152e+03  1.15942e+03 
 1.49983e+03  1.48155e+03  1.15525e+03 
 1.49936e+03  1.47860e+03  1.14372e+03 
 1.49877e+03  1.47431e+03  1.13286e+03 
 1.49763e+03  1.47002e+03  1.12971e+03 
 1.49491e+03  1.46584e+03  1.12591e+03 
 1.48914e+03  1.45882e+03  1.11814e+03 
 1.48109e+03  1.45086e+03  1.10619e+03 
 1.46694e+03  1.44123e+03  1.10495e+03 
 1.45486e+03  1.43482e+03  1.09488e+03 
 1.43079e+03  1.42163e+03  1.08817e+03 
 1.40842e+03  1.40994e+03  1.08062e+03 
 1.38526e+03  1.39722e+03  1.07442e+03 
 1.35890e+03  1.38234e+03  1.06203e+03 
 1.34585e+03  1.37295e+03  1.06065e+03 
 1.33188e+03  1.36049e+03  1.05834e+03 
 1.32188e+03  1.34653e+03  1.04999e+03 
 1.32008e+03  1.32939e+03  1.04369e+03 
 1.32618e+03  1.32019e+03  1.03875e+03 
 1.33964e+03  1.30718e+03  1.03434e+03 
 1.35495e+03  1.29675e+03  1.03082e+03 
 1.37633e+03  1.28687e+03  1.02924e+03 
 1.39473e+03  1.27897e+03  1.02672e+03 
 1.41934e+03  1.27334e+03  1.02144e+03 
 1.43847e+03  1.26622e+03  1.02238e+03 
 1.45520e+03  1.26221e+03  1.01416e+03 
 1.46849e+03  1.26065e+03  1.01125e+03 
 1.48305e+03  1.26122e+03  1.01360e+03 
 1.48899e+03  1.26149e+03  1.01445e+03 
 1.49387e+03  1.26596e+03  1.00932e+03 
 1.49662e+03  1.27092e+03  1.00399e+03 
 1.49811e+03  1.27612e+03  1.00897e+03 
 1.49898e+03  1.28240e+03  1.01079e+03 
 1.49964e+03  1.29484e+03  1.00722e+03 
 1.49920e+03  1.30210e+03  1.00638e+03 
 1.49925e+03  1.31213e+03  1.00144e+03 
 1.49863e+03  1.32279e+03  1.00313e+03 
 1.49095e+03  1.32712e+03  9.91533e+02 
 1.49936e+03  1.34617e+03  1.00323e+03 
 1.49768e+03  1.35742e+03  1.00684e+03 
 1.49864e+03  1.37102e+03  1.00740e+03 
 1.49875e+03  1.38178e+03  1.00591e+03 
 1.49923e+03  1.39592e+03  1.01107e+03 
 1.49884e+03  1.40242e+03  1.01067e+03 
 1.49908e+03  1.41429e+03  1.01603e+03 
 1.49797e+03  1.42293e+03  1.01899e+03 
 1.49940e+03  1.43134e+03  1.02213e+03 
 1.49849e+03  1.43786e+03  1.02101e+03 
 1.49935e+03  1.44696e+03  1.02752e+03 
 1.49813e+03  1.45384e+03  1.03170e+03 
 1.49836e+03  1.45896e+03  1.02657e+03 
 1.49938e+03  1.46541e+03  1.03922e+03 
 1.49913e+03  1.46897e+03  1.04369e+03 
 1.49838e+03  1.47090e+03  1.04799e+03 
 1.49869e+03  1.47473e+03  1.05603e+03 
 1.49891e+03  1.47799e+03  1.05884e+03 
 1.49913e+03  1.48015e+03  1.06535e+03 
 1.49830e+03  1.48341e+03  1.08246e+03 
 1.49968e+03  1.48634e+03  1.09048e+03 
 1.49788e+03  1.48582e+03  1.10027e+03 
 1.49959e+03  1.48834e+03  1.13100e+03 
 1.49804e+03  1.48695e+03  1.15601e+03 
 1.49880e+03  1.48783e+03  1.19132e+03 
 1.49829e+03  1.48717e+03  1.23262e+03 
 1.49633e+03  1.48545e+03  1.23778e+03 
 7.85248e+02  1.77383e+03  1.74109e+03 
 2.14593e+00 -4.76528e+02 -5.10390e+02 
 5.54753e+02  1.25923e+03  1.32778e+03 
-7.83657e+01 -5.57874e+01 -1.39108e+02 
 0.00000e+00  9.00000e-01  0.00000e+00  9.99540e-01 
 0.00000e+00  8.71299e-01 -1.84230e-03  9.70290e-01 
 0.00000e+00  8.48880e-01 -3.73860e-03  9.77130e-01 
 0.00000e+00  8.26542e-01 -6.47676e-03  9.83970e-01 
 0.00000e+00  7.99830e-01 -1.04112e-02  9.92160e-01 
 0.00000e+00  7.73172e-01 -1.46979e-02  1.00035e+00 
 0.00000e+00  7.42149e-01 -2.01222e-02  1.00980e+00 
 0.00000e+00  7.06761e-01 -2.67264e-02  1.02069e+00 
 0.00000e+00  6.71409e-01 -3.35484e-02  1.03149e+00 
 0.00000e+00  6.36075e-01 -4.04244e-02  1.04229e+00 
 0.00000e+00  6.00714e-01 -4.71789e-02  9.23040e-01 
 0.00000e+00  5.65308e-01 -5.36796e-02  9.33840e-01 
 0.00000e+00  5.29830e-01 -5.98023e-02  9.44730e-01 
 0.00000e+00  4.94271e-01 -6.54129e-02  9.55620e-01 
 0.00000e+00  4.58613e-01 -7.03890e-02  9.66510e-01 
 0.00000e+00  4.22865e-01 -7.45848e-02  9.77490e-01 
 0.00000e+00  3.87009e-01 -7.78491e-02  9.88470e-01 
 0.00000e+00  3.51081e-01 -8.00424e-02  9.99450e-01 
 0.00000e+00  3.15090e-01 -8.09991e-02  1.01043e+00 
 0.00000e+00  2.79099e-01 -8.05437e-02  1.02150e+00 
 0.00000e+00  2.48535e-01 -7.91271e-02  1.03086e+00 
 0.00000e+00  2.20716e-01 -7.70238e-02  1.03941e+00 
 0.00000e+00  1.95651e-01 -7.44201e-02  1.04706e+00 
 0.00000e+00  1.73340e-01 -7.14969e-02  1.05390e+00 
 0.00000e+00  1.53783e-01 -6.84324e-02  1.05984e+00 
 0.00000e+00  1.36953e-01 -6.54012e-02  1.06506e+00 
 0.00000e+00  1.22832e-01 -6.25581e-02  1.06938e+00 
 0.00000e+00  1.11411e-01 -6.00255e-02  1.07289e+00 
 0.00000e+00  1.02663e-01 -5.79258e-02  9.20880e-01 
 0.00000e+00  9.42030e-02 -5.57505e-02  9.23580e-01 
 0.00000e+00  8.60490e-02 -5.35050e-02  9.26460e-01 
 0.00000e+00  7.81929e-02 -5.11911e-02  9.29520e-01 
 0.00000e+00  7.06392e-02 -4.88106e-02  9.32760e-01 
 0.00000e+00  6.33897e-02 -4.63662e-02  9.36180e-01 
 0.00000e+00  5.64507e-02 -4.38552e-02  9.39780e-01 
 0.00000e+00  4.98267e-02 -4.12713e-02  9.43560e-01 
 0.00000e+00  4.35222e-02 -3.86172e-02  9.47430e-01 
 0.00000e+00  3.75426e-02 -3.58956e-02  9.51480e-01 
 0.00000e+00  3.18924e-02 -3.31101e-02  9.55710e-01 
 0.00000e+00  2.65734e-02 -3.02697e-02  9.60030e-01 
 0.00000e+00  2.15847e-02 -2.73915e-02  9.64440e-01 
 0.00000e+00  1.69605e-02 -2.44323e-02  9.68940e-01 
 0.00000e+00  1.27962e-02 -2.12868e-02  9.73440e-01 
 0.00000e+00  9.13770e-03 -1.79550e-02  9.77940e-01 
 0.00000e+00  5.96844e-03 -1.45125e-02  9.82530e-01 
 0.00000e+00  3.36672e-03 -1.09548e-02  9.87030e-01 
 0.00000e+00  1.47150e-03 -7.27821e-03  9.91440e-01 
 0.00000e+00  3.52197e-04 -3.57831e-03  9.95670e-01 
 0.00000e+00  0.00000e+00  0.00000e+00  9.99540e-01 
 9.00000e-01  3.52197e-04  3.57831e-03  1.00332e+00 
 9.00000e-01  1.47150e-03  7.27821e-03  1.00755e+00 
 9.00000e-01  3.36672e-03  1.09548e-02  1.01196e+00 
 9.00000e-01  5.96844e-03  1.45125e-02  1.01646e+00 
 9.00000e-01  9.13770e-03  1.79550e-02  1.02105e+00 
 9.00000e-01  1.27962e-02  2.12868e-02  1.02555e+00 
 9.00000e-01  1.69605e-02  2.44323e-02  1.03005e+00 
 9.00000e-01  2.15847e-02  2.73915e-02  1.03455e+00 
 9.00000e-01  2.65734e-02  3.02697e-02  1.03896e+00 
 9.00000e-01  3.18924e-02  3.31101e-02  1.04328e+00 
 9.00000e-01  3.75426e-02  3.58956e-02  1.04751e+00 
 9.00000e-01  4.35222e-02  3.86172e-02  1.05156e+00 
 9.00000e-01  4.98267e-02  4.12713e-02  1.05552e+00 
 9.00000e-01  5.64507e-02  4.38552e-02  1.05921e+00 
 9.00000e-01  6.33897e-02  4.63662e-02  1.06281e+00 
 9.00000e-01  7.06392e-02  4.88106e-02  1.06632e+00 
 9.00000e-01  7.81929e-02  5.11911e-02  1.06956e+00 
 9.00000e-01  8.60490e-02  5.35050e-02  1.07253e+00 
 9.00000e-01  9.42030e-02  5.57505e-02  1.07541e+00 
 9.00000e-01  1.02663e-01  5.79258e-02  1.07811e+00 
 9.00000e-01  1.11411e-01  6.00255e-02  9.26100e-01 
 9.00000e-01  1.22832e-01  6.25581e-02  9.29610e-01 
 9.00000e-01  1.36953e-01  6.54012e-02  9.33930e-01 
 9.00000e-01  1.53783e-01  6.84324e-02  9.39150e-01 
 9.00000e-01  1.73340e-01  7.14969e-02  9.45090e-01 
 9.00000e-01  1.95651e-01  7.44201e-02  9.51930e-01 
 9.00000e-01  2.20716e-01  7.70238e-02  9.59580e-01 
 9.00000e-01  2.48535e-01  7.91271e-02  9.68130e-01 
 9.00000e-01  2.79099e-01  8.05437e-02  9.77490e-01 
 9.00000e-01  3.15090e-01  8.09991e-02  9.88560e-01 
 9.00000e-01  3.51081e-01  8.00424e-02  9.99540e-01 
 9.00000e-01  3.87009e-01  7.78491e-02  1.01052e+00 
 9.00000e-01  4.22865e-01  7.45848e-02  1.02150e+00 
 9.00000e-01  4.58613e-01  7.03890e-02  1.03248e+00 
 9.00000e-01  4.94271e-01  6.54129e-02  1.04337e+00 
 9.00000e-01  5.29830e-01  5.98023e-02  1.05426e+00 
 9.00000e-01  5.65308e-01  5.36796e-02  1.06515e+00 
 9.00000e-01  6.00714e-01  4.71789e-02  1.07604e+00 
 9.00000e-01  6.36075e-01  4.04244e-02  9.56700e-01 
 9.00000e-01  6.71409e-01  3.35484e-02  9.67500e-01 
 9.00000e-01  7.06761e-01  2.67264e-02  9.78300e-01 
 9.00000e-01  7.42149e-01  2.01222e-02  9.89190e-01 
 9.00000e-01  7.73172e-01  1.46979e-02  9.98640e-01 
 9.00000e-01  7.99830e-01  1.04112e-02  1.00683e+00 
 9.00000e-01  8.26542e-01  6.47676e-03  1.01502e+00 
 9.00000e-01  8.48880e-01  3.73860e-03  1.02186e+00 
 9.00000e-01  8.71299e-01  1.84230e-03  1.02870e+00 
 0.00000e+00 -2.85000e+00 -1.50000e+00  7.27000e-01 
 0.00000e+00 -2.55000e+00 -1.50000e+00  7.27000e-01 
 0.00000e+00 -2.35000e+00 -1.50000e+00  7.27000e-01 
 0.00000e+00 -2.15000e+00 -1.50000e+00  7.27000e-01 
 0.00000e+00 -1.95000e+00 -1.50000e+00  7.27000e-01 
 0.00000e+00 -1.85000e+00 -1.50000e+00  7.27000e-01 
 0.00000e+00 -1.75000e+00 -1.50000e+00  7.27000e-01 
 0.00000e+00 -1.65000e+00 -1.50000e+00  7.27000e-01 
 0.00000e+00 -1.55000e+00 -1.50000e+00  7.27000e-01 
 0.00000e+00 -1.45000e+00 -1.50000e+00  7.27000e-01 
 0.00000e+00 -1.35000e+00 -1.50000e+00  7.27000e-01 
 0.00000e+00 -1.25000e+00 -1.50000e+00  7.27000e-01 
 0.00000e+00 -1.15000e+00 -1.50000e+00  7.27000e-01 
 0.00000e+00 -1.05000e+00 -1.50000e+00  7.27000e-01 
 0.00000e+00 -9.50000e-01 -1.50000e+00  7.27000e-01 
 0.00000e+00 -8.50000e-01 -1.50000e+00  7.27000e-01 
 0.00000e+00 -7.50000e-01 -1.50000e+00  7.27000e-01 
 0.00000e+00 -6.50000e-01 -1.50000e+00  7.27000e-01 
 0.00000e+00 -5.50000e-01 -1.50000e+00  7.27000e-01 
 0.00000e+00 -4.50000e-01 -1.50000e+00  7.27000e-01 
 0.00000e+00 -3.50000e-01 -1.50000e+00  7.27000e-01 
 0.00000e+00 -2.50000e-01 -1.50000e+00  7.27000e-01 
 0.00000e+00 -1.50000e-01 -1.50000e+00  7.27000e-01 
 0.00000e+00 -5.00000e-02 -1.50000e+00  7.27000e-01 
 0.00000e+00  5.00000e-02 -1.50000e+00  7.27000e-01 
 0.00000e+00  1.50000e-01 -1.50000e+00  7.27000e-01 
 0.00000e+00  2.50000e-01 -1.50000e+00  7.27000e-01 
 0.00000e+00  3.50000e-01 -1.50000e+00  7.27000e-01 
 0.00000e+00  4.50000e-01 -1.50000e+00  7.27000e-01 
 0.00000e+00  5.50000e-01 -1.50000e+00  7.27000e-01 
 0.00000e+00  6.50000e-01 -1.50000e+00  7.27000e-01 
 0.00000e+00  7.50000e-01 -1.50000e+00  7.27000e-01 
 0.00000e+00  8.50000e-01 -1.50000e+00  7.27000e-01 
 0.00000e+00  9.50000e-01 -1.50000e+00  7.27000e-01 
 0.00000e+00  1.05000e+00 -1.50000e+00  7.27000e-01 
 0.00000e+00  1.15000e+00 -1.50000e+00  7.27000e-01 
 0.00000e+00  1.25000e+00 -1.50000e+00  7.27000e-01 
 0.00000e+00  1.35000e+00 -1.50000e+00  7.27000e-01 
 0.00000e+00  1.45000e+00 -1.50000e+00  7.27000e-01 
 0.00000e+00  1.55000e+00 -1.50000e+00  7.27000e-01 
 0.00000e+00  1.65000e+00 -1.50000e+00  7.27000e-01 
 0.00000e+00  1.75000e+00 -1.50000e+00  7.27000e-01 
 0.00000e+00  1.85000e+00 -1.50000e+00  7.27000e-01 
 0.00000e+00  1.95000e+00 -1.50000e+00  7.27000e-01 
 0.00000e+00  2.15000e+00 -1.50000e+00  7.27000e-01 
 0.00000e+00  2.35000e+00 -1.50000e+00  7.27000e-01 
 0.00000e+00  2.55000e+00 -1.50000e+00  7.27000e-01 
 0.00000e+00  2.85000e+00 -1.50000e+00  7.27000e-01 
 1.00000e+00 -2.85000e+00  1.50000e+00  7.27000e-01 
 1.00000e+00 -2.55000e+00  1.50000e+00  7.27000e-01 
 1.00000e+00 -2.35000e+00  1.50000e+00  7.27000e-01 
 1.00000e+00 -2.15000e+00  1.50000e+00  7.27000e-01 
 1.00000e+00 -1.95000e+00  1.50000e+00  7.27000e-01 
 1.00000e+00 -1.85000e+00  1.50000e+00  7.27000e-01 
 1.00000e+00 -1.75000e+00  1.50000e+00  7.27000e-01 
 1.00000e+00 -1.65000e+00  1.50000e+00  7.27000e-01 
 1.00000e+00 -1.55000e+00  1.50000e+00  7.27000e-01 
 1.00000e+00 -1.45000e+00  1.50000e+00  7.27000e-01 
 1.00000e+00 -1.35000e+00  1.50000e+00  7.27000e-01 
 1.00000e+00 -1.25000e+00  1.50000e+00  7.27000e-01 
 1.00000e+00 -1.15000e+00  1.50000e+00  7.27000e-01 
 1.00000e+00 -1.05000e+00  1.50000e+00  7.27000e-01 
 1.00000e+00 -9.50000e-01  1.50000e+00  7.27000e-01 
 1.00000e+00 -8.50000e-01  1.50000e+00  7.27000e-01 
 1.00000e+00 -7.50000e-01  1.50000e+00  7.27000e-01 
 1.00000e+00 -6.50000e-01  1.50000e+00  7.27000e-01 
 1.00000e+00 -5.50000e-01  1.50000e+00  7.27000e-01 
 1.00000e+00 -4.50000e-01  1.50000e+00  7.27000e-01 
 1.00000e+00 -3.50000e-01  1.50000e+00  7.27000e-01 
 1.00000e+00 -2.50000e-01  1.50000e+00  7.27000e-01 
 1.00000e+00 -1.50000e-01  1.50000e+00  7.27000e-01 
 1.00000e+00 -5.00000e-02  1.50000e+00  7.27000e-01 
 1.00000e+00  5.00000e-02  1.50000e+00  7.27000e-01 
 1.00000e+00  1.50000e-01  1.50000e+00  7.27000e-01 
 1.00000e+00  2.50000e-01  1.50000e+00  7.27000e-01 
 1.00000e+00  3.50000e-01  1.50000e+00  7.27000e-01 
 1.00000e+00  4.50000e-01  1.50000e+00  7.27000e-01 
 1.00000e+00  5.50000e-01  1.50000e+00  7.27000e-01 
 1.00000e+00  6.50000e-01  1.50000e+00  7.27000e-01 
 1.00000e+00  7.50000e-01  1.50000e+00  7.27000e-01 
 1.00000e+00  8.50000e-01  1.50000e+00  7.27000e-01 
 1.00000e+00  9.50000e-01  1.50000e+00  7.27000e-01 
 1.00000e+00  1.05000e+00  1.50000e+00  7.27000e-01 
 1.00000e+00  1.15000e+00  1.50000e+00  7.27000e-01 
 1.00000e+00  1.25000e+00  1.50000e+00  7.27000e-01 
 1.00000e+00  1.35000e+00  1.50000e+00  7.27000e-01 
 1.00000e+00  1.45000e+00  1.50000e+00  7.27000e-01 
 1.00000e+00  1.55000e+00  1.50000e+00  7.27000e-01 
 1.00000e+00  1.65000e+00  1.50000e+00  7.27000e-01 
 1.00000e+00  1.75000e+00  1.50000e+00  7.27000e-01 
 1.00000e+00  1.85000e+00  1.50000e+00  7.27000e-01 
 1.00000e+00  1.95000e+00  1.50000e+00  7.27000e-01 
 1.00000e+00  2.15000e+00  1.50000e+00  7.27000e-01 
 1.00000e+00  2.35000e+00  1.50000e+00  7.27000e-01 
 1.00000e+00  2.55000e+00  1.50000e+00  7.27000e-01 
 1.00000e+00  2.85000e+00  1.50000e+00  7.27000e-01 
 2.00000e+00 -2.85000e+00 -1.50000e+00  1.26700e+00 
 2.00000e+00 -1.95000e+00 -1.50000e+00  1.26700e+00 
 2.00000e+00 -1.35000e+00 -1.50000e+00  1.26700e+00 
 2.00000e+00 -9.50000e-01 -1.50000e+00  1.26700e+00 
 2.00000e+00 -6.50000e-01 -1.50000e+00  1.26700e+00 
 2.00000e+00 -4.50000e-01 -1.50000e+00  1.26700e+00 
 2.00000e+00 -2.50000e-01 -1.50000e+00  1.26700e+00 
 2.00000e+00 -5.00000e-02 -1.50000e+00  1.26700e+00 
 2.00000e+00  5.00000e-02 -1.50000e+00  1.26700e+00 
 2.00000e+00  2.50000e-01 -1.50000e+00  1.26700e+00 
 2.00000e+00  4.50000e-01 -1.50000e+00  1.26700e+00 
 2.00000e+00  6.50000e-01 -1.50000e+00  1.26700e+00 
 2.00000e+00  9.50000e-01 -1.50000e+00  1.26700e+00 
 2.00000e+00  1.35000e+00 -1.50000e+00  1.26700e+00 
 2.00000e+00  1.95000e+00 -1.50000e+00  1.26700e+00 
 2.00000e+00  2.85000e+00 -1.50000e+00  1.26700e+00 
 3.00000e+00 -2.85000e+00  1.50000e+00  1.26700e+00 
 3.00000e+00 -1.95000e+00  1.50000e+00  1.26700e+00 
 3.00000e+00 -1.35000e+00  1.50000e+00  1.26700e+00 
 3.00000e+00 -9.50000e-01  1.50000e+00  1.26700e+00 
 3.00000e+00 -6.50000e-01  1.50000e+00  1.26700e+00 
 3.00000e+00 -4.50000e-01  1.50000e+00  1.26700e+00 
 3.00000e+00 -2.50000e-01  1.50000e+00  1.26700e+00 
 3.00000e+00 -5.00000e-02  1.50000e+00  1.26700e+00 
 3.00000e+00  5.00000e-02  1.50000e+00  1.26700e+00 
 3.00000e+00  2.50000e-01  1.50000e+00  1.26700e+00 
 3.00000e+00  4.50000e-01  1.50000e+00  1.26700e+00 
 3.00000e+00  6.50000e-01  1.50000e+00  1.26700e+00 
 3.00000e+00  9.50000e-01  1.50000e+00  1.26700e+00 
 3.00000e+00  1.35000e+00  1.50000e+00  1.26700e+00 
 3.00000e+00  1.95000e+00  1.50000e+00  1.26700e+00 
 3.00000e+00  2.85000e+00  1.50000e+00  1.26700e+00 
 0.00000e+00  0.00000e+00 -3.47500e-01  0.00000e+00 
 0.00000e+00  0.00000e+00 -3.17500e-01  0.00000e+00 
 0.00000e+00  0.00000e+00 -2.87500e-01  0.00000e+00 
 0.00000e+00  0.00000e+00 -2.67500e-01  0.00000e+00 
 0.00000e+00  0.00000e+00 -2.47500e-01  0.00000e+00 
 0.00000e+00  0.00000e+00 -2.32500e-01  0.00000e+00 
 0.00000e+00  0.00000e+00 -2.17500e-01  0.00000e+00 
 0.00000e+00  0.00000e+00 -2.07500e-01  0.00000e+00 
 0.00000e+00  0.00000e+00 -1.97500e-01  0.00000e+00 
 0.00000e+00  0.00000e+00 -1.92500e-01  0.00000e+00 
 0.00000e+00  0.00000e+00 -1.87500e-01  0.00000e+00 
 0.00000e+00  0.00000e+00 -1.82500e-01  0.00000e+00 
 0.00000e+00  0.00000e+00 -1.77500e-01  0.00000e+00 
 0.00000e+00  0.00000e+00 -1.72500e-01  0.00000e+00 
 0.00000e+00  0.00000e+00 -1.67500e-01  0.00000e+00 
 0.00000e+00  0.00000e+00 -1.62500e-01  0.00000e+00 
 0.00000e+00  0.00000e+00 -1.57500e-01  0.00000e+00 
 0.00000e+00  0.00000e+00 -1.52500e-01  0.00000e+00 
 0.00000e+00  0.00000e+00 -1.47500e-01  0.00000e+00 
 0.00000e+00  0.00000e+00 -1.42500e-01  0.00000e+00 
 0.00000e+00  0.00000e+00 -1.37500e-01  0.00000e+00 
 0.00000e+00  0.00000e+00 -1.32500e-01  0.00000e+00 
 0.00000e+00  0.00000e+00 -1.27500e-01  0.00000e+00 
 0.00000e+00  0.00000e+00 -1.22500e-01  0.00000e+00 
 0.00000e+00  0.00000e+00 -1.17500e-01  0.00000e+00 
 0.00000e+00  0.00000e+00 -1.12500e-01  0.00000e+00 
 0.00000e+00  0.00000e+00 -1.07500e-01  0.00000e+00 
 0.00000e+00  0.00000e+00 -1.02500e-01  0.00000e+00 
 0.00000e+00  0.00000e+00 -9.75000e-02  0.00000e+00 
 0.00000e+00  0.00000e+00 -9.25000e-02  0.00000e+00 
 0.00000e+00  0.00000e+00 -8.75000e-02  0.00000e+00 
 0.00000e+00  0.00000e+00 -8.25000e-02  0.00000e+00 
 0.00000e+00  0.00000e+00 -7.75000e-02  0.00000e+00 
 0.00000e+00  0.00000e+00 -7.25000e-02  0.00000e+00 
 0.00000e+00  0.00000e+00 -6.75000e-02  0.00000e+00 
 0.00000e+00  0.00000e+00 -6.25000e-02  0.00000e+00 
 0.00000e+00  0.00000e+00 -5.75000e-02  0.00000e+00 
 0.00000e+00  0.00000e+00 -5.25000e-02  0.00000e+00 
 0.00000e+00  0.00000e+00 -4.75000e-02  0.00000e+00 
 0.00000e+00  0.00000e+00 -4.25000e-02  0.00000e+00 
 0.00000e+00  0.00000e+00 -3.75000e-02  0.00000e+00 
 0.00000e+00  0.00000e+00 -3.25000e-02  0.00000e+00 
 0.00000e+00  0.00000e+00 -2.75000e-02  0.00000e+00 
 0.00000e+00  0.00000e+00 -2.25000e-02  0.00000e+00 
 0.00000e+00  0.00000e+00 -1.75000e-02  0.00000e+00 
 0.00000e+00  0.00000e+00 -1.25000e-02  0.00000e+00 
 0.00000e+00  0.00000e+00 -7.50000e-03  0.00000e+00 
 0.00000e+00  0.00000e+00 -2.50000e-03  0.00000e+00 
 0.00000e+00  0.00000e+00  2.50000e-03  0.00000e+00 
 0.00000e+00  0.00000e+00  7.50000e-03  0.00000e+00 
 0.00000e+00  0.00000e+00  1.25000e-02  0.00000e+00 
 0.00000e+00  0.00000e+00  1.75000e-02  0.00000e+00 
 0.00000e+00  0.00000e+00  2.25000e-02  0.00000e+00 
 0.00000e+00  0.00000e+00  2.75000e-02  0.00000e+00 
 0.00000e+00  0.00000e+00  3.25000e-02  0.00000e+00 
 0.00000e+00  0.00000e+00  3.75000e-02  0.00000e+00 
 0.00000e+00  0.00000e+00  4.25000e-02  0.00000e+00 
 0.00000e+00  0.00000e+00  4.75000e-02  0.00000e+00 
 0.00000e+00  0.00000e+00  5.25000e-02  0.00000e+00 
 0.00000e+00  0.00000e+00  5.75000e-02  0.00000e+00 
 0.00000e+00  0.00000e+00  6.25000e-02  0.00000e+00 
 0.00000e+00  0.00000e+00  6.75000e-02  0.00000e+00 
 0.00000e+00  0.00000e+00  7.25000e-02  0.00000e+00 
 0.00000e+00  0.00000e+00  7.75000e-02  0.00000e+00 
 0.00000e+00  0.00000e+00  8.25000e-02  0.00000e+00 
 0.00000e+00  0.00000e+00  8.75000e-02  0.00000e+00 
 0.00000e+00  0.00000e+00  9.25000e-02  0.00000e+00 
 0.00000e+00  0.00000e+00  9.75000e-02  0.00000e+00 
 0.00000e+00  0.00000e+00  1.02500e-01  0.00000e+00 
 0.00000e+00  0.00000e+00  1.07500e-01  0.00000e+00 
 0.00000e+00  0.00000e+00  1.12500e-01  0.00000e+00 
 0.00000e+00  0.00000e+00  1.17500e-01  0.00000e+00 
 0.00000e+00  0.00000e+00  1.22500e-01  0.00000e+00 
 0.00000e+00  0.00000e+00  1.27500e-01  0.00000e+00 
 0.00000e+00  0.00000e+00  1.32500e-01  0.00000e+00 
 0.00000e+00  0.00000e+00  1.37500e-01  0.00000e+00 
 0.00000e+00  0.00000e+00  1.42500e-01  0.00000e+00 
 0.00000e+00  0.00000e+00  1.47500e-01  0.00000e+00 
 0.00000e+00  0.00000e+00  1.52500e-01  0.00000e+00 
 0.00000e+00  0.00000e+00  1.57500e-01  0.00000e+00 
 0.00000e+00  0.00000e+00  1.62500e-01  0.00000e+00 
 0.00000e+00  0.00000e+00  1.67500e-01  0.00000e+00 
 0.00000e+00  0.00000e+00  1.72500e-01  0.00000e+00 
 0.00000e+00  0.00000e+00  1.77500e-01  0.00000e+00 
 0.00000e+00  0.00000e+00  1.82500e-01  0.00000e+00 
 0.00000e+00  0.00000e+00  1.87500e-01  0.00000e+00 
 0.00000e+00  0.00000e+00  1.92500e-01  0.00000e+00 
 0.00000e+00  0.00000e+00  1.97500e-01  0.00000e+00 
 0.00000e+00  0.00000e+00  2.07500e-01  0.00000e+00 
 0.00000e+00  0.00000e+00  2.17500e-01  0.00000e+00 
 0.00000e+00  0.00000e+00  2.32500e-01  0.00000e+00 
 0.00000e+00  0.00000e+00  2.47500e-01  0.00000e+00 
 0.00000e+00  0.00000e+00  2.67500e-01  0.00000e+00 
 0.00000e+00  0.00000e+00  2.87500e-01  0.00000e+00 
 0.00000e+00  0.00000e+00  3.17500e-01  0.00000e+00 
 0.00000e+00  0.00000e+00  3.47500e-01  0.00000e+00 
