-2.71558e-02  4.96824e+00  1.19698e+01 
 4.91243e+01  4.88939e+01  4.86232e+01 
 8.97381e+00  9.17407e+00  9.50117e+00 
 3.15804e+06  3.13950e+06  3.11599e+06 
 1.51703e+03  1.50188e+03  1.48372e+03 
 1.02142e+05  1.02149e+05  1.02155e+05 
 1.74093e+02  1.73088e+02 -2.23701e+02 
 2.85110e+02  3.21024e+02  1.78068e+02 
 2.71398e+02  3.20933e+02  2.34888e+02 
 2.33506e+02  2.92813e+02  2.43057e+02 
 1.77065e+02  2.48347e+02  2.33909e+02 
 1.29452e+02  2.15586e+02  2.36072e+02 
 6.18507e+01  1.64405e+02  2.20810e+02 
-2.61534e+01  9.77868e+01  1.96371e+02 
-1.14782e+02  3.32482e+01  1.35670e+02 
-2.11226e+02 -3.63178e+01  1.05306e+02 
-3.14742e+02 -1.06836e+02  7.23268e+01 
-4.13970e+02 -1.62137e+02  4.36717e+01 
-5.10109e+02 -2.80521e+02  1.78682e+01 
-5.94981e+02 -3.34223e+02 -1.94878e+00 
-7.19986e+02 -3.88032e+02 -1.67135e+01 
-8.44310e+02 -4.37130e+02 -1.79894e+01 
-9.15449e+02 -4.74095e+02 -3.78398e+00 
-9.82320e+02 -4.93608e+02  2.95123e+01 
-1.03699e+03 -4.96616e+02  8.05808e+01 
-1.03810e+03 -4.48226e+02  1.73791e+02 
-1.02700e+03 -3.93247e+02  2.67517e+02 
-1.01493e+03 -3.35735e+02  3.61985e+02 
-9.94467e+02 -2.70063e+02  4.58666e+02 
-9.61617e+02 -1.95060e+02  5.59368e+02 
-9.28253e+02 -1.22078e+02  6.54552e+02 
-8.90716e+02 -4.50767e+01  7.48137e+02 
-8.64385e+02  1.96015e+01  8.27123e+02 
-8.38435e+02  7.96757e+01  8.98602e+02 
-8.14004e+02  1.31281e+02  9.56728e+02 
-7.79279e+02  1.90954e+02  1.01669e+03 
-7.48342e+02  2.51731e+02  1.07940e+03 
-7.18997e+02  3.11454e+02  1.13867e+03 
-6.83056e+02  3.78622e+02  1.20065e+03 
-6.46390e+02  4.48406e+02  1.26049e+03 
-5.98360e+02  5.27755e+02  1.31968e+03 
-5.45765e+02  6.11345e+02  1.37422e+03 
-4.79661e+02  7.03648e+02  1.42378e+03 
-4.03153e+02  8.03419e+02  1.46170e+03 
-3.20612e+02  9.04637e+02  1.48262e+03 
-2.28006e+02  1.01658e+03  1.48466e+03 
-1.55219e+02  1.12173e+03  1.44880e+03 
-7.03836e+01  1.23419e+03  1.34849e+03 
 9.67439e+01  1.35676e+03  1.14731e+03 
 3.27638e+02  1.45613e+03  7.99124e+02 
 5.85968e+02  1.50060e+03  2.03766e+02 
 8.64426e+02  1.44796e+03 -7.61765e+02 
 1.18349e+03  1.20914e+03 -2.18264e+03 
 1.41791e+03  7.64325e+02 -3.81137e+03 
 1.51416e+03  1.41031e+02 -5.48108e+03 
 1.44712e+03 -6.09209e+02 -6.93692e+03 
 1.22292e+03 -1.35194e+03 -7.99212e+03 
 9.15202e+02 -1.84401e+03 -8.12381e+03 
 6.18337e+02 -2.13443e+03 -7.84678e+03 
 3.63279e+02 -2.27578e+03 -7.39666e+03 
 1.09379e+02 -2.44966e+03 -7.08095e+03 
-6.40013e+01 -2.45054e+03 -6.67693e+03 
-1.49297e+02 -2.31226e+03 -6.45379e+03 
-2.25046e+02 -2.21709e+03 -5.08077e+03 
-3.13420e+02 -2.17531e+03 -4.98076e+03 
-3.96772e+02 -2.15381e+03 -4.79548e+03 
-4.74157e+02 -2.13663e+03 -4.59485e+03 
-5.39027e+02 -2.11539e+03 -4.40101e+03 
-5.93887e+02 -2.09043e+03 -4.22152e+03 
-6.38276e+02 -2.05897e+03 -4.04182e+03 
-6.76823e+02 -2.03134e+03 -3.89317e+03 
-7.16912e+02 -2.00668e+03 -3.75194e+03 
-7.50261e+02 -1.98237e+03 -3.62332e+03 
-7.81979e+02 -1.95925e+03 -3.50165e+03 
-8.11150e+02 -1.93745e+03 -3.38794e+03 
-8.35055e+02 -1.91568e+03 -3.26962e+03 
-8.64505e+02 -1.88798e+03 -3.14756e+03 
-8.95292e+02 -1.85802e+03 -3.01503e+03 
-9.28052e+02 -1.83053e+03 -2.87352e+03 
-9.62760e+02 -1.80765e+03 -2.73792e+03 
-9.91796e+02 -1.76368e+03 -2.59041e+03 
-1.01051e+03 -1.68971e+03 -2.43599e+03 
-1.02626e+03 -1.65997e+03 -2.28043e+03 
-1.03655e+03 -1.62316e+03 -2.12218e+03 
-1.03315e+03 -1.55497e+03 -1.92758e+03 
-9.83673e+02 -1.43836e+03 -1.69452e+03 
-9.13681e+02 -1.30809e+03 -1.45044e+03 
-8.43407e+02 -1.17236e+03 -1.20749e+03 
-7.21624e+02 -1.02668e+03 -9.70726e+02 
-5.96606e+02 -8.82601e+02 -7.70605e+02 
-5.04420e+02 -7.39732e+02 -6.26239e+02 
-4.02373e+02 -6.01003e+02 -5.35526e+02 
-3.36668e+02 -4.99712e+02 -4.81703e+02 
-2.02211e+02 -3.50674e+02 -4.64890e+02 
-1.08047e+02 -2.34902e+02 -4.46568e+02 
-1.27579e+01 -1.27308e+02 -4.24863e+02 
 2.58876e+01 -5.75340e+01 -4.01971e+02 
 1.31534e+02  3.72999e+01 -3.82694e+02 
 1.78693e+02  8.99568e+01 -3.64124e+02 
 2.25870e+02  1.40103e+02 -3.45038e+02 
 2.56312e+02  1.73915e+02 -3.27840e+02 
 2.69041e+02  1.98875e+02 -3.04121e+02 
-5.72376e+01 -3.68018e+01 -4.00062e+00 
-6.95941e+01 -4.31462e+01 -4.33309e+00 
-6.93444e+01 -3.80338e+01  5.83072e+00 
-6.85300e+01 -3.13078e+01  1.86642e+01 
-6.90082e+01 -2.45563e+01  3.27895e+01 
-6.95759e+01 -2.10334e+01  4.03618e+01 
-7.19718e+01 -1.90374e+01  4.67976e+01 
-7.82810e+01 -2.01900e+01  5.08053e+01 
-8.60537e+01 -2.21051e+01  5.42773e+01 
-7.93588e+01 -1.06127e+01  7.05154e+01 
-7.70040e+01 -2.81620e+00  8.33552e+01 
-7.54443e+01  4.43541e+00  9.62159e+01 
-8.26392e+01  4.02267e+00  1.02243e+02 
-8.33114e+01  9.42758e+00  1.13069e+02 
-9.01091e+01  9.69274e+00  1.19571e+02 
-9.54367e+01  1.04136e+01  1.25951e+02 
-1.15954e+02 -1.34291e+00  1.22342e+02 
-1.12097e+02  6.90160e+00  1.33938e+02 
-1.18062e+02  6.30279e+00  1.37814e+02 
-1.22258e+02  6.37366e+00  1.41323e+02 
-1.22063e+02  9.18834e+00  1.46141e+02 
-1.28966e+02  5.08033e+00  1.44309e+02 
-1.34064e+02  1.31613e+00  1.41196e+02 
-1.49335e+02 -1.24444e+01  1.28360e+02 
-1.30741e+02  1.84868e+00  1.37852e+02 
-1.27907e+02  1.78093e+00  1.34140e+02 
-1.23080e+02  2.43293e+00  1.30742e+02 
-1.21856e+02 -1.04440e+00  1.22332e+02 
-1.17985e+02 -2.45072e+00  1.15667e+02 
-1.12190e+02 -3.00673e+00  1.08674e+02 
-1.09334e+02 -6.32145e+00  9.92540e+01 
-1.10263e+02 -1.34864e+01  8.60593e+01 
-1.10076e+02 -1.95854e+01  7.36444e+01 
-1.00295e+02 -1.69467e+01  6.95670e+01 
-1.03660e+02 -2.60567e+01  5.46379e+01 
-9.50515e+01 -2.40533e+01  5.00734e+01 
-9.26674e+01 -2.72412e+01  4.13839e+01 
-9.25872e+01 -3.25421e+01  3.09529e+01 
-8.77054e+01 -3.30126e+01  2.52989e+01 
-8.56870e+01 -3.59500e+01  1.76799e+01 
-7.85678e+01 -3.35266e+01  1.55424e+01 
-7.92588e+01 -3.80623e+01  7.02375e+00 
-7.95381e+01 -4.21024e+01 -7.58984e-01 
-8.46882e+01 -5.07983e+01 -1.27021e+01 
-8.74821e+01 -5.97818e+01 -2.76742e+01 
-9.92671e+01 -7.70969e+01 -5.04028e+01 
-1.04245e+02 -8.71299e+01 -6.56188e+01 
-1.08436e+02 -9.79910e+01 -8.46891e+01 
-6.03544e+01 -7.28286e+01 -7.64718e+01 
-6.42773e+01 -8.27775e+01 -9.30844e+01 
-6.51705e+01 -8.87315e+01 -1.04963e+02 
-6.51037e+01 -9.49587e+01 -1.18394e+02 
-7.02454e+01 -1.07657e+02 -1.39776e+02 
-7.04931e+01 -1.12187e+02 -1.49236e+02 
-7.22331e+01 -1.18636e+02 -1.61463e+02 
-7.67174e+01 -1.28135e+02 -1.77209e+02 
-7.93583e+01 -1.36238e+02 -1.91897e+02 
-8.67982e+01 -1.49901e+02 -2.13146e+02 
-8.91490e+01 -1.58874e+02 -2.30305e+02 
-8.62775e+01 -1.62634e+02 -2.42240e+02 
-9.01605e+01 -1.73891e+02 -2.61459e+02 
-9.16842e+01 -1.82518e+02 -2.79816e+02 
-9.16605e+01 -1.89624e+02 -2.96125e+02 
-9.90652e+01 -2.04382e+02 -3.21671e+02 
-1.02422e+02 -2.14576e+02 -3.41127e+02 
-1.04065e+02 -2.22711e+02 -3.58062e+02 
-1.06707e+02 -2.31097e+02 -3.74100e+02 
-1.13682e+02 -2.43338e+02 -3.93343e+02 
-1.20193e+02 -2.53559e+02 -4.08979e+02 
-1.23335e+02 -2.59071e+02 -4.17980e+02 
-1.31513e+02 -2.69250e+02 -4.30787e+02 
-1.33815e+02 -2.70824e+02 -4.31684e+02 
-1.35116e+02 -2.70063e+02 -4.28887e+02 
-1.31105e+02 -2.63037e+02 -4.17746e+02 
-1.27979e+02 -2.55436e+02 -4.04562e+02 
-1.30326e+02 -2.52780e+02 -3.96079e+02 
-1.20185e+02 -2.35452e+02 -3.70508e+02 
-1.18122e+02 -2.27895e+02 -3.54240e+02 
-1.12444e+02 -2.15352e+02 -3.32851e+02 
-1.08456e+02 -2.03981e+02 -3.13007e+02 
-1.10957e+02 -1.99879e+02 -3.00996e+02 
-1.05116e+02 -1.87137e+02 -2.79783e+02 
-1.02635e+02 -1.77334e+02 -2.63693e+02 
-9.74447e+01 -1.65465e+02 -2.43183e+02 
-9.30265e+01 -1.55234e+02 -2.26229e+02 
-9.60924e+01 -1.52637e+02 -2.17204e+02 
-9.67574e+01 -1.47672e+02 -2.05855e+02 
-8.86536e+01 -1.34758e+02 -1.87157e+02 
-8.74113e+01 -1.29153e+02 -1.76422e+02 
-8.94913e+01 -1.27046e+02 -1.69687e+02 
-8.53490e+01 -1.19283e+02 -1.57447e+02 
-8.61524e+01 -1.16305e+02 -1.50552e+02 
-8.60393e+01 -1.09426e+02 -1.36830e+02 
-7.95524e+01 -9.79445e+01 -1.19966e+02 
-8.55142e+01 -9.91390e+01 -1.15655e+02 
-8.85170e+01 -9.64535e+01 -1.06761e+02 
-6.01893e+01 -3.96255e+01 -6.79797e+00 
-7.16169e+01 -2.69916e+01  3.04953e+01 
-7.46263e+01 -6.77800e-01  8.54023e+01 
-9.19811e+01  7.79790e+00  1.18277e+02 
-1.07462e+02  1.13406e+01  1.38247e+02 
-1.15628e+02  1.23977e+01  1.47096e+02 
-1.24678e+02  9.17847e+00  1.48057e+02 
-1.25583e+02  8.08860e+00  1.45733e+02 
-1.31762e+02  1.28737e+00  1.37784e+02 
-1.21406e+02  3.88203e+00  1.32250e+02 
-1.21355e+02 -5.50881e+00  1.13058e+02 
-1.10374e+02 -7.32418e+00  9.86188e+01 
-1.02028e+02 -1.83729e+01  6.84050e+01 
-8.54467e+01 -2.57185e+01  3.73781e+01 
-8.34852e+01 -4.95974e+01 -1.16406e+01 
-1.05236e+02 -9.47580e+01 -8.16260e+01 
-6.09206e+01 -7.33215e+01 -7.69737e+01 
-6.90020e+01 -1.06393e+02 -1.38434e+02 
-7.99002e+01 -1.49016e+02 -2.19895e+02 
-9.37614e+01 -1.92001e+02 -2.99903e+02 
-1.05315e+02 -2.23293e+02 -3.58784e+02 
-1.12173e+02 -2.41459e+02 -3.91383e+02 
-1.24096e+02 -2.60091e+02 -4.19263e+02 
-1.31977e+02 -2.68170e+02 -4.29050e+02 
-1.31068e+02 -2.65938e+02 -4.24574e+02 
-1.29070e+02 -2.56673e+02 -4.06454e+02 
-1.22205e+02 -2.38082e+02 -3.73764e+02 
-1.14983e+02 -2.17390e+02 -3.36490e+02 
-1.02499e+02 -1.84201e+02 -2.78134e+02 
-9.21669e+01 -1.48836e+02 -2.13389e+02 
-8.11918e+01 -1.11521e+02 -1.45754e+02 
-8.65067e+01 -9.44004e+01 -1.04767e+02 
 1.51431e+03  1.50133e+03  1.48861e+03 
 1.51438e+03  1.50062e+03  1.48809e+03 
 1.51551e+03  1.50174e+03  1.48920e+03 
 1.51477e+03  1.50107e+03  1.48863e+03 
 1.51505e+03  1.50158e+03  1.48885e+03 
 1.51345e+03  1.49992e+03  1.48704e+03 
 1.51458e+03  1.50137e+03  1.48840e+03 
 1.51372e+03  1.50019e+03  1.48747e+03 
 1.51564e+03  1.50233e+03  1.48936e+03 
 1.51433e+03  1.50076e+03  1.48799e+03 
 1.51538e+03  1.50204e+03  1.48911e+03 
 1.51423e+03  1.50096e+03  1.48805e+03 
 1.51595e+03  1.50281e+03  1.49001e+03 
 1.51378e+03  1.50042e+03  1.48765e+03 
 1.51515e+03  1.50181e+03  1.48894e+03 
 1.51423e+03  1.50054e+03  1.48752e+03 
 1.51512e+03  1.50134e+03  1.48827e+03 
 1.51433e+03  1.50039e+03  1.48770e+03 
 1.51565e+03  1.50203e+03  1.48891e+03 
 1.51441e+03  1.50059e+03  1.48762e+03 
 1.51517e+03  1.50137e+03  1.48843e+03 
 1.51434e+03  1.50019e+03  1.48704e+03 
 1.51537e+03  1.50146e+03  1.48821e+03 
 1.51505e+03  1.50082e+03  1.48736e+03 
 1.51463e+03  1.50082e+03  1.48688e+03 
 1.51500e+03  1.50087e+03  1.48677e+03 
 1.51518e+03  1.50147e+03  1.48682e+03 
 1.51547e+03  1.50154e+03  1.48649e+03 
 1.51463e+03  1.50080e+03  1.48473e+03 
 1.51415e+03  1.50015e+03  1.48295e+03 
 1.51469e+03  1.50104e+03  1.48316e+03 
 1.51382e+03  1.49963e+03  1.47997e+03 
 1.51516e+03  1.50109e+03  1.47960e+03 
 1.51479e+03  1.50019e+03  1.47619e+03 
 1.51472e+03  1.49887e+03  1.47339e+03 
 1.51454e+03  1.49659e+03  1.46995e+03 
 1.51344e+03  1.49267e+03  1.46585e+03 
 1.51059e+03  1.48486e+03  1.45965e+03 
 1.50548e+03  1.47500e+03  1.45498e+03 
 1.49391e+03  1.46007e+03  1.44726e+03 
 1.48231e+03  1.44714e+03  1.44099e+03 
 1.45741e+03  1.42359e+03  1.43118e+03 
 1.43335e+03  1.40276e+03  1.42322e+03 
 1.40588e+03  1.38113e+03  1.41503e+03 
 1.37384e+03  1.35534e+03  1.40316e+03 
 1.35949e+03  1.34365e+03  1.39596e+03 
 1.34196e+03  1.32960e+03  1.38672e+03 
 1.33426e+03  1.32016e+03  1.37725e+03 
 1.33675e+03  1.31533e+03  1.36481e+03 
 1.34814e+03  1.31791e+03  1.35679e+03 
 1.36902e+03  1.32739e+03  1.34907e+03 
 1.39221e+03  1.33838e+03  1.33991e+03 
 1.42154e+03  1.35640e+03  1.33133e+03 
 1.44519e+03  1.37343e+03  1.32399e+03 
 1.46930e+03  1.39538e+03  1.31907e+03 
 1.48687e+03  1.41502e+03  1.31273e+03 
 1.49952e+03  1.43295e+03  1.30769e+03 
 1.50687e+03  1.44924e+03  1.30404e+03 
 1.51215e+03  1.46763e+03  1.30171e+03 
 1.51293e+03  1.47745e+03  1.30020e+03 
 1.51355e+03  1.48622e+03  1.29647e+03 
 1.51407e+03  1.49251e+03  1.29617e+03 
 1.51430e+03  1.49608e+03  1.29712e+03 
 1.51455e+03  1.49846e+03  1.29866e+03 
 1.51482e+03  1.50037e+03  1.29828e+03 
 1.51444e+03  1.50035e+03  1.29993e+03 
 1.51428e+03  1.50061e+03  1.30201e+03 
 1.51373e+03  1.50023e+03  1.30417e+03 
 1.50619e+03  1.49252e+03  1.29732e+03 
 1.51451e+03  1.50119e+03  1.30895e+03 
 1.51318e+03  1.49934e+03  1.31195e+03 
 1.51371e+03  1.50033e+03  1.31662e+03 
 1.51401e+03  1.50034e+03  1.31749e+03 
 1.51424e+03  1.50093e+03  1.32188e+03 
 1.51423e+03  1.50041e+03  1.32696e+03 
 1.51426e+03  1.50073e+03  1.32893e+03 
 1.51333e+03  1.49957e+03  1.32773e+03 
 1.51433e+03  1.50112e+03  1.33229e+03 
 1.51356e+03  1.50004e+03  1.33234e+03 
 1.51465e+03  1.50090e+03  1.33755e+03 
 1.51335e+03  1.49958e+03  1.34002e+03 
 1.51342e+03  1.50009e+03  1.34335e+03 
 1.51480e+03  1.50098e+03  1.35001e+03 
 1.51432e+03  1.50085e+03  1.35122e+03 
 1.51376e+03  1.50000e+03  1.35099e+03 
 1.51413e+03  1.50034e+03  1.35294e+03 
 1.51444e+03  1.50041e+03  1.35472e+03 
 1.51449e+03  1.50074e+03  1.35990e+03 
 1.51370e+03  1.49993e+03  1.36787e+03 
 1.51499e+03  1.50131e+03  1.37338e+03 
 1.51319e+03  1.49948e+03  1.37787e+03 
 1.51481e+03  1.50127e+03  1.39100e+03 
 1.51321e+03  1.49968e+03  1.40251e+03 
 1.51403e+03  1.50034e+03  1.41738e+03 
 1.51364e+03  1.49989e+03  1.43725e+03 
 1.51106e+03  1.49798e+03  1.45057e+03 
-1.14058e+00  8.98875e+02  1.84439e+03 
-2.65818e+01 -4.04080e+01 -5.19796e+02 
 1.77946e+00  6.37455e+02  1.31978e+03 
 4.85779e+01 -6.66172e+01 -7.50521e+01 
 0.00000e+00  9.00000e-01  0.00000e+00  9.99540e-01 
 0.00000e+00  8.71299e-01 -1.84230e-03  9.70290e-01 
 0.00000e+00  8.48880e-01 -3.73860e-03  9.77130e-01 
 0.00000e+00  8.26542e-01 -6.47676e-03  9.83970e-01 
 0.00000e+00  7.99830e-01 -1.04112e-02  9.92160e-01 
 0.00000e+00  7.73172e-01 -1.46979e-02  1.00035e+00 
 0.00000e+00  7.42149e-01 -2.01222e-02  1.00980e+00 
 0.00000e+00  7.06761e-01 -2.67264e-02  1.02069e+00 
 0.00000e+00  6.71409e-01 -3.35484e-02  1.03149e+00 
 0.00000e+00  6.36075e-01 -4.04244e-02  1.04229e+00 
 0.00000e+00  6.00714e-01 -4.71789e-02  9.23040e-01 
 0.00000e+00  5.65308e-01 -5.36796e-02  9.33840e-01 
 0.00000e+00  5.29830e-01 -5.98023e-02  9.44730e-01 
 0.00000e+00  4.94271e-01 -6.54129e-02  9.55620e-01 
 0.00000e+00  4.58613e-01 -7.03890e-02  9.66510e-01 
 0.00000e+00  4.22865e-01 -7.45848e-02  9.77490e-01 
 0.00000e+00  3.87009e-01 -7.78491e-02  9.88470e-01 
 0.00000e+00  3.51081e-01 -8.00424e-02  9.99450e-01 
 0.00000e+00  3.15090e-01 -8.09991e-02  1.01043e+00 
 0.00000e+00  2.79099e-01 -8.05437e-02  1.02150e+00 
 0.00000e+00  2.48535e-01 -7.91271e-02  1.03086e+00 
 0.00000e+00  2.20716e-01 -7.70238e-02  1.03941e+00 
 0.00000e+00  1.95651e-01 -7.44201e-02  1.04706e+00 
 0.00000e+00  1.73340e-01 -7.14969e-02  1.05390e+00 
 0.00000e+00  1.53783e-01 -6.84324e-02  1.05984e+00 
 0.00000e+00  1.36953e-01 -6.54012e-02  1.06506e+00 
 0.00000e+00  1.22832e-01 -6.25581e-02  1.06938e+00 
 0.00000e+00  1.11411e-01 -6.00255e-02  1.07289e+00 
 0.00000e+00  1.02663e-01 -5.79258e-02  9.20880e-01 
 0.00000e+00  9.42030e-02 -5.57505e-02  9.23580e-01 
 0.00000e+00  8.60490e-02 -5.35050e-02  9.26460e-01 
 0.00000e+00  7.81929e-02 -5.11911e-02  9.29520e-01 
 0.00000e+00  7.06392e-02 -4.88106e-02  9.32760e-01 
 0.00000e+00  6.33897e-02 -4.63662e-02  9.36180e-01 
 0.00000e+00  5.64507e-02 -4.38552e-02  9.39780e-01 
 0.00000e+00  4.98267e-02 -4.12713e-02  9.43560e-01 
 0.00000e+00  4.35222e-02 -3.86172e-02  9.47430e-01 
 0.00000e+00  3.75426e-02 -3.58956e-02  9.51480e-01 
 0.00000e+00  3.18924e-02 -3.31101e-02  9.55710e-01 
 0.00000e+00  2.65734e-02 -3.02697e-02  9.60030e-01 
 0.00000e+00  2.15847e-02 -2.73915e-02  9.64440e-01 
 0.00000e+00  1.69605e-02 -2.44323e-02  9.68940e-01 
 0.00000e+00  1.27962e-02 -2.12868e-02  9.73440e-01 
 0.00000e+00  9.13770e-03 -1.79550e-02  9.77940e-01 
 0.00000e+00  5.96844e-03 -1.45125e-02  9.82530e-01 
 0.00000e+00  3.36672e-03 -1.09548e-02  9.87030e-01 
 0.00000e+00  1.47150e-03 -7.27821e-03  9.91440e-01 
 0.00000e+00  3.52197e-04 -3.57831e-03  9.95670e-01 
 0.00000e+00  0.00000e+00  0.00000e+00  9.99540e-01 
 9.00000e-01  3.52197e-04  3.57831e-03  1.00332e+00 
 9.00000e-01  1.47150e-03  7.27821e-03  1.00755e+00 
 9.00000e-01  3.36672e-03  1.09548e-02  1.01196e+00 
 9.00000e-01  5.96844e-03  1.45125e-02  1.01646e+00 
 9.00000e-01  9.13770e-03  1.79550e-02  1.02105e+00 
 9.00000e-01  1.27962e-02  2.12868e-02  1.02555e+00 
 9.00000e-01  1.69605e-02  2.44323e-02  1.03005e+00 
 9.00000e-01  2.15847e-02  2.73915e-02  1.03455e+00 
 9.00000e-01  2.65734e-02  3.02697e-02  1.03896e+00 
 9.00000e-01  3.18924e-02  3.31101e-02  1.04328e+00 
 9.00000e-01  3.75426e-02  3.58956e-02  1.04751e+00 
 9.00000e-01  4.35222e-02  3.86172e-02  1.05156e+00 
 9.00000e-01  4.98267e-02  4.12713e-02  1.05552e+00 
 9.00000e-01  5.64507e-02  4.38552e-02  1.05921e+00 
 9.00000e-01  6.33897e-02  4.63662e-02  1.06281e+00 
 9.00000e-01  7.06392e-02  4.88106e-02  1.06632e+00 
 9.00000e-01  7.81929e-02  5.11911e-02  1.06956e+00 
 9.00000e-01  8.60490e-02  5.35050e-02  1.07253e+00 
 9.00000e-01  9.42030e-02  5.57505e-02  1.07541e+00 
 9.00000e-01  1.02663e-01  5.79258e-02  1.07811e+00 
 9.00000e-01  1.11411e-01  6.00255e-02  9.26100e-01 
 9.00000e-01  1.22832e-01  6.25581e-02  9.29610e-01 
 9.00000e-01  1.36953e-01  6.54012e-02  9.33930e-01 
 9.00000e-01  1.53783e-01  6.84324e-02  9.39150e-01 
 9.00000e-01  1.73340e-01  7.14969e-02  9.45090e-01 
 9.00000e-01  1.95651e-01  7.44201e-02  9.51930e-01 
 9.00000e-01  2.20716e-01  7.70238e-02  9.59580e-01 
 9.00000e-01  2.48535e-01  7.91271e-02  9.68130e-01 
 9.00000e-01  2.79099e-01  8.05437e-02  9.77490e-01 
 9.00000e-01  3.15090e-01  8.09991e-02  9.88560e-01 
 9.00000e-01  3.51081e-01  8.00424e-02  9.99540e-01 
 9.00000e-01  3.87009e-01  7.78491e-02  1.01052e+00 
 9.00000e-01  4.22865e-01  7.45848e-02  1.02150e+00 
 9.00000e-01  4.58613e-01  7.03890e-02  1.03248e+00 
 9.00000e-01  4.94271e-01  6.54129e-02  1.04337e+00 
 9.00000e-01  5.29830e-01  5.98023e-02  1.05426e+00 
 9.00000e-01  5.65308e-01  5.36796e-02  1.06515e+00 
 9.00000e-01  6.00714e-01  4.71789e-02  1.07604e+00 
 9.00000e-01  6.36075e-01  4.04244e-02  9.56700e-01 
 9.00000e-01  6.71409e-01  3.35484e-02  9.67500e-01 
 9.00000e-01  7.06761e-01  2.67264e-02  9.78300e-01 
 9.00000e-01  7.42149e-01  2.01222e-02  9.89190e-01 
 9.00000e-01  7.73172e-01  1.46979e-02  9.98640e-01 
 9.00000e-01  7.99830e-01  1.04112e-02  1.00683e+00 
 9.00000e-01  8.26542e-01  6.47676e-03  1.01502e+00 
 9.00000e-01  8.48880e-01  3.73860e-03  1.02186e+00 
 9.00000e-01  8.71299e-01  1.84230e-03  1.02870e+00 
 0.00000e+00 -2.85000e+00 -1.50000e+00  7.27000e-01 
 0.00000e+00 -2.55000e+00 -1.50000e+00  7.27000e-01 
 0.00000e+00 -2.35000e+00 -1.50000e+00  7.27000e-01 
 0.00000e+00 -2.15000e+00 -1.50000e+00  7.27000e-01 
 0.00000e+00 -1.95000e+00 -1.50000e+00  7.27000e-01 
 0.00000e+00 -1.85000e+00 -1.50000e+00  7.27000e-01 
 0.00000e+00 -1.75000e+00 -1.50000e+00  7.27000e-01 
 0.00000e+00 -1.65000e+00 -1.50000e+00  7.27000e-01 
 0.00000e+00 -1.55000e+00 -1.50000e+00  7.27000e-01 
 0.00000e+00 -1.45000e+00 -1.50000e+00  7.27000e-01 
 0.00000e+00 -1.35000e+00 -1.50000e+00  7.27000e-01 
 0.00000e+00 -1.25000e+00 -1.50000e+00  7.27000e-01 
 0.00000e+00 -1.15000e+00 -1.50000e+00  7.27000e-01 
 0.00000e+00 -1.05000e+00 -1.50000e+00  7.27000e-01 
 0.00000e+00 -9.50000e-01 -1.50000e+00  7.27000e-01 
 0.00000e+00 -8.50000e-01 -1.50000e+00  7.27000e-01 
 0.00000e+00 -7.50000e-01 -1.50000e+00  7.27000e-01 
 0.00000e+00 -6.50000e-01 -1.50000e+00  7.27000e-01 
 0.00000e+00 -5.50000e-01 -1.50000e+00  7.27000e-01 
 0.00000e+00 -4.50000e-01 -1.50000e+00  7.27000e-01 
 0.00000e+00 -3.50000e-01 -1.50000e+00  7.27000e-01 
 0.00000e+00 -2.50000e-01 -1.50000e+00  7.27000e-01 
 0.00000e+00 -1.50000e-01 -1.50000e+00  7.27000e-01 
 0.00000e+00 -5.00000e-02 -1.50000e+00  7.27000e-01 
 0.00000e+00  5.00000e-02 -1.50000e+00  7.27000e-01 
 0.00000e+00  1.50000e-01 -1.50000e+00  7.27000e-01 
 0.00000e+00  2.50000e-01 -1.50000e+00  7.27000e-01 
 0.00000e+00  3.50000e-01 -1.50000e+00  7.27000e-01 
 0.00000e+00  4.50000e-01 -1.50000e+00  7.27000e-01 
 0.00000e+00  5.50000e-01 -1.50000e+00  7.27000e-01 
 0.00000e+00  6.50000e-01 -1.50000e+00  7.27000e-01 
 0.00000e+00  7.50000e-01 -1.50000e+00  7.27000e-01 
 0.00000e+00  8.50000e-01 -1.50000e+00  7.27000e-01 
 0.00000e+00  9.50000e-01 -1.50000e+00  7.27000e-01 
 0.00000e+00  1.05000e+00 -1.50000e+00  7.27000e-01 
 0.00000e+00  1.15000e+00 -1.50000e+00  7.27000e-01 
 0.00000e+00  1.25000e+00 -1.50000e+00  7.27000e-01 
 0.00000e+00  1.35000e+00 -1.50000e+00  7.27000e-01 
 0.00000e+00  1.45000e+00 -1.50000e+00  7.27000e-01 
 0.00000e+00  1.55000e+00 -1.50000e+00  7.27000e-01 
 0.00000e+00  1.65000e+00 -1.50000e+00  7.27000e-01 
 0.00000e+00  1.75000e+00 -1.50000e+00  7.27000e-01 
 0.00000e+00  1.85000e+00 -1.50000e+00  7.27000e-01 
 0.00000e+00  1.95000e+00 -1.50000e+00  7.27000e-01 
 0.00000e+00  2.15000e+00 -1.50000e+00  7.27000e-01 
 0.00000e+00  2.35000e+00 -1.50000e+00  7.27000e-01 
 0.00000e+00  2.55000e+00 -1.50000e+00  7.27000e-01 
 0.00000e+00  2.85000e+00 -1.50000e+00  7.27000e-01 
 1.00000e+00 -2.85000e+00  1.50000e+00  7.27000e-01 
 1.00000e+00 -2.55000e+00  1.50000e+00  7.27000e-01 
 1.00000e+00 -2.35000e+00  1.50000e+00  7.27000e-01 
 1.00000e+00 -2.15000e+00  1.50000e+00  7.27000e-01 
 1.00000e+00 -1.95000e+00  1.50000e+00  7.27000e-01 
 1.00000e+00 -1.85000e+00  1.50000e+00  7.27000e-01 
 1.00000e+00 -1.75000e+00  1.50000e+00  7.27000e-01 
 1.00000e+00 -1.65000e+00  1.50000e+00  7.27000e-01 
 1.00000e+00 -1.55000e+00  1.50000e+00  7.27000e-01 
 1.00000e+00 -1.45000e+00  1.50000e+00  7.27000e-01 
 1.00000e+00 -1.35000e+00  1.50000e+00  7.27000e-01 
 1.00000e+00 -1.25000e+00  1.50000e+00  7.27000e-01 
 1.00000e+00 -1.15000e+00  1.50000e+00  7.27000e-01 
 1.00000e+00 -1.05000e+00  1.50000e+00  7.27000e-01 
 1.00000e+00 -9.50000e-01  1.50000e+00  7.27000e-01 
 1.00000e+00 -8.50000e-01  1.50000e+00  7.27000e-01 
 1.00000e+00 -7.50000e-01  1.50000e+00  7.27000e-01 
 1.00000e+00 -6.50000e-01  1.50000e+00  7.27000e-01 
 1.00000e+00 -5.50000e-01  1.50000e+00  7.27000e-01 
 1.00000e+00 -4.50000e-01  1.50000e+00  7.27000e-01 
 1.00000e+00 -3.50000e-01  1.50000e+00  7.27000e-01 
 1.00000e+00 -2.50000e-01  1.50000e+00  7.27000e-01 
 1.00000e+00 -1.50000e-01  1.50000e+00  7.27000e-01 
 1.00000e+00 -5.00000e-02  1.50000e+00  7.27000e-01 
 1.00000e+00  5.00000e-02  1.50000e+00  7.27000e-01 
 1.00000e+00  1.50000e-01  1.50000e+00  7.27000e-01 
 1.00000e+00  2.50000e-01  1.50000e+00  7.27000e-01 
 1.00000e+00  3.50000e-01  1.50000e+00  7.27000e-01 
 1.00000e+00  4.50000e-01  1.50000e+00  7.27000e-01 
 1.00000e+00  5.50000e-01  1.50000e+00  7.27000e-01 
 1.00000e+00  6.50000e-01  1.50000e+00  7.27000e-01 
 1.00000e+00  7.50000e-01  1.50000e+00  7.27000e-01 
 1.00000e+00  8.50000e-01  1.50000e+00  7.27000e-01 
 1.00000e+00  9.50000e-01  1.50000e+00  7.27000e-01 
 1.00000e+00  1.05000e+00  1.50000e+00  7.27000e-01 
 1.00000e+00  1.15000e+00  1.50000e+00  7.27000e-01 
 1.00000e+00  1.25000e+00  1.50000e+00  7.27000e-01 
 1.00000e+00  1.35000e+00  1.50000e+00  7.27000e-01 
 1.00000e+00  1.45000e+00  1.50000e+00  7.27000e-01 
 1.00000e+00  1.55000e+00  1.50000e+00  7.27000e-01 
 1.00000e+00  1.65000e+00  1.50000e+00  7.27000e-01 
 1.00000e+00  1.75000e+00  1.50000e+00  7.27000e-01 
 1.00000e+00  1.85000e+00  1.50000e+00  7.27000e-01 
 1.00000e+00  1.95000e+00  1.50000e+00  7.27000e-01 
 1.00000e+00  2.15000e+00  1.50000e+00  7.27000e-01 
 1.00000e+00  2.35000e+00  1.50000e+00  7.27000e-01 
 1.00000e+00  2.55000e+00  1.50000e+00  7.27000e-01 
 1.00000e+00  2.85000e+00  1.50000e+00  7.27000e-01 
 2.00000e+00 -2.85000e+00 -1.50000e+00  1.26700e+00 
 2.00000e+00 -1.95000e+00 -1.50000e+00  1.26700e+00 
 2.00000e+00 -1.35000e+00 -1.50000e+00  1.26700e+00 
 2.00000e+00 -9.50000e-01 -1.50000e+00  1.26700e+00 
 2.00000e+00 -6.50000e-01 -1.50000e+00  1.26700e+00 
 2.00000e+00 -4.50000e-01 -1.50000e+00  1.26700e+00 
 2.00000e+00 -2.50000e-01 -1.50000e+00  1.26700e+00 
 2.00000e+00 -5.00000e-02 -1.50000e+00  1.26700e+00 
 2.00000e+00  5.00000e-02 -1.50000e+00  1.26700e+00 
 2.00000e+00  2.50000e-01 -1.50000e+00  1.26700e+00 
 2.00000e+00  4.50000e-01 -1.50000e+00  1.26700e+00 
 2.00000e+00  6.50000e-01 -1.50000e+00  1.26700e+00 
 2.00000e+00  9.50000e-01 -1.50000e+00  1.26700e+00 
 2.00000e+00  1.35000e+00 -1.50000e+00  1.26700e+00 
 2.00000e+00  1.95000e+00 -1.50000e+00  1.26700e+00 
 2.00000e+00  2.85000e+00 -1.50000e+00  1.26700e+00 
 3.00000e+00 -2.85000e+00  1.50000e+00  1.26700e+00 
 3.00000e+00 -1.95000e+00  1.50000e+00  1.26700e+00 
 3.00000e+00 -1.35000e+00  1.50000e+00  1.26700e+00 
 3.00000e+00 -9.50000e-01  1.50000e+00  1.26700e+00 
 3.00000e+00 -6.50000e-01  1.50000e+00  1.26700e+00 
 3.00000e+00 -4.50000e-01  1.50000e+00  1.26700e+00 
 3.00000e+00 -2.50000e-01  1.50000e+00  1.26700e+00 
 3.00000e+00 -5.00000e-02  1.50000e+00  1.26700e+00 
 3.00000e+00  5.00000e-02  1.50000e+00  1.26700e+00 
 3.00000e+00  2.50000e-01  1.50000e+00  1.26700e+00 
 3.00000e+00  4.50000e-01  1.50000e+00  1.26700e+00 
 3.00000e+00  6.50000e-01  1.50000e+00  1.26700e+00 
 3.00000e+00  9.50000e-01  1.50000e+00  1.26700e+00 
 3.00000e+00  1.35000e+00  1.50000e+00  1.26700e+00 
 3.00000e+00  1.95000e+00  1.50000e+00  1.26700e+00 
 3.00000e+00  2.85000e+00  1.50000e+00  1.26700e+00 
 0.00000e+00  0.00000e+00 -3.47500e-01  0.00000e+00 
 0.00000e+00  0.00000e+00 -3.17500e-01  0.00000e+00 
 0.00000e+00  0.00000e+00 -2.87500e-01  0.00000e+00 
 0.00000e+00  0.00000e+00 -2.67500e-01  0.00000e+00 
 0.00000e+00  0.00000e+00 -2.47500e-01  0.00000e+00 
 0.00000e+00  0.00000e+00 -2.32500e-01  0.00000e+00 
 0.00000e+00  0.00000e+00 -2.17500e-01  0.00000e+00 
 0.00000e+00  0.00000e+00 -2.07500e-01  0.00000e+00 
 0.00000e+00  0.00000e+00 -1.97500e-01  0.00000e+00 
 0.00000e+00  0.00000e+00 -1.92500e-01  0.00000e+00 
 0.00000e+00  0.00000e+00 -1.87500e-01  0.00000e+00 
 0.00000e+00  0.00000e+00 -1.82500e-01  0.00000e+00 
 0.00000e+00  0.00000e+00 -1.77500e-01  0.00000e+00 
 0.00000e+00  0.00000e+00 -1.72500e-01  0.00000e+00 
 0.00000e+00  0.00000e+00 -1.67500e-01  0.00000e+00 
 0.00000e+00  0.00000e+00 -1.62500e-01  0.00000e+00 
 0.00000e+00  0.00000e+00 -1.57500e-01  0.00000e+00 
 0.00000e+00  0.00000e+00 -1.52500e-01  0.00000e+00 
 0.00000e+00  0.00000e+00 -1.47500e-01  0.00000e+00 
 0.00000e+00  0.00000e+00 -1.42500e-01  0.00000e+00 
 0.00000e+00  0.00000e+00 -1.37500e-01  0.00000e+00 
 0.00000e+00  0.00000e+00 -1.32500e-01  0.00000e+00 
 0.00000e+00  0.00000e+00 -1.27500e-01  0.00000e+00 
 0.00000e+00  0.00000e+00 -1.22500e-01  0.00000e+00 
 0.00000e+00  0.00000e+00 -1.17500e-01  0.00000e+00 
 0.00000e+00  0.00000e+00 -1.12500e-01  0.00000e+00 
 0.00000e+00  0.00000e+00 -1.07500e-01  0.00000e+00 
 0.00000e+00  0.00000e+00 -1.02500e-01  0.00000e+00 
 0.00000e+00  0.00000e+00 -9.75000e-02  0.00000e+00 
 0.00000e+00  0.00000e+00 -9.25000e-02  0.00000e+00 
 0.00000e+00  0.00000e+00 -8.75000e-02  0.00000e+00 
 0.00000e+00  0.00000e+00 -8.25000e-02  0.00000e+00 
 0.00000e+00  0.00000e+00 -7.75000e-02  0.00000e+00 
 0.00000e+00  0.00000e+00 -7.25000e-02  0.00000e+00 
 0.00000e+00  0.00000e+00 -6.75000e-02  0.00000e+00 
 0.00000e+00  0.00000e+00 -6.25000e-02  0.00000e+00 
 0.00000e+00  0.00000e+00 -5.75000e-02  0.00000e+00 
 0.00000e+00  0.00000e+00 -5.25000e-02  0.00000e+00 
 0.00000e+00  0.00000e+00 -4.75000e-02  0.00000e+00 
 0.00000e+00  0.00000e+00 -4.25000e-02  0.00000e+00 
 0.00000e+00  0.00000e+00 -3.75000e-02  0.00000e+00 
 0.00000e+00  0.00000e+00 -3.25000e-02  0.00000e+00 
 0.00000e+00  0.00000e+00 -2.75000e-02  0.00000e+00 
 0.00000e+00  0.00000e+00 -2.25000e-02  0.00000e+00 
 0.00000e+00  0.00000e+00 -1.75000e-02  0.00000e+00 
 0.00000e+00  0.00000e+00 -1.25000e-02  0.00000e+00 
 0.00000e+00  0.00000e+00 -7.50000e-03  0.00000e+00 
 0.00000e+00  0.00000e+00 -2.50000e-03  0.00000e+00 
 0.00000e+00  0.00000e+00  2.50000e-03  0.00000e+00 
 0.00000e+00  0.00000e+00  7.50000e-03  0.00000e+00 
 0.00000e+00  0.00000e+00  1.25000e-02  0.00000e+00 
 0.00000e+00  0.00000e+00  1.75000e-02  0.00000e+00 
 0.00000e+00  0.00000e+00  2.25000e-02  0.00000e+00 
 0.00000e+00  0.00000e+00  2.75000e-02  0.00000e+00 
 0.00000e+00  0.00000e+00  3.25000e-02  0.00000e+00 
 0.00000e+00  0.00000e+00  3.75000e-02  0.00000e+00 
 0.00000e+00  0.00000e+00  4.25000e-02  0.00000e+00 
 0.00000e+00  0.00000e+00  4.75000e-02  0.00000e+00 
 0.00000e+00  0.00000e+00  5.25000e-02  0.00000e+00 
 0.00000e+00  0.00000e+00  5.75000e-02  0.00000e+00 
 0.00000e+00  0.00000e+00  6.25000e-02  0.00000e+00 
 0.00000e+00  0.00000e+00  6.75000e-02  0.00000e+00 
 0.00000e+00  0.00000e+00  7.25000e-02  0.00000e+00 
 0.00000e+00  0.00000e+00  7.75000e-02  0.00000e+00 
 0.00000e+00  0.00000e+00  8.25000e-02  0.00000e+00 
 0.00000e+00  0.00000e+00  8.75000e-02  0.00000e+00 
 0.00000e+00  0.00000e+00  9.25000e-02  0.00000e+00 
 0.00000e+00  0.00000e+00  9.75000e-02  0.00000e+00 
 0.00000e+00  0.00000e+00  1.02500e-01  0.00000e+00 
 0.00000e+00  0.00000e+00  1.07500e-01  0.00000e+00 
 0.00000e+00  0.00000e+00  1.12500e-01  0.00000e+00 
 0.00000e+00  0.00000e+00  1.17500e-01  0.00000e+00 
 0.00000e+00  0.00000e+00  1.22500e-01  0.00000e+00 
 0.00000e+00  0.00000e+00  1.27500e-01  0.00000e+00 
 0.00000e+00  0.00000e+00  1.32500e-01  0.00000e+00 
 0.00000e+00  0.00000e+00  1.37500e-01  0.00000e+00 
 0.00000e+00  0.00000e+00  1.42500e-01  0.00000e+00 
 0.00000e+00  0.00000e+00  1.47500e-01  0.00000e+00 
 0.00000e+00  0.00000e+00  1.52500e-01  0.00000e+00 
 0.00000e+00  0.00000e+00  1.57500e-01  0.00000e+00 
 0.00000e+00  0.00000e+00  1.62500e-01  0.00000e+00 
 0.00000e+00  0.00000e+00  1.67500e-01  0.00000e+00 
 0.00000e+00  0.00000e+00  1.72500e-01  0.00000e+00 
 0.00000e+00  0.00000e+00  1.77500e-01  0.00000e+00 
 0.00000e+00  0.00000e+00  1.82500e-01  0.00000e+00 
 0.00000e+00  0.00000e+00  1.87500e-01  0.00000e+00 
 0.00000e+00  0.00000e+00  1.92500e-01  0.00000e+00 
 0.00000e+00  0.00000e+00  1.97500e-01  0.00000e+00 
 0.00000e+00  0.00000e+00  2.07500e-01  0.00000e+00 
 0.00000e+00  0.00000e+00  2.17500e-01  0.00000e+00 
 0.00000e+00  0.00000e+00  2.32500e-01  0.00000e+00 
 0.00000e+00  0.00000e+00  2.47500e-01  0.00000e+00 
 0.00000e+00  0.00000e+00  2.67500e-01  0.00000e+00 
 0.00000e+00  0.00000e+00  2.87500e-01  0.00000e+00 
 0.00000e+00  0.00000e+00  3.17500e-01  0.00000e+00 
 0.00000e+00  0.00000e+00  3.47500e-01  0.00000e+00 
