 4.63006e+00  1.19698e+01  1.79769e+01 
 4.88526e+01  4.86232e+01  4.82359e+01 
 9.23687e+00  9.50117e+00  9.69317e+00 
 3.13548e+06  3.11599e+06  3.08789e+06 
 1.49895e+03  1.48372e+03  1.45940e+03 
 1.02147e+05  1.02155e+05  1.02142e+05 
 1.75926e+02 -2.23701e+02 -6.81802e+02 
 3.19693e+02  1.78068e+02 -1.34079e+02 
 3.18101e+02  2.34888e+02 -3.60260e+01 
 2.89227e+02  2.43057e+02 -1.20345e+01 
 2.43881e+02  2.33909e+02  2.77872e-01 
 2.09960e+02  2.36072e+02  1.61894e+01 
 1.57657e+02  2.20810e+02  1.81515e+01 
 8.98915e+01  1.96371e+02  1.10143e+01 
 2.35636e+01  1.35670e+02  1.18990e+00 
-4.78182e+01  1.05306e+02 -1.13866e+01 
-1.20837e+02  7.23268e+01 -2.34694e+01 
-1.78828e+02  4.36717e+01 -3.12206e+01 
-2.90182e+02  1.78682e+01 -3.37199e+01 
-3.55050e+02 -1.94878e+00 -2.98754e+01 
-4.09683e+02 -1.67135e+01 -1.90485e+01 
-4.61017e+02 -1.79894e+01  6.34859e+00 
-5.00541e+02 -3.78398e+00  4.76716e+01 
-5.23186e+02  2.95123e+01  1.08065e+02 
-5.29206e+02  8.05808e+01  1.85857e+02 
-4.83956e+02  1.73791e+02  3.02771e+02 
-4.30534e+02  2.67517e+02  4.14679e+02 
-3.77034e+02  3.61985e+02  5.24082e+02 
-3.14024e+02  4.58666e+02  6.32364e+02 
-2.41016e+02  5.59368e+02  7.40962e+02 
-1.70432e+02  6.54552e+02  8.40610e+02 
-9.48248e+01  7.48137e+02  9.35983e+02 
-3.27293e+01  8.27123e+02  1.01483e+03 
 2.55940e+01  8.98602e+02  1.08383e+03 
 7.56629e+01  9.56728e+02  1.13881e+03 
 1.34173e+02  1.01669e+03  1.19334e+03 
 1.93695e+02  1.07940e+03  1.24925e+03 
 2.51986e+02  1.13867e+03  1.30005e+03 
 3.17869e+02  1.20065e+03  1.35068e+03 
 3.86563e+02  1.26049e+03  1.39616e+03 
 4.64941e+02  1.31968e+03  1.43761e+03 
 5.47784e+02  1.37422e+03  1.46955e+03 
 6.39609e+02  1.42378e+03  1.49107e+03 
 7.39600e+02  1.46170e+03  1.49426e+03 
 8.42069e+02  1.48262e+03  1.47486e+03 
 9.55159e+02  1.48466e+03  1.42445e+03 
 1.06244e+03  1.44880e+03  1.31883e+03 
 1.17846e+03  1.34849e+03  1.12023e+03 
 1.30991e+03  1.14731e+03  7.93867e+02 
 1.42462e+03  7.99124e+02  2.93165e+02 
 1.49203e+03  2.03766e+02 -5.04649e+02 
 1.47077e+03 -7.61765e+02 -1.73179e+03 
 1.28059e+03 -2.18264e+03 -3.43708e+03 
 8.89802e+02 -3.81137e+03 -5.28537e+03 
 3.19549e+02 -5.48108e+03 -7.07591e+03 
-3.86531e+02 -6.93692e+03 -8.50047e+03 
-1.09943e+03 -7.99212e+03 -9.40103e+03 
-1.59131e+03 -8.12381e+03 -9.23565e+03 
-1.89312e+03 -7.84678e+03 -8.66512e+03 
-2.05244e+03 -7.39666e+03 -8.05016e+03 
-2.23940e+03 -7.08095e+03 -7.62592e+03 
-2.25806e+03 -6.67693e+03 -6.99792e+03 
-2.13922e+03 -6.45379e+03 -5.74129e+03 
-2.06037e+03 -5.08077e+03 -5.28141e+03 
-2.02987e+03 -4.98076e+03 -4.88519e+03 
-2.01866e+03 -4.79548e+03 -4.56974e+03 
-2.00932e+03 -4.59485e+03 -4.27634e+03 
-1.99606e+03 -4.40101e+03 -4.00517e+03 
-1.97755e+03 -4.22152e+03 -3.75653e+03 
-1.95279e+03 -4.04182e+03 -3.51371e+03 
-1.93001e+03 -3.89317e+03 -3.30317e+03 
-1.91054e+03 -3.75194e+03 -3.10059e+03 
-1.89131e+03 -3.62332e+03 -2.91267e+03 
-1.87237e+03 -3.50165e+03 -2.72952e+03 
-1.85499e+03 -3.38794e+03 -2.55560e+03 
-1.83627e+03 -3.26962e+03 -2.36466e+03 
-1.81302e+03 -3.14756e+03 -2.15525e+03 
-1.78736e+03 -3.01503e+03 -1.90787e+03 
-1.76337e+03 -2.87352e+03 -1.62261e+03 
-1.74172e+03 -2.73792e+03 -1.31657e+03 
-1.71358e+03 -2.59041e+03 -1.02372e+03 
-1.68006e+03 -2.43599e+03 -8.31408e+02 
-1.62814e+03 -2.28043e+03 -7.48176e+02 
-1.56645e+03 -2.12218e+03 -7.19723e+02 
-1.51509e+03 -1.92758e+03 -7.11231e+02 
-1.40509e+03 -1.69452e+03 -7.12949e+02 
-1.28008e+03 -1.45044e+03 -7.19055e+02 
-1.14873e+03 -1.20749e+03 -7.28520e+02 
-1.00690e+03 -9.70726e+02 -7.38906e+02 
-8.66221e+02 -7.70605e+02 -7.51026e+02 
-7.26659e+02 -6.26239e+02 -7.62457e+02 
-5.90538e+02 -5.35526e+02 -7.70864e+02 
-4.91979e+02 -4.81703e+02 -7.75790e+02 
-3.42180e+02 -4.64890e+02 -7.79417e+02 
-2.27327e+02 -4.46568e+02 -7.83600e+02 
-1.19785e+02 -4.24863e+02 -7.87230e+02 
-5.22676e+01 -4.01971e+02 -7.81315e+02 
 4.67484e+01 -3.82694e+02 -7.80290e+02 
 9.92032e+01 -3.64124e+02 -7.76511e+02 
 1.49718e+02 -3.45038e+02 -7.63122e+02 
 1.83787e+02 -3.27840e+02 -7.51951e+02 
 2.07839e+02 -3.04121e+02 -7.42615e+02 
-3.86513e+01 -4.00062e+00  4.53989e+01 
-4.53753e+01 -4.33309e+00  4.29638e+01 
-4.05213e+01  5.83072e+00  5.18926e+01 
-3.42454e+01  1.86642e+01  6.33054e+01 
-2.79436e+01  3.27895e+01  7.52745e+01 
-2.47154e+01  4.03618e+01  8.17774e+01 
-2.30346e+01  4.67976e+01  8.69182e+01 
-2.45080e+01  5.08053e+01  8.94882e+01 
-2.67424e+01  5.42773e+01  9.13812e+01 
-1.55724e+01  7.05154e+01  1.05624e+02 
-8.08912e+00  8.33552e+01  1.16406e+02 
-1.31280e+00  9.62159e+01  1.26658e+02 
-2.04813e+00  1.02243e+02  1.30137e+02 
 2.89342e+00  1.13069e+02  1.38089e+02 
 2.79016e+00  1.19571e+02  1.41118e+02 
 3.28400e+00  1.25951e+02  1.44155e+02 
-9.04937e+00  1.22342e+02  1.36026e+02 
-1.15250e+00  1.33938e+02  1.43368e+02 
-2.07497e+00  1.37814e+02  1.42551e+02 
-2.27778e+00  1.41323e+02  1.40775e+02 
 3.59362e-01  1.46141e+02  1.40268e+02 
-3.70799e+00  1.44309e+02  1.32699e+02 
-7.50729e+00  1.41196e+02  1.23567e+02 
-2.13218e+01  1.28360e+02  1.04017e+02 
-6.91985e+00  1.37852e+02  1.08799e+02 
-6.76352e+00  1.34140e+02  9.99659e+01 
-5.91495e+00  1.30742e+02  9.16053e+01 
-9.02929e+00  1.22332e+02  7.87507e+01 
-1.00375e+01  1.15667e+02  6.87287e+01 
-1.01772e+01  1.08674e+02  5.97160e+01 
-1.32782e+01  9.92540e+01  4.90466e+01 
-1.99799e+01  8.60593e+01  3.55312e+01 
-2.56774e+01  7.36444e+01  2.40597e+01 
-2.25450e+01  6.95670e+01  2.24679e+01 
-3.12814e+01  5.46379e+01  1.00033e+01 
-2.89778e+01  5.00734e+01  9.43426e+00 
-3.17924e+01  4.13839e+01  4.70812e+00 
-3.67336e+01  3.09529e+01 -1.72759e+00 
-3.68960e+01  2.52989e+01 -3.14829e+00 
-3.96257e+01  1.76799e+01 -6.82322e+00 
-3.68113e+01  1.55424e+01 -5.10382e+00 
-4.11091e+01  7.02375e+00 -1.01519e+01 
-4.49900e+01 -7.58984e-01 -1.48105e+01 
-5.33719e+01 -1.27021e+01 -2.38391e+01 
-6.19494e+01 -2.76742e+01 -3.36161e+01 
-7.88140e+01 -5.04028e+01 -5.12998e+01 
-8.85976e+01 -6.56188e+01 -6.16570e+01 
-9.91809e+01 -8.46891e+01 -7.31667e+01 
-7.24826e+01 -7.64718e+01 -2.28422e+01 
-8.20210e+01 -9.30844e+01 -3.85012e+01 
-8.76749e+01 -1.04963e+02 -4.97218e+01 
-9.33846e+01 -1.18394e+02 -6.26351e+01 
-1.05591e+02 -1.39776e+02 -8.33850e+01 
-1.09770e+02 -1.49236e+02 -9.26943e+01 
-1.15942e+02 -1.61463e+02 -1.04734e+02 
-1.25196e+02 -1.77209e+02 -1.20313e+02 
-1.32815e+02 -1.91897e+02 -1.34787e+02 
-1.45938e+02 -2.13146e+02 -1.55659e+02 
-1.54576e+02 -2.30305e+02 -1.73217e+02 
-1.57793e+02 -2.42240e+02 -1.85710e+02 
-1.68507e+02 -2.61459e+02 -2.06141e+02 
-1.76788e+02 -2.79816e+02 -2.24924e+02 
-1.83301e+02 -2.96125e+02 -2.42694e+02 
-1.97548e+02 -3.21671e+02 -2.69928e+02 
-2.07070e+02 -3.41127e+02 -2.91846e+02 
-2.14932e+02 -3.58062e+02 -3.11879e+02 
-2.22854e+02 -3.74100e+02 -3.31489e+02 
-2.34672e+02 -3.93343e+02 -3.55231e+02 
-2.44432e+02 -4.08979e+02 -3.75955e+02 
-2.49949e+02 -4.17980e+02 -3.91019e+02 
-2.59851e+02 -4.30787e+02 -4.09589e+02 
-2.61233e+02 -4.31684e+02 -4.16966e+02 
-2.60743e+02 -4.28887e+02 -4.21086e+02 
-2.54042e+02 -4.17746e+02 -4.17066e+02 
-2.46682e+02 -4.04562e+02 -4.10210e+02 
-2.44262e+02 -3.96079e+02 -4.07662e+02 
-2.27594e+02 -3.70508e+02 -3.86843e+02 
-2.20470e+02 -3.54240e+02 -3.74632e+02 
-2.08354e+02 -3.32851e+02 -3.55852e+02 
-1.97783e+02 -3.13007e+02 -3.37615e+02 
-1.93803e+02 -3.00996e+02 -3.26112e+02 
-1.81678e+02 -2.79783e+02 -3.04131e+02 
-1.72586e+02 -2.63693e+02 -2.86039e+02 
-1.60963e+02 -2.43183e+02 -2.63124e+02 
-1.51035e+02 -2.26229e+02 -2.44993e+02 
-1.48909e+02 -2.17204e+02 -2.33612e+02 
-1.44285e+02 -2.05855e+02 -2.19609e+02 
-1.31767e+02 -1.87157e+02 -1.98105e+02 
-1.26417e+02 -1.76422e+02 -1.85277e+02 
-1.24536e+02 -1.69687e+02 -1.76253e+02 
-1.17170e+02 -1.57447e+02 -1.62095e+02 
-1.14239e+02 -1.50552e+02 -1.53584e+02 
-1.07864e+02 -1.36830e+02 -1.37271e+02 
-9.67577e+01 -1.19966e+02 -1.18564e+02 
-9.81550e+01 -1.15655e+02 -1.13916e+02 
-9.57341e+01 -1.06761e+02 -1.05235e+02 
-4.14885e+01 -6.79797e+00  4.21956e+01 
-3.04141e+01  3.04953e+01  7.27980e+01 
-6.05967e+00  8.54023e+01  1.18084e+02 
 9.34379e-01  1.18277e+02  1.39692e+02 
 3.42469e+00  1.38247e+02  1.47809e+02 
 4.04785e+00  1.47096e+02  1.46716e+02 
 4.62344e-01  1.48057e+02  1.36668e+02 
-6.56179e-01  1.45733e+02  1.22806e+02 
-7.39083e+00  1.37784e+02  1.08686e+02 
-4.33891e+00  1.32250e+02  9.33273e+01 
-1.31819e+01  1.13058e+02  6.64509e+01 
-1.42519e+01  9.86188e+01  4.86184e+01 
-2.39947e+01  6.84050e+01  2.15209e+01 
-3.00107e+01  3.73781e+01  5.06123e+00 
-5.23136e+01 -1.16406e+01 -2.30008e+01 
-9.59519e+01 -8.16260e+01 -6.98164e+01 
-7.31288e+01 -7.69737e+01 -2.31526e+01 
-1.04311e+02 -1.38434e+02 -8.21819e+01 
-1.44771e+02 -2.19895e+02 -1.63127e+02 
-1.85707e+02 -2.99903e+02 -2.46604e+02 
-2.16799e+02 -3.58784e+02 -3.12943e+02 
-2.32617e+02 -3.91383e+02 -3.53740e+02 
-2.50757e+02 -4.19263e+02 -3.92270e+02 
-2.58889e+02 -4.29050e+02 -4.14907e+02 
-2.56624e+02 -4.24574e+02 -4.17292e+02 
-2.47902e+02 -4.06454e+02 -4.12538e+02 
-2.30240e+02 -3.73764e+02 -3.90431e+02 
-2.10385e+02 -3.36490e+02 -3.59714e+02 
-1.78744e+02 -2.78134e+02 -3.02549e+02 
-1.45087e+02 -2.13389e+02 -2.29648e+02 
-1.09390e+02 -1.45754e+02 -1.48611e+02 
-9.37544e+01 -1.04767e+02 -1.02951e+02 
 1.49747e+03  1.48861e+03  1.44096e+03 
 1.49680e+03  1.48809e+03  1.42630e+03 
 1.49787e+03  1.48920e+03  1.39982e+03 
 1.49739e+03  1.48863e+03  1.37693e+03 
 1.49770e+03  1.48885e+03  1.35413e+03 
 1.49605e+03  1.48704e+03  1.33189e+03 
 1.49766e+03  1.48840e+03  1.31104e+03 
 1.49633e+03  1.48747e+03  1.29581e+03 
 1.49835e+03  1.48936e+03  1.28343e+03 
 1.49696e+03  1.48799e+03  1.27731e+03 
 1.49811e+03  1.48911e+03  1.27204e+03 
 1.49711e+03  1.48805e+03  1.26402e+03 
 1.49890e+03  1.49001e+03  1.25780e+03 
 1.49655e+03  1.48765e+03  1.24600e+03 
 1.49782e+03  1.48894e+03  1.23598e+03 
 1.49674e+03  1.48752e+03  1.22971e+03 
 1.49747e+03  1.48827e+03  1.21993e+03 
 1.49659e+03  1.48770e+03  1.21421e+03 
 1.49804e+03  1.48891e+03  1.20864e+03 
 1.49679e+03  1.48762e+03  1.19956e+03 
 1.49740e+03  1.48843e+03  1.19404e+03 
 1.49637e+03  1.48704e+03  1.18112e+03 
 1.49764e+03  1.48821e+03  1.17668e+03 
 1.49707e+03  1.48736e+03  1.16705e+03 
 1.49685e+03  1.48688e+03  1.15840e+03 
 1.49704e+03  1.48677e+03  1.15629e+03 
 1.49748e+03  1.48682e+03  1.15131e+03 
 1.49773e+03  1.48649e+03  1.14084e+03 
 1.49683e+03  1.48473e+03  1.13156e+03 
 1.49635e+03  1.48295e+03  1.12833e+03 
 1.49717e+03  1.48316e+03  1.11891e+03 
 1.49579e+03  1.47997e+03  1.11178e+03 
 1.49739e+03  1.47960e+03  1.10789e+03 
 1.49671e+03  1.47619e+03  1.09972e+03 
 1.49583e+03  1.47339e+03  1.08554e+03 
 1.49430e+03  1.46995e+03  1.08237e+03 
 1.49045e+03  1.46585e+03  1.07744e+03 
 1.48345e+03  1.45965e+03  1.07283e+03 
 1.47494e+03  1.45498e+03  1.06241e+03 
 1.45972e+03  1.44726e+03  1.05939e+03 
 1.44705e+03  1.44099e+03  1.05184e+03 
 1.42280e+03  1.43118e+03  1.04706e+03 
 1.40227e+03  1.42322e+03  1.03918e+03 
 1.37988e+03  1.41503e+03  1.03638e+03 
 1.35412e+03  1.40316e+03  1.02699e+03 
 1.34199e+03  1.39596e+03  1.02720e+03 
 1.32735e+03  1.38672e+03  1.02003e+03 
 1.31832e+03  1.37725e+03  1.01266e+03 
 1.31551e+03  1.36481e+03  1.00639e+03 
 1.31986e+03  1.35679e+03  1.00238e+03 
 1.33176e+03  1.34907e+03  1.00181e+03 
 1.34561e+03  1.33991e+03  9.93729e+02 
 1.36614e+03  1.33133e+03  9.90292e+02 
 1.38364e+03  1.32399e+03  9.92734e+02 
 1.40672e+03  1.31907e+03  9.89089e+02 
 1.42544e+03  1.31273e+03  9.84141e+02 
 1.44429e+03  1.30769e+03  9.76493e+02 
 1.45834e+03  1.30404e+03  9.73796e+02 
 1.47414e+03  1.30171e+03  9.78373e+02 
 1.48165e+03  1.30020e+03  9.72517e+02 
 1.48844e+03  1.29647e+03  9.69968e+02 
 1.49242e+03  1.29617e+03  9.71299e+02 
 1.49451e+03  1.29712e+03  9.71613e+02 
 1.49609e+03  1.29866e+03  9.69789e+02 
 1.49707e+03  1.29828e+03  9.68571e+02 
 1.49686e+03  1.29993e+03  9.67867e+02 
 1.49704e+03  1.30201e+03  9.71755e+02 
 1.49638e+03  1.30417e+03  9.72133e+02 
 1.48877e+03  1.29732e+03  9.58630e+02 
 1.49717e+03  1.30895e+03  9.69095e+02 
 1.49551e+03  1.31195e+03  9.65708e+02 
 1.49644e+03  1.31662e+03  9.68649e+02 
 1.49652e+03  1.31749e+03  9.69354e+02 
 1.49705e+03  1.32188e+03  9.74024e+02 
 1.49665e+03  1.32696e+03  9.75883e+02 
 1.49677e+03  1.32893e+03  9.80528e+02 
 1.49567e+03  1.32773e+03  9.81803e+02 
 1.49703e+03  1.33229e+03  9.84037e+02 
 1.49637e+03  1.33234e+03  9.78873e+02 
 1.49706e+03  1.33755e+03  9.85386e+02 
 1.49577e+03  1.34002e+03  9.93040e+02 
 1.49614e+03  1.34335e+03  9.88367e+02 
 1.49715e+03  1.35001e+03  1.00276e+03 
 1.49686e+03  1.35122e+03  1.00583e+03 
 1.49619e+03  1.35099e+03  1.01118e+03 
 1.49638e+03  1.35294e+03  1.01493e+03 
 1.49664e+03  1.35472e+03  1.01626e+03 
 1.49683e+03  1.35990e+03  1.02148e+03 
 1.49603e+03  1.36787e+03  1.03811e+03 
 1.49746e+03  1.37338e+03  1.04690e+03 
 1.49561e+03  1.37787e+03  1.06067e+03 
 1.49741e+03  1.39100e+03  1.09471e+03 
 1.49580e+03  1.40251e+03  1.11089e+03 
 1.49651e+03  1.41738e+03  1.14067e+03 
 1.49603e+03  1.43725e+03  1.17721e+03 
 1.49407e+03  1.45057e+03  1.17649e+03 
 8.39805e+02  1.84439e+03  1.66902e+03 
 3.20232e+00 -5.19796e+02 -5.01919e+02 
 5.94722e+02  1.31978e+03  1.29293e+03 
-9.42756e+01 -7.50521e+01 -1.16727e+02 
 0.00000e+00  9.00000e-01  0.00000e+00  9.99540e-01 
 0.00000e+00  8.71299e-01 -1.84230e-03  9.70290e-01 
 0.00000e+00  8.48880e-01 -3.73860e-03  9.77130e-01 
 0.00000e+00  8.26542e-01 -6.47676e-03  9.83970e-01 
 0.00000e+00  7.99830e-01 -1.04112e-02  9.92160e-01 
 0.00000e+00  7.73172e-01 -1.46979e-02  1.00035e+00 
 0.00000e+00  7.42149e-01 -2.01222e-02  1.00980e+00 
 0.00000e+00  7.06761e-01 -2.67264e-02  1.02069e+00 
 0.00000e+00  6.71409e-01 -3.35484e-02  1.03149e+00 
 0.00000e+00  6.36075e-01 -4.04244e-02  1.04229e+00 
 0.00000e+00  6.00714e-01 -4.71789e-02  9.23040e-01 
 0.00000e+00  5.65308e-01 -5.36796e-02  9.33840e-01 
 0.00000e+00  5.29830e-01 -5.98023e-02  9.44730e-01 
 0.00000e+00  4.94271e-01 -6.54129e-02  9.55620e-01 
 0.00000e+00  4.58613e-01 -7.03890e-02  9.66510e-01 
 0.00000e+00  4.22865e-01 -7.45848e-02  9.77490e-01 
 0.00000e+00  3.87009e-01 -7.78491e-02  9.88470e-01 
 0.00000e+00  3.51081e-01 -8.00424e-02  9.99450e-01 
 0.00000e+00  3.15090e-01 -8.09991e-02  1.01043e+00 
 0.00000e+00  2.79099e-01 -8.05437e-02  1.02150e+00 
 0.00000e+00  2.48535e-01 -7.91271e-02  1.03086e+00 
 0.00000e+00  2.20716e-01 -7.70238e-02  1.03941e+00 
 0.00000e+00  1.95651e-01 -7.44201e-02  1.04706e+00 
 0.00000e+00  1.73340e-01 -7.14969e-02  1.05390e+00 
 0.00000e+00  1.53783e-01 -6.84324e-02  1.05984e+00 
 0.00000e+00  1.36953e-01 -6.54012e-02  1.06506e+00 
 0.00000e+00  1.22832e-01 -6.25581e-02  1.06938e+00 
 0.00000e+00  1.11411e-01 -6.00255e-02  1.07289e+00 
 0.00000e+00  1.02663e-01 -5.79258e-02  9.20880e-01 
 0.00000e+00  9.42030e-02 -5.57505e-02  9.23580e-01 
 0.00000e+00  8.60490e-02 -5.35050e-02  9.26460e-01 
 0.00000e+00  7.81929e-02 -5.11911e-02  9.29520e-01 
 0.00000e+00  7.06392e-02 -4.88106e-02  9.32760e-01 
 0.00000e+00  6.33897e-02 -4.63662e-02  9.36180e-01 
 0.00000e+00  5.64507e-02 -4.38552e-02  9.39780e-01 
 0.00000e+00  4.98267e-02 -4.12713e-02  9.43560e-01 
 0.00000e+00  4.35222e-02 -3.86172e-02  9.47430e-01 
 0.00000e+00  3.75426e-02 -3.58956e-02  9.51480e-01 
 0.00000e+00  3.18924e-02 -3.31101e-02  9.55710e-01 
 0.00000e+00  2.65734e-02 -3.02697e-02  9.60030e-01 
 0.00000e+00  2.15847e-02 -2.73915e-02  9.64440e-01 
 0.00000e+00  1.69605e-02 -2.44323e-02  9.68940e-01 
 0.00000e+00  1.27962e-02 -2.12868e-02  9.73440e-01 
 0.00000e+00  9.13770e-03 -1.79550e-02  9.77940e-01 
 0.00000e+00  5.96844e-03 -1.45125e-02  9.82530e-01 
 0.00000e+00  3.36672e-03 -1.09548e-02  9.87030e-01 
 0.00000e+00  1.47150e-03 -7.27821e-03  9.91440e-01 
 0.00000e+00  3.52197e-04 -3.57831e-03  9.95670e-01 
 0.00000e+00  0.00000e+00  0.00000e+00  9.99540e-01 
 9.00000e-01  3.52197e-04  3.57831e-03  1.00332e+00 
 9.00000e-01  1.47150e-03  7.27821e-03  1.00755e+00 
 9.00000e-01  3.36672e-03  1.09548e-02  1.01196e+00 
 9.00000e-01  5.96844e-03  1.45125e-02  1.01646e+00 
 9.00000e-01  9.13770e-03  1.79550e-02  1.02105e+00 
 9.00000e-01  1.27962e-02  2.12868e-02  1.02555e+00 
 9.00000e-01  1.69605e-02  2.44323e-02  1.03005e+00 
 9.00000e-01  2.15847e-02  2.73915e-02  1.03455e+00 
 9.00000e-01  2.65734e-02  3.02697e-02  1.03896e+00 
 9.00000e-01  3.18924e-02  3.31101e-02  1.04328e+00 
 9.00000e-01  3.75426e-02  3.58956e-02  1.04751e+00 
 9.00000e-01  4.35222e-02  3.86172e-02  1.05156e+00 
 9.00000e-01  4.98267e-02  4.12713e-02  1.05552e+00 
 9.00000e-01  5.64507e-02  4.38552e-02  1.05921e+00 
 9.00000e-01  6.33897e-02  4.63662e-02  1.06281e+00 
 9.00000e-01  7.06392e-02  4.88106e-02  1.06632e+00 
 9.00000e-01  7.81929e-02  5.11911e-02  1.06956e+00 
 9.00000e-01  8.60490e-02  5.35050e-02  1.07253e+00 
 9.00000e-01  9.42030e-02  5.57505e-02  1.07541e+00 
 9.00000e-01  1.02663e-01  5.79258e-02  1.07811e+00 
 9.00000e-01  1.11411e-01  6.00255e-02  9.26100e-01 
 9.00000e-01  1.22832e-01  6.25581e-02  9.29610e-01 
 9.00000e-01  1.36953e-01  6.54012e-02  9.33930e-01 
 9.00000e-01  1.53783e-01  6.84324e-02  9.39150e-01 
 9.00000e-01  1.73340e-01  7.14969e-02  9.45090e-01 
 9.00000e-01  1.95651e-01  7.44201e-02  9.51930e-01 
 9.00000e-01  2.20716e-01  7.70238e-02  9.59580e-01 
 9.00000e-01  2.48535e-01  7.91271e-02  9.68130e-01 
 9.00000e-01  2.79099e-01  8.05437e-02  9.77490e-01 
 9.00000e-01  3.15090e-01  8.09991e-02  9.88560e-01 
 9.00000e-01  3.51081e-01  8.00424e-02  9.99540e-01 
 9.00000e-01  3.87009e-01  7.78491e-02  1.01052e+00 
 9.00000e-01  4.22865e-01  7.45848e-02  1.02150e+00 
 9.00000e-01  4.58613e-01  7.03890e-02  1.03248e+00 
 9.00000e-01  4.94271e-01  6.54129e-02  1.04337e+00 
 9.00000e-01  5.29830e-01  5.98023e-02  1.05426e+00 
 9.00000e-01  5.65308e-01  5.36796e-02  1.06515e+00 
 9.00000e-01  6.00714e-01  4.71789e-02  1.07604e+00 
 9.00000e-01  6.36075e-01  4.04244e-02  9.56700e-01 
 9.00000e-01  6.71409e-01  3.35484e-02  9.67500e-01 
 9.00000e-01  7.06761e-01  2.67264e-02  9.78300e-01 
 9.00000e-01  7.42149e-01  2.01222e-02  9.89190e-01 
 9.00000e-01  7.73172e-01  1.46979e-02  9.98640e-01 
 9.00000e-01  7.99830e-01  1.04112e-02  1.00683e+00 
 9.00000e-01  8.26542e-01  6.47676e-03  1.01502e+00 
 9.00000e-01  8.48880e-01  3.73860e-03  1.02186e+00 
 9.00000e-01  8.71299e-01  1.84230e-03  1.02870e+00 
 0.00000e+00 -2.85000e+00 -1.50000e+00  7.27000e-01 
 0.00000e+00 -2.55000e+00 -1.50000e+00  7.27000e-01 
 0.00000e+00 -2.35000e+00 -1.50000e+00  7.27000e-01 
 0.00000e+00 -2.15000e+00 -1.50000e+00  7.27000e-01 
 0.00000e+00 -1.95000e+00 -1.50000e+00  7.27000e-01 
 0.00000e+00 -1.85000e+00 -1.50000e+00  7.27000e-01 
 0.00000e+00 -1.75000e+00 -1.50000e+00  7.27000e-01 
 0.00000e+00 -1.65000e+00 -1.50000e+00  7.27000e-01 
 0.00000e+00 -1.55000e+00 -1.50000e+00  7.27000e-01 
 0.00000e+00 -1.45000e+00 -1.50000e+00  7.27000e-01 
 0.00000e+00 -1.35000e+00 -1.50000e+00  7.27000e-01 
 0.00000e+00 -1.25000e+00 -1.50000e+00  7.27000e-01 
 0.00000e+00 -1.15000e+00 -1.50000e+00  7.27000e-01 
 0.00000e+00 -1.05000e+00 -1.50000e+00  7.27000e-01 
 0.00000e+00 -9.50000e-01 -1.50000e+00  7.27000e-01 
 0.00000e+00 -8.50000e-01 -1.50000e+00  7.27000e-01 
 0.00000e+00 -7.50000e-01 -1.50000e+00  7.27000e-01 
 0.00000e+00 -6.50000e-01 -1.50000e+00  7.27000e-01 
 0.00000e+00 -5.50000e-01 -1.50000e+00  7.27000e-01 
 0.00000e+00 -4.50000e-01 -1.50000e+00  7.27000e-01 
 0.00000e+00 -3.50000e-01 -1.50000e+00  7.27000e-01 
 0.00000e+00 -2.50000e-01 -1.50000e+00  7.27000e-01 
 0.00000e+00 -1.50000e-01 -1.50000e+00  7.27000e-01 
 0.00000e+00 -5.00000e-02 -1.50000e+00  7.27000e-01 
 0.00000e+00  5.00000e-02 -1.50000e+00  7.27000e-01 
 0.00000e+00  1.50000e-01 -1.50000e+00  7.27000e-01 
 0.00000e+00  2.50000e-01 -1.50000e+00  7.27000e-01 
 0.00000e+00  3.50000e-01 -1.50000e+00  7.27000e-01 
 0.00000e+00  4.50000e-01 -1.50000e+00  7.27000e-01 
 0.00000e+00  5.50000e-01 -1.50000e+00  7.27000e-01 
 0.00000e+00  6.50000e-01 -1.50000e+00  7.27000e-01 
 0.00000e+00  7.50000e-01 -1.50000e+00  7.27000e-01 
 0.00000e+00  8.50000e-01 -1.50000e+00  7.27000e-01 
 0.00000e+00  9.50000e-01 -1.50000e+00  7.27000e-01 
 0.00000e+00  1.05000e+00 -1.50000e+00  7.27000e-01 
 0.00000e+00  1.15000e+00 -1.50000e+00  7.27000e-01 
 0.00000e+00  1.25000e+00 -1.50000e+00  7.27000e-01 
 0.00000e+00  1.35000e+00 -1.50000e+00  7.27000e-01 
 0.00000e+00  1.45000e+00 -1.50000e+00  7.27000e-01 
 0.00000e+00  1.55000e+00 -1.50000e+00  7.27000e-01 
 0.00000e+00  1.65000e+00 -1.50000e+00  7.27000e-01 
 0.00000e+00  1.75000e+00 -1.50000e+00  7.27000e-01 
 0.00000e+00  1.85000e+00 -1.50000e+00  7.27000e-01 
 0.00000e+00  1.95000e+00 -1.50000e+00  7.27000e-01 
 0.00000e+00  2.15000e+00 -1.50000e+00  7.27000e-01 
 0.00000e+00  2.35000e+00 -1.50000e+00  7.27000e-01 
 0.00000e+00  2.55000e+00 -1.50000e+00  7.27000e-01 
 0.00000e+00  2.85000e+00 -1.50000e+00  7.27000e-01 
 1.00000e+00 -2.85000e+00  1.50000e+00  7.27000e-01 
 1.00000e+00 -2.55000e+00  1.50000e+00  7.27000e-01 
 1.00000e+00 -2.35000e+00  1.50000e+00  7.27000e-01 
 1.00000e+00 -2.15000e+00  1.50000e+00  7.27000e-01 
 1.00000e+00 -1.95000e+00  1.50000e+00  7.27000e-01 
 1.00000e+00 -1.85000e+00  1.50000e+00  7.27000e-01 
 1.00000e+00 -1.75000e+00  1.50000e+00  7.27000e-01 
 1.00000e+00 -1.65000e+00  1.50000e+00  7.27000e-01 
 1.00000e+00 -1.55000e+00  1.50000e+00  7.27000e-01 
 1.00000e+00 -1.45000e+00  1.50000e+00  7.27000e-01 
 1.00000e+00 -1.35000e+00  1.50000e+00  7.27000e-01 
 1.00000e+00 -1.25000e+00  1.50000e+00  7.27000e-01 
 1.00000e+00 -1.15000e+00  1.50000e+00  7.27000e-01 
 1.00000e+00 -1.05000e+00  1.50000e+00  7.27000e-01 
 1.00000e+00 -9.50000e-01  1.50000e+00  7.27000e-01 
 1.00000e+00 -8.50000e-01  1.50000e+00  7.27000e-01 
 1.00000e+00 -7.50000e-01  1.50000e+00  7.27000e-01 
 1.00000e+00 -6.50000e-01  1.50000e+00  7.27000e-01 
 1.00000e+00 -5.50000e-01  1.50000e+00  7.27000e-01 
 1.00000e+00 -4.50000e-01  1.50000e+00  7.27000e-01 
 1.00000e+00 -3.50000e-01  1.50000e+00  7.27000e-01 
 1.00000e+00 -2.50000e-01  1.50000e+00  7.27000e-01 
 1.00000e+00 -1.50000e-01  1.50000e+00  7.27000e-01 
 1.00000e+00 -5.00000e-02  1.50000e+00  7.27000e-01 
 1.00000e+00  5.00000e-02  1.50000e+00  7.27000e-01 
 1.00000e+00  1.50000e-01  1.50000e+00  7.27000e-01 
 1.00000e+00  2.50000e-01  1.50000e+00  7.27000e-01 
 1.00000e+00  3.50000e-01  1.50000e+00  7.27000e-01 
 1.00000e+00  4.50000e-01  1.50000e+00  7.27000e-01 
 1.00000e+00  5.50000e-01  1.50000e+00  7.27000e-01 
 1.00000e+00  6.50000e-01  1.50000e+00  7.27000e-01 
 1.00000e+00  7.50000e-01  1.50000e+00  7.27000e-01 
 1.00000e+00  8.50000e-01  1.50000e+00  7.27000e-01 
 1.00000e+00  9.50000e-01  1.50000e+00  7.27000e-01 
 1.00000e+00  1.05000e+00  1.50000e+00  7.27000e-01 
 1.00000e+00  1.15000e+00  1.50000e+00  7.27000e-01 
 1.00000e+00  1.25000e+00  1.50000e+00  7.27000e-01 
 1.00000e+00  1.35000e+00  1.50000e+00  7.27000e-01 
 1.00000e+00  1.45000e+00  1.50000e+00  7.27000e-01 
 1.00000e+00  1.55000e+00  1.50000e+00  7.27000e-01 
 1.00000e+00  1.65000e+00  1.50000e+00  7.27000e-01 
 1.00000e+00  1.75000e+00  1.50000e+00  7.27000e-01 
 1.00000e+00  1.85000e+00  1.50000e+00  7.27000e-01 
 1.00000e+00  1.95000e+00  1.50000e+00  7.27000e-01 
 1.00000e+00  2.15000e+00  1.50000e+00  7.27000e-01 
 1.00000e+00  2.35000e+00  1.50000e+00  7.27000e-01 
 1.00000e+00  2.55000e+00  1.50000e+00  7.27000e-01 
 1.00000e+00  2.85000e+00  1.50000e+00  7.27000e-01 
 2.00000e+00 -2.85000e+00 -1.50000e+00  1.26700e+00 
 2.00000e+00 -1.95000e+00 -1.50000e+00  1.26700e+00 
 2.00000e+00 -1.35000e+00 -1.50000e+00  1.26700e+00 
 2.00000e+00 -9.50000e-01 -1.50000e+00  1.26700e+00 
 2.00000e+00 -6.50000e-01 -1.50000e+00  1.26700e+00 
 2.00000e+00 -4.50000e-01 -1.50000e+00  1.26700e+00 
 2.00000e+00 -2.50000e-01 -1.50000e+00  1.26700e+00 
 2.00000e+00 -5.00000e-02 -1.50000e+00  1.26700e+00 
 2.00000e+00  5.00000e-02 -1.50000e+00  1.26700e+00 
 2.00000e+00  2.50000e-01 -1.50000e+00  1.26700e+00 
 2.00000e+00  4.50000e-01 -1.50000e+00  1.26700e+00 
 2.00000e+00  6.50000e-01 -1.50000e+00  1.26700e+00 
 2.00000e+00  9.50000e-01 -1.50000e+00  1.26700e+00 
 2.00000e+00  1.35000e+00 -1.50000e+00  1.26700e+00 
 2.00000e+00  1.95000e+00 -1.50000e+00  1.26700e+00 
 2.00000e+00  2.85000e+00 -1.50000e+00  1.26700e+00 
 3.00000e+00 -2.85000e+00  1.50000e+00  1.26700e+00 
 3.00000e+00 -1.95000e+00  1.50000e+00  1.26700e+00 
 3.00000e+00 -1.35000e+00  1.50000e+00  1.26700e+00 
 3.00000e+00 -9.50000e-01  1.50000e+00  1.26700e+00 
 3.00000e+00 -6.50000e-01  1.50000e+00  1.26700e+00 
 3.00000e+00 -4.50000e-01  1.50000e+00  1.26700e+00 
 3.00000e+00 -2.50000e-01  1.50000e+00  1.26700e+00 
 3.00000e+00 -5.00000e-02  1.50000e+00  1.26700e+00 
 3.00000e+00  5.00000e-02  1.50000e+00  1.26700e+00 
 3.00000e+00  2.50000e-01  1.50000e+00  1.26700e+00 
 3.00000e+00  4.50000e-01  1.50000e+00  1.26700e+00 
 3.00000e+00  6.50000e-01  1.50000e+00  1.26700e+00 
 3.00000e+00  9.50000e-01  1.50000e+00  1.26700e+00 
 3.00000e+00  1.35000e+00  1.50000e+00  1.26700e+00 
 3.00000e+00  1.95000e+00  1.50000e+00  1.26700e+00 
 3.00000e+00  2.85000e+00  1.50000e+00  1.26700e+00 
 0.00000e+00  0.00000e+00 -3.47500e-01  0.00000e+00 
 0.00000e+00  0.00000e+00 -3.17500e-01  0.00000e+00 
 0.00000e+00  0.00000e+00 -2.87500e-01  0.00000e+00 
 0.00000e+00  0.00000e+00 -2.67500e-01  0.00000e+00 
 0.00000e+00  0.00000e+00 -2.47500e-01  0.00000e+00 
 0.00000e+00  0.00000e+00 -2.32500e-01  0.00000e+00 
 0.00000e+00  0.00000e+00 -2.17500e-01  0.00000e+00 
 0.00000e+00  0.00000e+00 -2.07500e-01  0.00000e+00 
 0.00000e+00  0.00000e+00 -1.97500e-01  0.00000e+00 
 0.00000e+00  0.00000e+00 -1.92500e-01  0.00000e+00 
 0.00000e+00  0.00000e+00 -1.87500e-01  0.00000e+00 
 0.00000e+00  0.00000e+00 -1.82500e-01  0.00000e+00 
 0.00000e+00  0.00000e+00 -1.77500e-01  0.00000e+00 
 0.00000e+00  0.00000e+00 -1.72500e-01  0.00000e+00 
 0.00000e+00  0.00000e+00 -1.67500e-01  0.00000e+00 
 0.00000e+00  0.00000e+00 -1.62500e-01  0.00000e+00 
 0.00000e+00  0.00000e+00 -1.57500e-01  0.00000e+00 
 0.00000e+00  0.00000e+00 -1.52500e-01  0.00000e+00 
 0.00000e+00  0.00000e+00 -1.47500e-01  0.00000e+00 
 0.00000e+00  0.00000e+00 -1.42500e-01  0.00000e+00 
 0.00000e+00  0.00000e+00 -1.37500e-01  0.00000e+00 
 0.00000e+00  0.00000e+00 -1.32500e-01  0.00000e+00 
 0.00000e+00  0.00000e+00 -1.27500e-01  0.00000e+00 
 0.00000e+00  0.00000e+00 -1.22500e-01  0.00000e+00 
 0.00000e+00  0.00000e+00 -1.17500e-01  0.00000e+00 
 0.00000e+00  0.00000e+00 -1.12500e-01  0.00000e+00 
 0.00000e+00  0.00000e+00 -1.07500e-01  0.00000e+00 
 0.00000e+00  0.00000e+00 -1.02500e-01  0.00000e+00 
 0.00000e+00  0.00000e+00 -9.75000e-02  0.00000e+00 
 0.00000e+00  0.00000e+00 -9.25000e-02  0.00000e+00 
 0.00000e+00  0.00000e+00 -8.75000e-02  0.00000e+00 
 0.00000e+00  0.00000e+00 -8.25000e-02  0.00000e+00 
 0.00000e+00  0.00000e+00 -7.75000e-02  0.00000e+00 
 0.00000e+00  0.00000e+00 -7.25000e-02  0.00000e+00 
 0.00000e+00  0.00000e+00 -6.75000e-02  0.00000e+00 
 0.00000e+00  0.00000e+00 -6.25000e-02  0.00000e+00 
 0.00000e+00  0.00000e+00 -5.75000e-02  0.00000e+00 
 0.00000e+00  0.00000e+00 -5.25000e-02  0.00000e+00 
 0.00000e+00  0.00000e+00 -4.75000e-02  0.00000e+00 
 0.00000e+00  0.00000e+00 -4.25000e-02  0.00000e+00 
 0.00000e+00  0.00000e+00 -3.75000e-02  0.00000e+00 
 0.00000e+00  0.00000e+00 -3.25000e-02  0.00000e+00 
 0.00000e+00  0.00000e+00 -2.75000e-02  0.00000e+00 
 0.00000e+00  0.00000e+00 -2.25000e-02  0.00000e+00 
 0.00000e+00  0.00000e+00 -1.75000e-02  0.00000e+00 
 0.00000e+00  0.00000e+00 -1.25000e-02  0.00000e+00 
 0.00000e+00  0.00000e+00 -7.50000e-03  0.00000e+00 
 0.00000e+00  0.00000e+00 -2.50000e-03  0.00000e+00 
 0.00000e+00  0.00000e+00  2.50000e-03  0.00000e+00 
 0.00000e+00  0.00000e+00  7.50000e-03  0.00000e+00 
 0.00000e+00  0.00000e+00  1.25000e-02  0.00000e+00 
 0.00000e+00  0.00000e+00  1.75000e-02  0.00000e+00 
 0.00000e+00  0.00000e+00  2.25000e-02  0.00000e+00 
 0.00000e+00  0.00000e+00  2.75000e-02  0.00000e+00 
 0.00000e+00  0.00000e+00  3.25000e-02  0.00000e+00 
 0.00000e+00  0.00000e+00  3.75000e-02  0.00000e+00 
 0.00000e+00  0.00000e+00  4.25000e-02  0.00000e+00 
 0.00000e+00  0.00000e+00  4.75000e-02  0.00000e+00 
 0.00000e+00  0.00000e+00  5.25000e-02  0.00000e+00 
 0.00000e+00  0.00000e+00  5.75000e-02  0.00000e+00 
 0.00000e+00  0.00000e+00  6.25000e-02  0.00000e+00 
 0.00000e+00  0.00000e+00  6.75000e-02  0.00000e+00 
 0.00000e+00  0.00000e+00  7.25000e-02  0.00000e+00 
 0.00000e+00  0.00000e+00  7.75000e-02  0.00000e+00 
 0.00000e+00  0.00000e+00  8.25000e-02  0.00000e+00 
 0.00000e+00  0.00000e+00  8.75000e-02  0.00000e+00 
 0.00000e+00  0.00000e+00  9.25000e-02  0.00000e+00 
 0.00000e+00  0.00000e+00  9.75000e-02  0.00000e+00 
 0.00000e+00  0.00000e+00  1.02500e-01  0.00000e+00 
 0.00000e+00  0.00000e+00  1.07500e-01  0.00000e+00 
 0.00000e+00  0.00000e+00  1.12500e-01  0.00000e+00 
 0.00000e+00  0.00000e+00  1.17500e-01  0.00000e+00 
 0.00000e+00  0.00000e+00  1.22500e-01  0.00000e+00 
 0.00000e+00  0.00000e+00  1.27500e-01  0.00000e+00 
 0.00000e+00  0.00000e+00  1.32500e-01  0.00000e+00 
 0.00000e+00  0.00000e+00  1.37500e-01  0.00000e+00 
 0.00000e+00  0.00000e+00  1.42500e-01  0.00000e+00 
 0.00000e+00  0.00000e+00  1.47500e-01  0.00000e+00 
 0.00000e+00  0.00000e+00  1.52500e-01  0.00000e+00 
 0.00000e+00  0.00000e+00  1.57500e-01  0.00000e+00 
 0.00000e+00  0.00000e+00  1.62500e-01  0.00000e+00 
 0.00000e+00  0.00000e+00  1.67500e-01  0.00000e+00 
 0.00000e+00  0.00000e+00  1.72500e-01  0.00000e+00 
 0.00000e+00  0.00000e+00  1.77500e-01  0.00000e+00 
 0.00000e+00  0.00000e+00  1.82500e-01  0.00000e+00 
 0.00000e+00  0.00000e+00  1.87500e-01  0.00000e+00 
 0.00000e+00  0.00000e+00  1.92500e-01  0.00000e+00 
 0.00000e+00  0.00000e+00  1.97500e-01  0.00000e+00 
 0.00000e+00  0.00000e+00  2.07500e-01  0.00000e+00 
 0.00000e+00  0.00000e+00  2.17500e-01  0.00000e+00 
 0.00000e+00  0.00000e+00  2.32500e-01  0.00000e+00 
 0.00000e+00  0.00000e+00  2.47500e-01  0.00000e+00 
 0.00000e+00  0.00000e+00  2.67500e-01  0.00000e+00 
 0.00000e+00  0.00000e+00  2.87500e-01  0.00000e+00 
 0.00000e+00  0.00000e+00  3.17500e-01  0.00000e+00 
 0.00000e+00  0.00000e+00  3.47500e-01  0.00000e+00 
