 1.97257e+00  6.97226e+00  1.39695e+01 
 4.90147e+01  4.87887e+01  4.88728e+01 
 9.06081e+00  9.22436e+00  9.57638e+00 
 3.14913e+06  3.13205e+06  3.13073e+06 
 1.50973e+03  1.49530e+03  1.49870e+03 
 1.02137e+05  1.02159e+05  1.02154e+05 
 1.74024e+02  1.46825e+02 -5.42224e+02 
 3.01330e+02  3.23576e+02  1.24440e+01 
 2.92300e+02  3.31800e+02  9.92846e+01 
 2.57766e+02  3.09798e+02  1.26989e+02 
 2.05376e+02  2.71279e+02  1.35662e+02 
 1.63483e+02  2.45344e+02  1.48556e+02 
 1.02178e+02  2.01906e+02  1.29116e+02 
 2.25880e+01  1.44460e+02  1.09935e+02 
-5.64293e+01  9.00051e+01  9.22603e+01 
-1.42371e+02  3.26845e+01  7.08168e+01 
-2.33933e+02 -1.77874e+01  4.05051e+01 
-3.18536e+02 -1.20164e+02  2.14406e+01 
-3.93257e+02 -1.65959e+02  5.75000e+00 
-4.89796e+02 -2.11527e+02 -3.34125e+00 
-6.09505e+02 -2.57044e+02 -6.86835e+00 
-6.73379e+02 -2.92123e+02  3.50057e+00 
-7.34357e+02 -3.13036e+02  2.97061e+01 
-7.82552e+02 -3.15651e+02  7.51395e+01 
-8.16042e+02 -3.00375e+02  1.37976e+02 
-7.95625e+02 -2.36542e+02  2.42590e+02 
-7.64972e+02 -1.67245e+02  3.45480e+02 
-7.32873e+02 -9.59288e+01  4.47899e+02 
-6.92555e+02 -1.82920e+01  5.50929e+02 
-6.40522e+02  6.74194e+01  6.56828e+02 
-5.89567e+02  1.50494e+02  7.55671e+02 
-5.32700e+02  2.31033e+02  8.51559e+02 
-4.88755e+02  3.06670e+02  9.32456e+02 
-4.46673e+02  3.74055e+02  1.00444e+03 
-4.09196e+02  4.30897e+02  1.05977e+03 
-3.61667e+02  4.94595e+02  1.11929e+03 
-3.15650e+02  5.59375e+02  1.17977e+03 
-2.70821e+02  6.23392e+02  1.23668e+03 
-2.19091e+02  6.94194e+02  1.29515e+03 
-1.64533e+02  7.66147e+02  1.34950e+03 
-9.87633e+01  8.45968e+02  1.40250e+03 
-2.80251e+01  9.28372e+02  1.44841e+03 
 5.46321e+01  1.01590e+03  1.48635e+03 
 1.48626e+02  1.10730e+03  1.50892e+03 
 2.47688e+02  1.19619e+03  1.51185e+03 
 3.59917e+02  1.28745e+03  1.48985e+03 
 4.61998e+02  1.36848e+03  1.42073e+03 
 5.80156e+02  1.44158e+03  1.27130e+03 
 7.54362e+02  1.49081e+03  1.00480e+03 
 9.60208e+02  1.48355e+03  5.72727e+02 
 1.16934e+03  1.37609e+03 -1.40655e+02 
 1.35761e+03  1.09555e+03 -1.26767e+03 
 1.49076e+03  5.43294e+02 -2.88304e+03 
 1.48463e+03 -2.35205e+02 -4.68938e+03 
 1.31503e+03 -1.17204e+03 -6.49782e+03 
 9.67332e+02 -2.15884e+03 -8.01826e+03 
 5.12001e+02 -3.04425e+03 -9.06912e+03 
 8.17411e+01 -3.49307e+03 -9.08338e+03 
-2.59406e+02 -3.67340e+03 -8.67151e+03 
-5.08228e+02 -3.68168e+03 -8.11137e+03 
-7.59582e+02 -3.75457e+03 -7.70503e+03 
-8.91356e+02 -3.62700e+03 -7.32432e+03 
-9.07711e+02 -3.36914e+03 -6.22957e+03 
-9.31221e+02 -3.18065e+03 -5.57321e+03 
-9.80427e+02 -3.05304e+03 -5.29882e+03 
-1.03295e+03 -2.96639e+03 -5.04638e+03 
-1.08045e+03 -2.89318e+03 -4.79941e+03 
-1.11805e+03 -2.82755e+03 -4.56851e+03 
-1.14668e+03 -2.76881e+03 -4.35637e+03 
-1.16614e+03 -2.69498e+03 -4.14670e+03 
-1.18253e+03 -2.56034e+03 -3.97081e+03 
-1.20014e+03 -2.49369e+03 -3.80440e+03 
-1.21417e+03 -2.46453e+03 -3.65192e+03 
-1.22679e+03 -2.42555e+03 -3.50762e+03 
-1.23807e+03 -2.38133e+03 -3.37196e+03 
-1.24622e+03 -2.33792e+03 -3.18702e+03 
-1.25528e+03 -2.29079e+03 -3.03748e+03 
-1.26013e+03 -2.23865e+03 -2.87105e+03 
-1.27523e+03 -2.17837e+03 -2.69096e+03 
-1.28797e+03 -2.12467e+03 -2.51052e+03 
-1.29417e+03 -2.06005e+03 -2.31087e+03 
-1.29055e+03 -1.98725e+03 -2.09473e+03 
-1.28398e+03 -1.91663e+03 -1.86114e+03 
-1.27153e+03 -1.84441e+03 -1.59762e+03 
-1.24467e+03 -1.74475e+03 -1.26541e+03 
-1.17581e+03 -1.60082e+03 -9.65416e+02 
-1.09187e+03 -1.44518e+03 -7.99836e+02 
-9.55284e+02 -1.28716e+03 -7.32139e+02 
-8.27246e+02 -1.12167e+03 -7.08293e+02 
-7.21510e+02 -9.59885e+02 -7.05011e+02 
-6.05177e+02 -8.01885e+02 -7.10088e+02 
-4.87354e+02 -6.51279e+02 -7.16560e+02 
-4.09526e+02 -5.35109e+02 -7.20953e+02 
-2.64703e+02 -3.86705e+02 -7.06987e+02 
-1.61769e+02 -2.68398e+02 -7.07713e+02 
-5.83497e+01 -1.63104e+02 -7.05130e+02 
-1.01140e+01 -8.75020e+01 -6.95953e+02 
 9.85514e+01 -9.04632e+00 -6.89075e+02 
 1.49772e+02  4.05052e+01 -6.79885e+02 
 2.00007e+02  8.58125e+01 -6.64823e+02 
 2.33437e+02  1.18460e+02 -6.47440e+02 
 2.50725e+02  1.45908e+02 -6.24366e+02 
-4.97237e+01 -2.75996e+01  1.40293e+01 
-5.95591e+01 -3.18435e+01  1.33874e+01 
-5.72733e+01 -2.48494e+01  2.37295e+01 
-5.40672e+01 -1.61355e+01  3.68047e+01 
-5.16457e+01 -6.68010e+00  5.10207e+01 
-5.05300e+01 -1.74527e+00  5.86148e+01 
-5.11212e+01  1.77697e+00  6.50606e+01 
-5.52786e+01  2.50673e+00  6.89797e+01 
-6.06882e+01  2.53144e+00  7.25758e+01 
-5.20383e+01  1.56882e+01  8.86879e+01 
-4.74810e+01  2.53147e+01  1.01537e+02 
-4.35820e+01  3.46424e+01  1.14129e+02 
-4.79783e+01  3.66095e+01  1.19842e+02 
-4.60322e+01  4.39683e+01  1.30621e+02 
-4.97981e+01  4.66115e+01  1.36495e+02 
-5.25726e+01  4.97246e+01  1.42654e+02 
-6.95491e+01  4.07704e+01  1.37747e+02 
-6.39747e+01  5.03146e+01  1.48765e+02 
-6.76021e+01  5.16047e+01  1.51734e+02 
-7.00367e+01  5.30280e+01  1.54144e+02 
-6.86922e+01  5.67382e+01  1.57703e+02 
-7.43726e+01  5.37006e+01  1.54676e+02 
-7.89354e+01  5.03404e+01  1.49918e+02 
-9.36057e+01  3.70157e+01  1.35106e+02 
-7.68819e+01  4.97871e+01  1.43724e+02 
-7.51108e+01  4.85787e+01  1.38597e+02 
-7.20109e+01  4.78994e+01  1.33645e+02 
-7.28831e+01  4.28033e+01  1.23986e+02 
-7.10375e+01  3.96619e+01  1.16269e+02 
-6.80517e+01  3.67650e+01  1.08390e+02 
-6.76459e+01  3.13120e+01  9.84059e+01 
-7.12193e+01  2.21247e+01  8.48375e+01 
-7.34666e+01  1.36392e+01  7.21809e+01 
-6.66651e+01  1.38945e+01  6.84274e+01 
-7.23897e+01  2.60567e+00  5.34507e+01 
-6.64856e+01  2.03809e+00  4.94993e+01 
-6.62518e+01 -2.94182e+00  4.12380e+01 
-6.85192e+01 -1.01375e+01  3.11264e+01 
-6.57048e+01 -1.25821e+01  2.60714e+01 
-6.56867e+01 -1.73262e+01  1.88060e+01 
-6.04402e+01 -1.65047e+01  1.70741e+01 
-6.26864e+01 -2.26065e+01  8.89096e+00 
-6.45212e+01 -2.79977e+01  1.39907e+00 
-7.11603e+01 -3.78820e+01 -1.04881e+01 
-7.65229e+01 -4.90962e+01 -2.50800e+01 
-9.02821e+01 -6.82976e+01 -4.75226e+01 
-9.73503e+01 -8.02122e+01 -6.19612e+01 
-1.04237e+02 -9.40378e+01 -7.92006e+01 
-6.59235e+01 -7.59269e+01 -6.04717e+01 
-7.21935e+01 -8.81904e+01 -7.75430e+01 
-7.51330e+01 -9.60378e+01 -8.96813e+01 
-7.76024e+01 -1.04708e+02 -1.03650e+02 
-8.57086e+01 -1.20212e+02 -1.25687e+02 
-8.76376e+01 -1.26510e+02 -1.35456e+02 
-9.12588e+01 -1.34865e+02 -1.48197e+02 
-9.77154e+01 -1.46433e+02 -1.64473e+02 
-1.02527e+02 -1.56599e+02 -1.79677e+02 
-1.12283e+02 -1.72718e+02 -2.01498e+02 
-1.17278e+02 -1.84346e+02 -2.19434e+02 
-1.16965e+02 -1.90745e+02 -2.32156e+02 
-1.23572e+02 -2.04973e+02 -2.52470e+02 
-1.27943e+02 -2.15936e+02 -2.71769e+02 
-1.30717e+02 -2.25996e+02 -2.89059e+02 
-1.41015e+02 -2.44390e+02 -3.15985e+02 
-1.46626e+02 -2.57425e+02 -3.36793e+02 
-1.51020e+02 -2.68357e+02 -3.55149e+02 
-1.56108e+02 -2.79253e+02 -3.72904e+02 
-1.64842e+02 -2.93510e+02 -3.93690e+02 
-1.73001e+02 -3.05210e+02 -4.11321e+02 
-1.76885e+02 -3.12262e+02 -4.21861e+02 
-1.85457e+02 -3.22823e+02 -4.36580e+02 
-1.87726e+02 -3.24178e+02 -4.39177e+02 
-1.88352e+02 -3.22581e+02 -4.37990e+02 
-1.83284e+02 -3.14472e+02 -4.28210e+02 
-1.78311e+02 -3.04489e+02 -4.16179e+02 
-1.78740e+02 -2.99778e+02 -4.08801e+02 
-1.66039e+02 -2.79811e+02 -3.83880e+02 
-1.61184e+02 -2.68912e+02 -3.67863e+02 
-1.52937e+02 -2.53224e+02 -3.46539e+02 
-1.46332e+02 -2.39009e+02 -3.26013e+02 
-1.46102e+02 -2.33493e+02 -3.13691e+02 
-1.37571e+02 -2.17949e+02 -2.91388e+02 
-1.32239e+02 -2.05634e+02 -2.74487e+02 
-1.24414e+02 -1.90776e+02 -2.51729e+02 
-1.17614e+02 -1.78408e+02 -2.34624e+02 
-1.18573e+02 -1.73824e+02 -2.24525e+02 
-1.16914e+02 -1.66733e+02 -2.12115e+02 
-1.07051e+02 -1.51856e+02 -1.92362e+02 
-1.04007e+02 -1.44592e+02 -1.80662e+02 
-1.04413e+02 -1.40793e+02 -1.73189e+02 
-9.89499e+01 -1.31627e+02 -1.60148e+02 
-9.81201e+01 -1.27067e+02 -1.52415e+02 
-9.53669e+01 -1.17978e+02 -1.37687e+02 
-8.68222e+01 -1.04871e+02 -1.19775e+02 
-9.08390e+01 -1.04061e+02 -1.15115e+02 
-9.15278e+01 -9.93537e+01 -1.05629e+02 
-5.25067e+01 -3.03995e+01  1.11453e+01 
-5.42486e+01 -9.03863e+00  4.87773e+01 
-4.52084e+01  2.74930e+01  1.03903e+02 
-5.16971e+01  4.48532e+01  1.36027e+02 
-5.95015e+01  5.48901e+01  1.54389e+02 
-6.36141e+01  5.89962e+01  1.61508e+02 
-7.00809e+01  5.75808e+01  1.60387e+02 
-7.12102e+01  5.64611e+01  1.55430e+02 
-7.77270e+01  4.94018e+01  1.45999e+02 
-7.05519e+01  4.93842e+01  1.37904e+02 
-7.45302e+01  3.66098e+01  1.16333e+02 
-6.87287e+01  3.03119e+01  1.00242e+02 
-6.83568e+01  1.25710e+01  6.90173e+01 
-6.13334e+01 -3.63660e+00  3.86666e+01 
-7.00592e+01 -3.66932e+01 -9.45093e+00 
-1.01081e+02 -9.06273e+01 -7.71013e+01 
-6.64087e+01 -7.65258e+01 -6.11937e+01 
-8.44538e+01 -1.19124e+02 -1.24828e+02 
-1.07746e+02 -1.74304e+02 -2.09905e+02 
-1.32624e+02 -2.29004e+02 -2.94806e+02 
-1.52473e+02 -2.68651e+02 -3.58259e+02 
-1.63386e+02 -2.91426e+02 -3.94470e+02 
-1.77903e+02 -3.12848e+02 -4.25884e+02 
-1.86004e+02 -3.21371e+02 -4.38900e+02 
-1.83780e+02 -3.18240e+02 -4.35806e+02 
-1.78996e+02 -3.05959e+02 -4.19782e+02 
-1.67591e+02 -2.82637e+02 -3.88122e+02 
-1.55112e+02 -2.56390e+02 -3.50575e+02 
-1.34745e+02 -2.14766e+02 -2.90062e+02 
-1.14610e+02 -1.69980e+02 -2.20693e+02 
-9.33061e+01 -1.22631e+02 -1.47508e+02 
-8.96741e+01 -9.72800e+01 -1.02907e+02 
 1.50611e+03  1.49551e+03  1.51441e+03 
 1.50594e+03  1.49484e+03  1.51503e+03 
 1.50727e+03  1.49588e+03  1.51538e+03 
 1.50675e+03  1.49495e+03  1.51433e+03 
 1.50685e+03  1.49534e+03  1.51281e+03 
 1.50517e+03  1.49368e+03  1.50829e+03 
 1.50634e+03  1.49525e+03  1.50401e+03 
 1.50537e+03  1.49408e+03  1.49856e+03 
 1.50719e+03  1.49620e+03  1.49464e+03 
 1.50593e+03  1.49472e+03  1.49121e+03 
 1.50695e+03  1.49606e+03  1.48883e+03 
 1.50588e+03  1.49494e+03  1.48486e+03 
 1.50760e+03  1.49682e+03  1.48196e+03 
 1.50548e+03  1.49455e+03  1.47555e+03 
 1.50679e+03  1.49598e+03  1.47144e+03 
 1.50582e+03  1.49465e+03  1.46668e+03 
 1.50667e+03  1.49542e+03  1.46238e+03 
 1.50574e+03  1.49467e+03  1.45697e+03 
 1.50711e+03  1.49609e+03  1.45360e+03 
 1.50590e+03  1.49499e+03  1.44852e+03 
 1.50682e+03  1.49541e+03  1.44435e+03 
 1.50579e+03  1.49427e+03  1.44013e+03 
 1.50696e+03  1.49581e+03  1.43815e+03 
 1.50650e+03  1.49497e+03  1.43320e+03 
 1.50619e+03  1.49494e+03  1.42863e+03 
 1.50652e+03  1.49497e+03  1.42614e+03 
 1.50687e+03  1.49547e+03  1.42182e+03 
 1.50715e+03  1.49532e+03  1.41794e+03 
 1.50626e+03  1.49445e+03  1.41336e+03 
 1.50585e+03  1.49361e+03  1.41127e+03 
 1.50651e+03  1.49445e+03  1.40839e+03 
 1.50566e+03  1.49238e+03  1.40297e+03 
 1.50702e+03  1.49356e+03  1.40285e+03 
 1.50662e+03  1.49154e+03  1.39914e+03 
 1.50649e+03  1.48834e+03  1.39244e+03 
 1.50636e+03  1.48378e+03  1.39249e+03 
 1.50502e+03  1.47807e+03  1.39118e+03 
 1.50181e+03  1.46800e+03  1.38878e+03 
 1.49581e+03  1.45785e+03  1.38376e+03 
 1.48345e+03  1.44129e+03  1.37961e+03 
 1.47200e+03  1.42904e+03  1.37754e+03 
 1.44596e+03  1.40659e+03  1.37616e+03 
 1.42273e+03  1.38886e+03  1.37216e+03 
 1.39598e+03  1.37069e+03  1.36715e+03 
 1.36497e+03  1.34765e+03  1.36376e+03 
 1.35144e+03  1.33586e+03  1.36179e+03 
 1.33592e+03  1.32122e+03  1.35894e+03 
 1.32848e+03  1.31005e+03  1.35389e+03 
 1.33072e+03  1.30030e+03  1.34932e+03 
 1.34101e+03  1.29804e+03  1.34744e+03 
 1.36085e+03  1.29942e+03  1.34453e+03 
 1.38233e+03  1.30522e+03  1.34037e+03 
 1.40865e+03  1.31430e+03  1.33741e+03 
 1.43180e+03  1.32370e+03  1.33251e+03 
 1.45647e+03  1.33898e+03  1.33040e+03 
 1.47433e+03  1.35618e+03  1.32565e+03 
 1.48790e+03  1.37299e+03  1.31963e+03 
 1.49647e+03  1.38800e+03  1.31422e+03 
 1.50256e+03  1.40969e+03  1.31234e+03 
 1.50418e+03  1.42523e+03  1.30921e+03 
 1.50516e+03  1.44029e+03  1.30381e+03 
 1.50572e+03  1.45288e+03  1.29746e+03 
 1.50599e+03  1.46294e+03  1.29785e+03 
 1.50622e+03  1.47225e+03  1.29510e+03 
 1.50656e+03  1.48077e+03  1.28893e+03 
 1.50608e+03  1.48447e+03  1.28526e+03 
 1.50602e+03  1.48871e+03  1.28132e+03 
 1.50526e+03  1.49047e+03  1.27690e+03 
 1.49786e+03  1.48466e+03  1.26531e+03 
 1.50634e+03  1.49400e+03  1.27093e+03 
 1.50470e+03  1.49222e+03  1.26776e+03 
 1.50541e+03  1.49394e+03  1.26485e+03 
 1.50552e+03  1.49407e+03  1.26196e+03 
 1.50605e+03  1.49474e+03  1.26019e+03 
 1.50571e+03  1.49445e+03  1.25663e+03 
 1.50589e+03  1.49473e+03  1.25439e+03 
 1.50498e+03  1.49374e+03  1.25421e+03 
 1.50635e+03  1.49510e+03  1.25330e+03 
 1.50535e+03  1.49420e+03  1.24527e+03 
 1.50608e+03  1.49499e+03  1.24460e+03 
 1.50493e+03  1.49362e+03  1.24147e+03 
 1.50517e+03  1.49432e+03  1.23652e+03 
 1.50619e+03  1.49505e+03  1.23938e+03 
 1.50598e+03  1.49508e+03  1.23845e+03 
 1.50520e+03  1.49411e+03  1.23950e+03 
 1.50565e+03  1.49442e+03  1.23750e+03 
 1.50582e+03  1.49453e+03  1.23163e+03 
 1.50597e+03  1.49500e+03  1.23339e+03 
 1.50508e+03  1.49401e+03  1.23151e+03 
 1.50671e+03  1.49546e+03  1.23372e+03 
 1.50489e+03  1.49342e+03  1.23482e+03 
 1.50649e+03  1.49515e+03  1.24639e+03 
 1.50486e+03  1.49359e+03  1.25215e+03 
 1.50565e+03  1.49429e+03  1.26704e+03 
 1.50536e+03  1.49386e+03  1.28893e+03 
 1.50293e+03  1.49214e+03  1.29760e+03 
 3.65972e+02  1.22660e+03  1.87527e+03 
-6.21299e+01 -1.34260e+02 -5.53179e+02 
 2.53045e+02  8.74434e+02  1.38393e+03 
 6.18990e+01 -9.08140e+01 -1.00344e+02 
 0.00000e+00  9.00000e-01  0.00000e+00  9.99540e-01 
 0.00000e+00  8.71299e-01 -1.84230e-03  9.70290e-01 
 0.00000e+00  8.48880e-01 -3.73860e-03  9.77130e-01 
 0.00000e+00  8.26542e-01 -6.47676e-03  9.83970e-01 
 0.00000e+00  7.99830e-01 -1.04112e-02  9.92160e-01 
 0.00000e+00  7.73172e-01 -1.46979e-02  1.00035e+00 
 0.00000e+00  7.42149e-01 -2.01222e-02  1.00980e+00 
 0.00000e+00  7.06761e-01 -2.67264e-02  1.02069e+00 
 0.00000e+00  6.71409e-01 -3.35484e-02  1.03149e+00 
 0.00000e+00  6.36075e-01 -4.04244e-02  1.04229e+00 
 0.00000e+00  6.00714e-01 -4.71789e-02  9.23040e-01 
 0.00000e+00  5.65308e-01 -5.36796e-02  9.33840e-01 
 0.00000e+00  5.29830e-01 -5.98023e-02  9.44730e-01 
 0.00000e+00  4.94271e-01 -6.54129e-02  9.55620e-01 
 0.00000e+00  4.58613e-01 -7.03890e-02  9.66510e-01 
 0.00000e+00  4.22865e-01 -7.45848e-02  9.77490e-01 
 0.00000e+00  3.87009e-01 -7.78491e-02  9.88470e-01 
 0.00000e+00  3.51081e-01 -8.00424e-02  9.99450e-01 
 0.00000e+00  3.15090e-01 -8.09991e-02  1.01043e+00 
 0.00000e+00  2.79099e-01 -8.05437e-02  1.02150e+00 
 0.00000e+00  2.48535e-01 -7.91271e-02  1.03086e+00 
 0.00000e+00  2.20716e-01 -7.70238e-02  1.03941e+00 
 0.00000e+00  1.95651e-01 -7.44201e-02  1.04706e+00 
 0.00000e+00  1.73340e-01 -7.14969e-02  1.05390e+00 
 0.00000e+00  1.53783e-01 -6.84324e-02  1.05984e+00 
 0.00000e+00  1.36953e-01 -6.54012e-02  1.06506e+00 
 0.00000e+00  1.22832e-01 -6.25581e-02  1.06938e+00 
 0.00000e+00  1.11411e-01 -6.00255e-02  1.07289e+00 
 0.00000e+00  1.02663e-01 -5.79258e-02  9.20880e-01 
 0.00000e+00  9.42030e-02 -5.57505e-02  9.23580e-01 
 0.00000e+00  8.60490e-02 -5.35050e-02  9.26460e-01 
 0.00000e+00  7.81929e-02 -5.11911e-02  9.29520e-01 
 0.00000e+00  7.06392e-02 -4.88106e-02  9.32760e-01 
 0.00000e+00  6.33897e-02 -4.63662e-02  9.36180e-01 
 0.00000e+00  5.64507e-02 -4.38552e-02  9.39780e-01 
 0.00000e+00  4.98267e-02 -4.12713e-02  9.43560e-01 
 0.00000e+00  4.35222e-02 -3.86172e-02  9.47430e-01 
 0.00000e+00  3.75426e-02 -3.58956e-02  9.51480e-01 
 0.00000e+00  3.18924e-02 -3.31101e-02  9.55710e-01 
 0.00000e+00  2.65734e-02 -3.02697e-02  9.60030e-01 
 0.00000e+00  2.15847e-02 -2.73915e-02  9.64440e-01 
 0.00000e+00  1.69605e-02 -2.44323e-02  9.68940e-01 
 0.00000e+00  1.27962e-02 -2.12868e-02  9.73440e-01 
 0.00000e+00  9.13770e-03 -1.79550e-02  9.77940e-01 
 0.00000e+00  5.96844e-03 -1.45125e-02  9.82530e-01 
 0.00000e+00  3.36672e-03 -1.09548e-02  9.87030e-01 
 0.00000e+00  1.47150e-03 -7.27821e-03  9.91440e-01 
 0.00000e+00  3.52197e-04 -3.57831e-03  9.95670e-01 
 0.00000e+00  0.00000e+00  0.00000e+00  9.99540e-01 
 9.00000e-01  3.52197e-04  3.57831e-03  1.00332e+00 
 9.00000e-01  1.47150e-03  7.27821e-03  1.00755e+00 
 9.00000e-01  3.36672e-03  1.09548e-02  1.01196e+00 
 9.00000e-01  5.96844e-03  1.45125e-02  1.01646e+00 
 9.00000e-01  9.13770e-03  1.79550e-02  1.02105e+00 
 9.00000e-01  1.27962e-02  2.12868e-02  1.02555e+00 
 9.00000e-01  1.69605e-02  2.44323e-02  1.03005e+00 
 9.00000e-01  2.15847e-02  2.73915e-02  1.03455e+00 
 9.00000e-01  2.65734e-02  3.02697e-02  1.03896e+00 
 9.00000e-01  3.18924e-02  3.31101e-02  1.04328e+00 
 9.00000e-01  3.75426e-02  3.58956e-02  1.04751e+00 
 9.00000e-01  4.35222e-02  3.86172e-02  1.05156e+00 
 9.00000e-01  4.98267e-02  4.12713e-02  1.05552e+00 
 9.00000e-01  5.64507e-02  4.38552e-02  1.05921e+00 
 9.00000e-01  6.33897e-02  4.63662e-02  1.06281e+00 
 9.00000e-01  7.06392e-02  4.88106e-02  1.06632e+00 
 9.00000e-01  7.81929e-02  5.11911e-02  1.06956e+00 
 9.00000e-01  8.60490e-02  5.35050e-02  1.07253e+00 
 9.00000e-01  9.42030e-02  5.57505e-02  1.07541e+00 
 9.00000e-01  1.02663e-01  5.79258e-02  1.07811e+00 
 9.00000e-01  1.11411e-01  6.00255e-02  9.26100e-01 
 9.00000e-01  1.22832e-01  6.25581e-02  9.29610e-01 
 9.00000e-01  1.36953e-01  6.54012e-02  9.33930e-01 
 9.00000e-01  1.53783e-01  6.84324e-02  9.39150e-01 
 9.00000e-01  1.73340e-01  7.14969e-02  9.45090e-01 
 9.00000e-01  1.95651e-01  7.44201e-02  9.51930e-01 
 9.00000e-01  2.20716e-01  7.70238e-02  9.59580e-01 
 9.00000e-01  2.48535e-01  7.91271e-02  9.68130e-01 
 9.00000e-01  2.79099e-01  8.05437e-02  9.77490e-01 
 9.00000e-01  3.15090e-01  8.09991e-02  9.88560e-01 
 9.00000e-01  3.51081e-01  8.00424e-02  9.99540e-01 
 9.00000e-01  3.87009e-01  7.78491e-02  1.01052e+00 
 9.00000e-01  4.22865e-01  7.45848e-02  1.02150e+00 
 9.00000e-01  4.58613e-01  7.03890e-02  1.03248e+00 
 9.00000e-01  4.94271e-01  6.54129e-02  1.04337e+00 
 9.00000e-01  5.29830e-01  5.98023e-02  1.05426e+00 
 9.00000e-01  5.65308e-01  5.36796e-02  1.06515e+00 
 9.00000e-01  6.00714e-01  4.71789e-02  1.07604e+00 
 9.00000e-01  6.36075e-01  4.04244e-02  9.56700e-01 
 9.00000e-01  6.71409e-01  3.35484e-02  9.67500e-01 
 9.00000e-01  7.06761e-01  2.67264e-02  9.78300e-01 
 9.00000e-01  7.42149e-01  2.01222e-02  9.89190e-01 
 9.00000e-01  7.73172e-01  1.46979e-02  9.98640e-01 
 9.00000e-01  7.99830e-01  1.04112e-02  1.00683e+00 
 9.00000e-01  8.26542e-01  6.47676e-03  1.01502e+00 
 9.00000e-01  8.48880e-01  3.73860e-03  1.02186e+00 
 9.00000e-01  8.71299e-01  1.84230e-03  1.02870e+00 
 0.00000e+00 -2.85000e+00 -1.50000e+00  7.27000e-01 
 0.00000e+00 -2.55000e+00 -1.50000e+00  7.27000e-01 
 0.00000e+00 -2.35000e+00 -1.50000e+00  7.27000e-01 
 0.00000e+00 -2.15000e+00 -1.50000e+00  7.27000e-01 
 0.00000e+00 -1.95000e+00 -1.50000e+00  7.27000e-01 
 0.00000e+00 -1.85000e+00 -1.50000e+00  7.27000e-01 
 0.00000e+00 -1.75000e+00 -1.50000e+00  7.27000e-01 
 0.00000e+00 -1.65000e+00 -1.50000e+00  7.27000e-01 
 0.00000e+00 -1.55000e+00 -1.50000e+00  7.27000e-01 
 0.00000e+00 -1.45000e+00 -1.50000e+00  7.27000e-01 
 0.00000e+00 -1.35000e+00 -1.50000e+00  7.27000e-01 
 0.00000e+00 -1.25000e+00 -1.50000e+00  7.27000e-01 
 0.00000e+00 -1.15000e+00 -1.50000e+00  7.27000e-01 
 0.00000e+00 -1.05000e+00 -1.50000e+00  7.27000e-01 
 0.00000e+00 -9.50000e-01 -1.50000e+00  7.27000e-01 
 0.00000e+00 -8.50000e-01 -1.50000e+00  7.27000e-01 
 0.00000e+00 -7.50000e-01 -1.50000e+00  7.27000e-01 
 0.00000e+00 -6.50000e-01 -1.50000e+00  7.27000e-01 
 0.00000e+00 -5.50000e-01 -1.50000e+00  7.27000e-01 
 0.00000e+00 -4.50000e-01 -1.50000e+00  7.27000e-01 
 0.00000e+00 -3.50000e-01 -1.50000e+00  7.27000e-01 
 0.00000e+00 -2.50000e-01 -1.50000e+00  7.27000e-01 
 0.00000e+00 -1.50000e-01 -1.50000e+00  7.27000e-01 
 0.00000e+00 -5.00000e-02 -1.50000e+00  7.27000e-01 
 0.00000e+00  5.00000e-02 -1.50000e+00  7.27000e-01 
 0.00000e+00  1.50000e-01 -1.50000e+00  7.27000e-01 
 0.00000e+00  2.50000e-01 -1.50000e+00  7.27000e-01 
 0.00000e+00  3.50000e-01 -1.50000e+00  7.27000e-01 
 0.00000e+00  4.50000e-01 -1.50000e+00  7.27000e-01 
 0.00000e+00  5.50000e-01 -1.50000e+00  7.27000e-01 
 0.00000e+00  6.50000e-01 -1.50000e+00  7.27000e-01 
 0.00000e+00  7.50000e-01 -1.50000e+00  7.27000e-01 
 0.00000e+00  8.50000e-01 -1.50000e+00  7.27000e-01 
 0.00000e+00  9.50000e-01 -1.50000e+00  7.27000e-01 
 0.00000e+00  1.05000e+00 -1.50000e+00  7.27000e-01 
 0.00000e+00  1.15000e+00 -1.50000e+00  7.27000e-01 
 0.00000e+00  1.25000e+00 -1.50000e+00  7.27000e-01 
 0.00000e+00  1.35000e+00 -1.50000e+00  7.27000e-01 
 0.00000e+00  1.45000e+00 -1.50000e+00  7.27000e-01 
 0.00000e+00  1.55000e+00 -1.50000e+00  7.27000e-01 
 0.00000e+00  1.65000e+00 -1.50000e+00  7.27000e-01 
 0.00000e+00  1.75000e+00 -1.50000e+00  7.27000e-01 
 0.00000e+00  1.85000e+00 -1.50000e+00  7.27000e-01 
 0.00000e+00  1.95000e+00 -1.50000e+00  7.27000e-01 
 0.00000e+00  2.15000e+00 -1.50000e+00  7.27000e-01 
 0.00000e+00  2.35000e+00 -1.50000e+00  7.27000e-01 
 0.00000e+00  2.55000e+00 -1.50000e+00  7.27000e-01 
 0.00000e+00  2.85000e+00 -1.50000e+00  7.27000e-01 
 1.00000e+00 -2.85000e+00  1.50000e+00  7.27000e-01 
 1.00000e+00 -2.55000e+00  1.50000e+00  7.27000e-01 
 1.00000e+00 -2.35000e+00  1.50000e+00  7.27000e-01 
 1.00000e+00 -2.15000e+00  1.50000e+00  7.27000e-01 
 1.00000e+00 -1.95000e+00  1.50000e+00  7.27000e-01 
 1.00000e+00 -1.85000e+00  1.50000e+00  7.27000e-01 
 1.00000e+00 -1.75000e+00  1.50000e+00  7.27000e-01 
 1.00000e+00 -1.65000e+00  1.50000e+00  7.27000e-01 
 1.00000e+00 -1.55000e+00  1.50000e+00  7.27000e-01 
 1.00000e+00 -1.45000e+00  1.50000e+00  7.27000e-01 
 1.00000e+00 -1.35000e+00  1.50000e+00  7.27000e-01 
 1.00000e+00 -1.25000e+00  1.50000e+00  7.27000e-01 
 1.00000e+00 -1.15000e+00  1.50000e+00  7.27000e-01 
 1.00000e+00 -1.05000e+00  1.50000e+00  7.27000e-01 
 1.00000e+00 -9.50000e-01  1.50000e+00  7.27000e-01 
 1.00000e+00 -8.50000e-01  1.50000e+00  7.27000e-01 
 1.00000e+00 -7.50000e-01  1.50000e+00  7.27000e-01 
 1.00000e+00 -6.50000e-01  1.50000e+00  7.27000e-01 
 1.00000e+00 -5.50000e-01  1.50000e+00  7.27000e-01 
 1.00000e+00 -4.50000e-01  1.50000e+00  7.27000e-01 
 1.00000e+00 -3.50000e-01  1.50000e+00  7.27000e-01 
 1.00000e+00 -2.50000e-01  1.50000e+00  7.27000e-01 
 1.00000e+00 -1.50000e-01  1.50000e+00  7.27000e-01 
 1.00000e+00 -5.00000e-02  1.50000e+00  7.27000e-01 
 1.00000e+00  5.00000e-02  1.50000e+00  7.27000e-01 
 1.00000e+00  1.50000e-01  1.50000e+00  7.27000e-01 
 1.00000e+00  2.50000e-01  1.50000e+00  7.27000e-01 
 1.00000e+00  3.50000e-01  1.50000e+00  7.27000e-01 
 1.00000e+00  4.50000e-01  1.50000e+00  7.27000e-01 
 1.00000e+00  5.50000e-01  1.50000e+00  7.27000e-01 
 1.00000e+00  6.50000e-01  1.50000e+00  7.27000e-01 
 1.00000e+00  7.50000e-01  1.50000e+00  7.27000e-01 
 1.00000e+00  8.50000e-01  1.50000e+00  7.27000e-01 
 1.00000e+00  9.50000e-01  1.50000e+00  7.27000e-01 
 1.00000e+00  1.05000e+00  1.50000e+00  7.27000e-01 
 1.00000e+00  1.15000e+00  1.50000e+00  7.27000e-01 
 1.00000e+00  1.25000e+00  1.50000e+00  7.27000e-01 
 1.00000e+00  1.35000e+00  1.50000e+00  7.27000e-01 
 1.00000e+00  1.45000e+00  1.50000e+00  7.27000e-01 
 1.00000e+00  1.55000e+00  1.50000e+00  7.27000e-01 
 1.00000e+00  1.65000e+00  1.50000e+00  7.27000e-01 
 1.00000e+00  1.75000e+00  1.50000e+00  7.27000e-01 
 1.00000e+00  1.85000e+00  1.50000e+00  7.27000e-01 
 1.00000e+00  1.95000e+00  1.50000e+00  7.27000e-01 
 1.00000e+00  2.15000e+00  1.50000e+00  7.27000e-01 
 1.00000e+00  2.35000e+00  1.50000e+00  7.27000e-01 
 1.00000e+00  2.55000e+00  1.50000e+00  7.27000e-01 
 1.00000e+00  2.85000e+00  1.50000e+00  7.27000e-01 
 2.00000e+00 -2.85000e+00 -1.50000e+00  1.26700e+00 
 2.00000e+00 -1.95000e+00 -1.50000e+00  1.26700e+00 
 2.00000e+00 -1.35000e+00 -1.50000e+00  1.26700e+00 
 2.00000e+00 -9.50000e-01 -1.50000e+00  1.26700e+00 
 2.00000e+00 -6.50000e-01 -1.50000e+00  1.26700e+00 
 2.00000e+00 -4.50000e-01 -1.50000e+00  1.26700e+00 
 2.00000e+00 -2.50000e-01 -1.50000e+00  1.26700e+00 
 2.00000e+00 -5.00000e-02 -1.50000e+00  1.26700e+00 
 2.00000e+00  5.00000e-02 -1.50000e+00  1.26700e+00 
 2.00000e+00  2.50000e-01 -1.50000e+00  1.26700e+00 
 2.00000e+00  4.50000e-01 -1.50000e+00  1.26700e+00 
 2.00000e+00  6.50000e-01 -1.50000e+00  1.26700e+00 
 2.00000e+00  9.50000e-01 -1.50000e+00  1.26700e+00 
 2.00000e+00  1.35000e+00 -1.50000e+00  1.26700e+00 
 2.00000e+00  1.95000e+00 -1.50000e+00  1.26700e+00 
 2.00000e+00  2.85000e+00 -1.50000e+00  1.26700e+00 
 3.00000e+00 -2.85000e+00  1.50000e+00  1.26700e+00 
 3.00000e+00 -1.95000e+00  1.50000e+00  1.26700e+00 
 3.00000e+00 -1.35000e+00  1.50000e+00  1.26700e+00 
 3.00000e+00 -9.50000e-01  1.50000e+00  1.26700e+00 
 3.00000e+00 -6.50000e-01  1.50000e+00  1.26700e+00 
 3.00000e+00 -4.50000e-01  1.50000e+00  1.26700e+00 
 3.00000e+00 -2.50000e-01  1.50000e+00  1.26700e+00 
 3.00000e+00 -5.00000e-02  1.50000e+00  1.26700e+00 
 3.00000e+00  5.00000e-02  1.50000e+00  1.26700e+00 
 3.00000e+00  2.50000e-01  1.50000e+00  1.26700e+00 
 3.00000e+00  4.50000e-01  1.50000e+00  1.26700e+00 
 3.00000e+00  6.50000e-01  1.50000e+00  1.26700e+00 
 3.00000e+00  9.50000e-01  1.50000e+00  1.26700e+00 
 3.00000e+00  1.35000e+00  1.50000e+00  1.26700e+00 
 3.00000e+00  1.95000e+00  1.50000e+00  1.26700e+00 
 3.00000e+00  2.85000e+00  1.50000e+00  1.26700e+00 
 0.00000e+00  0.00000e+00 -3.47500e-01  0.00000e+00 
 0.00000e+00  0.00000e+00 -3.17500e-01  0.00000e+00 
 0.00000e+00  0.00000e+00 -2.87500e-01  0.00000e+00 
 0.00000e+00  0.00000e+00 -2.67500e-01  0.00000e+00 
 0.00000e+00  0.00000e+00 -2.47500e-01  0.00000e+00 
 0.00000e+00  0.00000e+00 -2.32500e-01  0.00000e+00 
 0.00000e+00  0.00000e+00 -2.17500e-01  0.00000e+00 
 0.00000e+00  0.00000e+00 -2.07500e-01  0.00000e+00 
 0.00000e+00  0.00000e+00 -1.97500e-01  0.00000e+00 
 0.00000e+00  0.00000e+00 -1.92500e-01  0.00000e+00 
 0.00000e+00  0.00000e+00 -1.87500e-01  0.00000e+00 
 0.00000e+00  0.00000e+00 -1.82500e-01  0.00000e+00 
 0.00000e+00  0.00000e+00 -1.77500e-01  0.00000e+00 
 0.00000e+00  0.00000e+00 -1.72500e-01  0.00000e+00 
 0.00000e+00  0.00000e+00 -1.67500e-01  0.00000e+00 
 0.00000e+00  0.00000e+00 -1.62500e-01  0.00000e+00 
 0.00000e+00  0.00000e+00 -1.57500e-01  0.00000e+00 
 0.00000e+00  0.00000e+00 -1.52500e-01  0.00000e+00 
 0.00000e+00  0.00000e+00 -1.47500e-01  0.00000e+00 
 0.00000e+00  0.00000e+00 -1.42500e-01  0.00000e+00 
 0.00000e+00  0.00000e+00 -1.37500e-01  0.00000e+00 
 0.00000e+00  0.00000e+00 -1.32500e-01  0.00000e+00 
 0.00000e+00  0.00000e+00 -1.27500e-01  0.00000e+00 
 0.00000e+00  0.00000e+00 -1.22500e-01  0.00000e+00 
 0.00000e+00  0.00000e+00 -1.17500e-01  0.00000e+00 
 0.00000e+00  0.00000e+00 -1.12500e-01  0.00000e+00 
 0.00000e+00  0.00000e+00 -1.07500e-01  0.00000e+00 
 0.00000e+00  0.00000e+00 -1.02500e-01  0.00000e+00 
 0.00000e+00  0.00000e+00 -9.75000e-02  0.00000e+00 
 0.00000e+00  0.00000e+00 -9.25000e-02  0.00000e+00 
 0.00000e+00  0.00000e+00 -8.75000e-02  0.00000e+00 
 0.00000e+00  0.00000e+00 -8.25000e-02  0.00000e+00 
 0.00000e+00  0.00000e+00 -7.75000e-02  0.00000e+00 
 0.00000e+00  0.00000e+00 -7.25000e-02  0.00000e+00 
 0.00000e+00  0.00000e+00 -6.75000e-02  0.00000e+00 
 0.00000e+00  0.00000e+00 -6.25000e-02  0.00000e+00 
 0.00000e+00  0.00000e+00 -5.75000e-02  0.00000e+00 
 0.00000e+00  0.00000e+00 -5.25000e-02  0.00000e+00 
 0.00000e+00  0.00000e+00 -4.75000e-02  0.00000e+00 
 0.00000e+00  0.00000e+00 -4.25000e-02  0.00000e+00 
 0.00000e+00  0.00000e+00 -3.75000e-02  0.00000e+00 
 0.00000e+00  0.00000e+00 -3.25000e-02  0.00000e+00 
 0.00000e+00  0.00000e+00 -2.75000e-02  0.00000e+00 
 0.00000e+00  0.00000e+00 -2.25000e-02  0.00000e+00 
 0.00000e+00  0.00000e+00 -1.75000e-02  0.00000e+00 
 0.00000e+00  0.00000e+00 -1.25000e-02  0.00000e+00 
 0.00000e+00  0.00000e+00 -7.50000e-03  0.00000e+00 
 0.00000e+00  0.00000e+00 -2.50000e-03  0.00000e+00 
 0.00000e+00  0.00000e+00  2.50000e-03  0.00000e+00 
 0.00000e+00  0.00000e+00  7.50000e-03  0.00000e+00 
 0.00000e+00  0.00000e+00  1.25000e-02  0.00000e+00 
 0.00000e+00  0.00000e+00  1.75000e-02  0.00000e+00 
 0.00000e+00  0.00000e+00  2.25000e-02  0.00000e+00 
 0.00000e+00  0.00000e+00  2.75000e-02  0.00000e+00 
 0.00000e+00  0.00000e+00  3.25000e-02  0.00000e+00 
 0.00000e+00  0.00000e+00  3.75000e-02  0.00000e+00 
 0.00000e+00  0.00000e+00  4.25000e-02  0.00000e+00 
 0.00000e+00  0.00000e+00  4.75000e-02  0.00000e+00 
 0.00000e+00  0.00000e+00  5.25000e-02  0.00000e+00 
 0.00000e+00  0.00000e+00  5.75000e-02  0.00000e+00 
 0.00000e+00  0.00000e+00  6.25000e-02  0.00000e+00 
 0.00000e+00  0.00000e+00  6.75000e-02  0.00000e+00 
 0.00000e+00  0.00000e+00  7.25000e-02  0.00000e+00 
 0.00000e+00  0.00000e+00  7.75000e-02  0.00000e+00 
 0.00000e+00  0.00000e+00  8.25000e-02  0.00000e+00 
 0.00000e+00  0.00000e+00  8.75000e-02  0.00000e+00 
 0.00000e+00  0.00000e+00  9.25000e-02  0.00000e+00 
 0.00000e+00  0.00000e+00  9.75000e-02  0.00000e+00 
 0.00000e+00  0.00000e+00  1.02500e-01  0.00000e+00 
 0.00000e+00  0.00000e+00  1.07500e-01  0.00000e+00 
 0.00000e+00  0.00000e+00  1.12500e-01  0.00000e+00 
 0.00000e+00  0.00000e+00  1.17500e-01  0.00000e+00 
 0.00000e+00  0.00000e+00  1.22500e-01  0.00000e+00 
 0.00000e+00  0.00000e+00  1.27500e-01  0.00000e+00 
 0.00000e+00  0.00000e+00  1.32500e-01  0.00000e+00 
 0.00000e+00  0.00000e+00  1.37500e-01  0.00000e+00 
 0.00000e+00  0.00000e+00  1.42500e-01  0.00000e+00 
 0.00000e+00  0.00000e+00  1.47500e-01  0.00000e+00 
 0.00000e+00  0.00000e+00  1.52500e-01  0.00000e+00 
 0.00000e+00  0.00000e+00  1.57500e-01  0.00000e+00 
 0.00000e+00  0.00000e+00  1.62500e-01  0.00000e+00 
 0.00000e+00  0.00000e+00  1.67500e-01  0.00000e+00 
 0.00000e+00  0.00000e+00  1.72500e-01  0.00000e+00 
 0.00000e+00  0.00000e+00  1.77500e-01  0.00000e+00 
 0.00000e+00  0.00000e+00  1.82500e-01  0.00000e+00 
 0.00000e+00  0.00000e+00  1.87500e-01  0.00000e+00 
 0.00000e+00  0.00000e+00  1.92500e-01  0.00000e+00 
 0.00000e+00  0.00000e+00  1.97500e-01  0.00000e+00 
 0.00000e+00  0.00000e+00  2.07500e-01  0.00000e+00 
 0.00000e+00  0.00000e+00  2.17500e-01  0.00000e+00 
 0.00000e+00  0.00000e+00  2.32500e-01  0.00000e+00 
 0.00000e+00  0.00000e+00  2.47500e-01  0.00000e+00 
 0.00000e+00  0.00000e+00  2.67500e-01  0.00000e+00 
 0.00000e+00  0.00000e+00  2.87500e-01  0.00000e+00 
 0.00000e+00  0.00000e+00  3.17500e-01  0.00000e+00 
 0.00000e+00  0.00000e+00  3.47500e-01  0.00000e+00 
