 3.97016e+00  1.19684e+01  1.79754e+01 
 8.43859e+01  8.37592e+01  8.29421e+01 
 1.40549e+01  1.46611e+01  1.47055e+01 
 5.26089e+06  5.20401e+06  5.15727e+06 
 4.40200e+03  4.32916e+03  4.24893e+03 
 1.02279e+05  1.02297e+05  1.02311e+05 
 5.59616e+02 -2.72746e+02 -2.07103e+03 
 9.71123e+02  7.60426e+02 -3.52177e+02 
 9.57696e+02  8.86740e+02 -9.22248e+01 
 8.71393e+02  8.95877e+02 -2.13407e+00 
 7.31403e+02  8.50155e+02  2.21329e+01 
 6.25292e+02  8.40487e+02  6.63847e+01 
 4.65649e+02  7.80307e+02  7.02067e+01 
 2.58096e+02  6.88048e+02  5.18553e+01 
 5.39695e+01  6.19683e+02  2.50319e+01 
-1.69201e+02  4.70936e+02 -9.51577e+00 
-4.06236e+02  3.57207e+02 -4.37690e+01 
-6.25150e+02  2.75334e+02 -6.34803e+01 
-8.14981e+02  2.00905e+02 -6.90682e+01 
-9.99432e+02  1.45629e+02 -5.22876e+01 
-1.30738e+03  1.04046e+02 -1.92849e+01 
-1.46232e+03  1.04340e+02  5.96951e+01 
-1.59066e+03  1.50359e+02  1.85641e+02 
-1.67187e+03  2.52441e+02  3.67853e+02 
-1.70594e+03  4.04785e+02  5.97969e+02 
-1.58216e+03  6.81574e+02  9.44251e+02 
-1.43376e+03  9.58395e+02  1.27365e+03 
-1.28188e+03  1.23367e+03  1.59516e+03 
-1.10675e+03  1.51765e+03  1.91231e+03 
-9.00907e+02  1.81245e+03  2.22916e+03 
-7.01690e+02  2.08838e+03  2.51977e+03 
-4.92911e+02  2.35726e+03  2.79276e+03 
-3.14553e+02  2.58964e+03  3.02471e+03 
-1.49070e+02  2.79553e+03  3.22525e+03 
-7.49780e+00  2.96254e+03  3.38414e+03 
 1.62274e+02  3.13474e+03  3.54057e+03 
 3.31232e+02  3.31061e+03  3.69871e+03 
 4.99376e+02  3.47968e+03  3.84625e+03 
 6.86139e+02  3.65207e+03  3.98947e+03 
 8.84212e+02  3.81728e+03  4.11933e+03 
 1.11107e+03  3.97945e+03  4.23368e+03 
 1.34995e+03  4.12695e+03  4.32513e+03 
 1.61807e+03  4.25259e+03  4.38146e+03 
 1.91399e+03  4.34663e+03  4.39025e+03 
 2.21627e+03  4.38909e+03  4.33391e+03 
 2.55396e+03  4.36374e+03  4.18161e+03 
 2.87184e+03  4.22574e+03  3.87732e+03 
 3.22486e+03  3.88933e+03  3.30910e+03 
 3.64280e+03  3.24793e+03  2.37525e+03 
 4.04827e+03  2.16731e+03  9.48359e+02 
 4.34652e+03  3.50526e+02 -1.32553e+03 
 4.42502e+03 -2.58160e+03 -4.84664e+03 
 4.09515e+03 -6.91419e+03 -9.82021e+03 
 3.21586e+03 -1.19538e+04 -1.53536e+04 
 1.80282e+03 -1.72782e+04 -2.09895e+04 
-5.39420e+01 -2.21310e+04 -2.57888e+04 
-2.02693e+03 -2.58899e+04 -2.91191e+04 
-3.48658e+03 -2.64224e+04 -2.87812e+04 
-4.45610e+03 -2.54915e+04 -2.69752e+04 
-5.03105e+03 -2.39999e+04 -2.52948e+04 
-5.66965e+03 -2.30200e+04 -2.33986e+04 
-5.81421e+03 -2.18902e+04 -2.02594e+04 
-5.54645e+03 -1.78604e+04 -1.79004e+04 
-5.38072e+03 -1.68907e+04 -1.61665e+04 
-5.35933e+03 -1.59968e+04 -1.48685e+04 
-5.36736e+03 -1.52586e+04 -1.38598e+04 
-5.38427e+03 -1.45897e+04 -1.29607e+04 
-5.38090e+03 -1.39483e+04 -1.21101e+04 
-5.36139e+03 -1.33605e+04 -1.13375e+04 
-5.31221e+03 -1.27792e+04 -1.05811e+04 
-5.27585e+03 -1.23009e+04 -9.92833e+03 
-5.24390e+03 -1.18415e+04 -9.29680e+03 
-5.20730e+03 -1.14276e+04 -8.71370e+03 
-5.17386e+03 -1.10385e+04 -8.13990e+03 
-5.14091e+03 -1.06819e+04 -7.59619e+03 
-5.10131e+03 -1.03377e+04 -7.04014e+03 
-5.05407e+03 -9.94329e+03 -6.38777e+03 
-4.99793e+03 -9.53818e+03 -5.63438e+03 
-4.95266e+03 -9.09002e+03 -4.80398e+03 
-4.91431e+03 -8.67221e+03 -3.99130e+03 
-4.80676e+03 -8.21555e+03 -3.22962e+03 
-4.68099e+03 -7.74705e+03 -2.68337e+03 
-4.59585e+03 -7.28243e+03 -2.36556e+03 
-4.51667e+03 -6.81555e+03 -2.22135e+03 
-4.34558e+03 -6.24767e+03 -2.16237e+03 
-4.03065e+03 -5.56825e+03 -2.15420e+03 
-3.67352e+03 -4.87181e+03 -2.16607e+03 
-3.29178e+03 -4.17804e+03 -2.19165e+03 
-2.88334e+03 -3.48539e+03 -2.22003e+03 
-2.47294e+03 -2.81850e+03 -2.25002e+03 
-2.06483e+03 -2.19736e+03 -2.27817e+03 
-1.67554e+03 -1.67142e+03 -2.31634e+03 
-1.37539e+03 -1.28967e+03 -2.31441e+03 
-9.46901e+02 -1.03566e+03 -2.33429e+03 
-6.08708e+02 -8.68761e+02 -2.34672e+03 
-2.93161e+02 -7.48201e+02 -2.37408e+03 
-9.79554e+01 -6.67639e+02 -2.33979e+03 
 1.92459e+02 -6.09002e+02 -2.34118e+03 
 3.53952e+02 -5.52968e+02 -2.34678e+03 
 5.02430e+02 -4.97091e+02 -2.28709e+03 
 6.07368e+02 -4.59912e+02 -2.26242e+03 
 6.74121e+02 -4.17551e+02 -2.23421e+03 
-9.34215e+01  1.46896e+00  1.37359e+02 
-1.19717e+02 -1.07684e+00  1.28227e+02 
-1.08428e+02  2.96972e+01  1.53429e+02 
-9.04351e+01  7.12381e+01  1.89588e+02 
-7.16407e+01  1.17085e+02  2.27236e+02 
-6.25289e+01  1.41520e+02  2.46512e+02 
-5.65807e+01  1.64423e+02  2.64042e+02 
-6.63188e+01  1.75046e+02  2.69050e+02 
-7.47738e+01  1.87110e+02  2.74363e+02 
-3.85053e+01  2.40580e+02  3.20307e+02 
-1.62296e+01  2.83091e+02  3.54501e+02 
 1.39712e+00  3.22868e+02  3.85416e+02 
-9.66534e+00  3.37550e+02  3.89967e+02 
 1.04572e+01  3.78778e+02  4.20304e+02 
 7.10220e+00  4.00224e+02  4.30007e+02 
 8.95313e+00  4.24869e+02  4.41554e+02 
-4.81416e+01  4.02585e+02  4.03368e+02 
-1.01149e+01  4.51811e+02  4.38168e+02 
-1.24255e+01  4.67198e+02  4.37582e+02 
-1.47317e+01  4.80537e+02  4.32674e+02 
-4.03320e+00  4.98312e+02  4.32837e+02 
-2.38077e+01  4.90111e+02  4.04369e+02 
-3.60410e+01  4.81114e+02  3.75902e+02 
-8.44279e+01  4.38714e+02  3.10428e+02 
-2.40818e+01  4.78300e+02  3.36593e+02 
-2.26767e+01  4.68873e+02  3.09625e+02 
-1.95793e+01  4.57600e+02  2.82524e+02 
-3.08901e+01  4.28723e+02  2.39788e+02 
-3.53360e+01  4.05118e+02  2.05670e+02 
-3.03880e+01  3.85343e+02  1.80500e+02 
-3.84362e+01  3.53814e+02  1.46117e+02 
-6.10988e+01  3.08866e+02  1.00602e+02 
-7.69917e+01  2.68793e+02  6.45943e+01 
-5.92969e+01  2.59296e+02  6.54009e+01 
-8.91802e+01  2.07659e+02  2.25089e+01 
-7.34344e+01  1.97557e+02  2.70691e+01 
-7.99800e+01  1.69035e+02  1.29062e+01 
-9.39755e+01  1.34257e+02 -7.78866e+00 
-9.07013e+01  1.17065e+02 -1.04710e+01 
-9.86681e+01  9.05642e+01 -2.25503e+01 
-8.65983e+01  8.57075e+01 -1.35033e+01 
-9.99246e+01  5.74868e+01 -2.98961e+01 
-1.11176e+02  3.21800e+01 -4.44988e+01 
-1.37918e+02 -7.25928e+00 -7.34935e+01 
-1.58139e+02 -5.11578e+01 -9.89742e+01 
-2.15712e+02 -1.29327e+02 -1.60090e+02 
-2.45130e+02 -1.78369e+02 -1.92970e+02 
-2.73178e+02 -2.36436e+02 -2.23962e+02 
-1.84996e+02 -2.19932e+02 -6.39607e+01 
-2.08533e+02 -2.68379e+02 -1.06511e+02 
-2.23146e+02 -3.04982e+02 -1.39424e+02 
-2.39941e+02 -3.48512e+02 -1.78671e+02 
-2.72892e+02 -4.14835e+02 -2.40590e+02 
-2.83071e+02 -4.43705e+02 -2.67560e+02 
-2.97994e+02 -4.79698e+02 -3.01452e+02 
-3.26220e+02 -5.30720e+02 -3.49523e+02 
-3.46603e+02 -5.76244e+02 -3.93448e+02 
-3.83359e+02 -6.42804e+02 -4.57654e+02 
-4.10485e+02 -7.01946e+02 -5.14212e+02 
-4.16407e+02 -7.40844e+02 -5.52439e+02 
-4.49234e+02 -8.11260e+02 -6.21570e+02 
-4.72820e+02 -8.72567e+02 -6.83527e+02 
-4.87975e+02 -9.24459e+02 -7.37136e+02 
-5.36037e+02 -1.01331e+03 -8.28208e+02 
-5.67798e+02 -1.08450e+03 -9.03505e+02 
-5.87679e+02 -1.13797e+03 -9.64864e+02 
-6.11687e+02 -1.19380e+03 -1.02995e+03 
-6.48785e+02 -1.26007e+03 -1.10822e+03 
-6.78341e+02 -1.30972e+03 -1.17347e+03 
-6.91831e+02 -1.33548e+03 -1.21681e+03 
-7.20323e+02 -1.36949e+03 -1.27188e+03 
-7.21196e+02 -1.36393e+03 -1.28997e+03 
-7.20194e+02 -1.35253e+03 -1.30355e+03 
-7.03744e+02 -1.31991e+03 -1.29590e+03 
-6.79624e+02 -1.27170e+03 -1.27235e+03 
-6.77162e+02 -1.24325e+03 -1.26743e+03 
-6.21396e+02 -1.15212e+03 -1.19476e+03 
-5.99948e+02 -1.09723e+03 -1.15732e+03 
-5.62775e+02 -1.02449e+03 -1.09618e+03 
-5.29408e+02 -9.55766e+02 -1.03588e+03 
-5.25885e+02 -9.19656e+02 -1.00513e+03 
-4.86949e+02 -8.47389e+02 -9.32677e+02 
-4.60453e+02 -7.89209e+02 -8.73685e+02 
-4.26397e+02 -7.21254e+02 -7.99987e+02 
-3.93644e+02 -6.61432e+02 -7.33994e+02 
-3.87992e+02 -6.29442e+02 -6.95541e+02 
-3.77712e+02 -5.94817e+02 -6.54080e+02 
-3.36139e+02 -5.31132e+02 -5.82738e+02 
-3.24873e+02 -5.00885e+02 -5.46486e+02 
-3.24062e+02 -4.82996e+02 -5.23089e+02 
-2.98888e+02 -4.42068e+02 -4.76700e+02 
-2.96829e+02 -4.25202e+02 -4.55945e+02 
-2.90091e+02 -3.91372e+02 -4.16506e+02 
-2.43438e+02 -3.25139e+02 -3.46307e+02 
-2.54105e+02 -3.16554e+02 -3.38217e+02 
-2.41079e+02 -2.80459e+02 -3.05226e+02 
-1.05357e+02 -1.02724e+01  1.24462e+02 
-7.99893e+01  1.09677e+02  2.19662e+02 
-7.98190e+00  2.90693e+02  3.61676e+02 
 3.70655e+00  3.97858e+02  4.27551e+02 
 2.94358e+00  4.63527e+02  4.49995e+02 
 2.95940e+00  4.95567e+02  4.48181e+02 
-7.71068e+00  5.03011e+02  4.18641e+02 
-4.39782e+00  5.02087e+02  3.80012e+02 
-2.61614e+01  4.77566e+02  3.35726e+02 
-1.30100e+01  4.62190e+02  2.88331e+02 
-4.28837e+01  3.98061e+02  1.98729e+02 
-3.94552e+01  3.52422e+02  1.45161e+02 
-6.61643e+01  2.52752e+02  5.90080e+01 
-6.88565e+01  1.57359e+02  1.70575e+01 
-1.31969e+02 -1.36135e+00 -6.75574e+01 
-2.56707e+02 -2.19725e+02 -2.07748e+02 
-1.91552e+02 -2.25782e+02 -6.85634e+01 
-2.68947e+02 -4.10780e+02 -2.36480e+02 
-3.74264e+02 -6.63030e+02 -4.76949e+02 
-5.02113e+02 -9.40870e+02 -7.52611e+02 
-5.89107e+02 -1.13894e+03 -9.65783e+02 
-6.40703e+02 -1.25044e+03 -1.09898e+03 
-6.93226e+02 -1.33702e+03 -1.21900e+03 
-7.14279e+02 -1.35718e+03 -1.28359e+03 
-7.09859e+02 -1.34156e+03 -1.29327e+03 
-6.84779e+02 -1.27717e+03 -1.27868e+03 
-6.34328e+02 -1.16736e+03 -1.21159e+03 
-5.75111e+02 -1.03753e+03 -1.11049e+03 
-4.76067e+02 -8.35359e+02 -9.20714e+02 
-3.74529e+02 -6.16196e+02 -6.81471e+02 
-2.80534e+02 -4.09367e+02 -4.39849e+02 
-2.33858e+02 -2.73761e+02 -2.97817e+02 
 4.41766e+03  4.35893e+03  4.20940e+03 
 4.41699e+03  4.35811e+03  4.18036e+03 
 4.41877e+03  4.36027e+03  4.10573e+03 
 4.41711e+03  4.35821e+03  4.04230e+03 
 4.41869e+03  4.36004e+03  3.97905e+03 
 4.41512e+03  4.35552e+03  3.92299e+03 
 4.41817e+03  4.35876e+03  3.86218e+03 
 4.41583e+03  4.35587e+03  3.81439e+03 
 4.41954e+03  4.35969e+03  3.77766e+03 
 4.41720e+03  4.35711e+03  3.77077e+03 
 4.41948e+03  4.35995e+03  3.75920e+03 
 4.41689e+03  4.35708e+03  3.74135e+03 
 4.42026e+03  4.36089e+03  3.72010e+03 
 4.41644e+03  4.35668e+03  3.69237e+03 
 4.41787e+03  4.35806e+03  3.66634e+03 
 4.41612e+03  4.35602e+03  3.63747e+03 
 4.41778e+03  4.35790e+03  3.61777e+03 
 4.41458e+03  4.35427e+03  3.60928e+03 
 4.41810e+03  4.35842e+03  3.58595e+03 
 4.41591e+03  4.35617e+03  3.57596e+03 
 4.41862e+03  4.35904e+03  3.55777e+03 
 4.41438e+03  4.35436e+03  3.51610e+03 
 4.41741e+03  4.35734e+03  3.49777e+03 
 4.41537e+03  4.35493e+03  3.47379e+03 
 4.41611e+03  4.35638e+03  3.45549e+03 
 4.41651e+03  4.35552e+03  3.44029e+03 
 4.41713e+03  4.35698e+03  3.41329e+03 
 4.41682e+03  4.35568e+03  3.39293e+03 
 4.41716e+03  4.35559e+03  3.37656e+03 
 4.41612e+03  4.35282e+03  3.35614e+03 
 4.41674e+03  4.35187e+03  3.33510e+03 
 4.41474e+03  4.34746e+03  3.31830e+03 
 4.41705e+03  4.34749e+03  3.30399e+03 
 4.41656e+03  4.34358e+03  3.27702e+03 
 4.41553e+03  4.33568e+03  3.23395e+03 
 4.41286e+03  4.32686e+03  3.23237e+03 
 4.40741e+03  4.31874e+03  3.22050e+03 
 4.39577e+03  4.30708e+03  3.19562e+03 
 4.37825e+03  4.29238e+03  3.16076e+03 
 4.34583e+03  4.27058e+03  3.15791e+03 
 4.31571e+03  4.25931e+03  3.13325e+03 
 4.25636e+03  4.23300e+03  3.11814e+03 
 4.20082e+03  4.20586e+03  3.09472e+03 
 4.13263e+03  4.17321e+03  3.08655e+03 
 4.05441e+03  4.14171e+03  3.05410e+03 
 4.01369e+03  4.11858e+03  3.05623e+03 
 3.96151e+03  4.08147e+03  3.03541e+03 
 3.91980e+03  4.04247e+03  3.01898e+03 
 3.89189e+03  3.99518e+03  2.99958e+03 
 3.89306e+03  3.96405e+03  2.98554e+03 
 3.91134e+03  3.92377e+03  2.97928e+03 
 3.94351e+03  3.89198e+03  2.95201e+03 
 3.99381e+03  3.84526e+03  2.94889e+03 
 4.04606e+03  3.81925e+03  2.96105e+03 
 4.11033e+03  3.77813e+03  2.94095e+03 
 4.17124e+03  3.75186e+03  2.93665e+03 
 4.22837e+03  3.72202e+03  2.91085e+03 
 4.27623e+03  3.70585e+03  2.90475e+03 
 4.32826e+03  3.67667e+03  2.91339e+03 
 4.35785e+03  3.66351e+03  2.90072e+03 
 4.38393e+03  3.65725e+03  2.88227e+03 
 4.39721e+03  3.65314e+03  2.87845e+03 
 4.40608e+03  3.64637e+03  2.88983e+03 
 4.41104e+03  3.64930e+03  2.88476e+03 
 4.41593e+03  3.66115e+03  2.86563e+03 
 4.41541e+03  3.67620e+03  2.86069e+03 
 4.41523e+03  3.69317e+03  2.86381e+03 
 4.41489e+03  3.71033e+03  2.86829e+03 
 4.39364e+03  3.71474e+03  2.82430e+03 
 4.41660e+03  3.76061e+03  2.87533e+03 
 4.41263e+03  3.78604e+03  2.87662e+03 
 4.41489e+03  3.81929e+03  2.87141e+03 
 4.41712e+03  3.84490e+03  2.86238e+03 
 4.41552e+03  3.88722e+03  2.87449e+03 
 4.41687e+03  3.91254e+03  2.86931e+03 
 4.41568e+03  3.94670e+03  2.87589e+03 
 4.41374e+03  3.98364e+03  2.88085e+03 
 4.41570e+03  4.01103e+03  2.89378e+03 
 4.41385e+03  4.04042e+03  2.87924e+03 
 4.41546e+03  4.07019e+03  2.89322e+03 
 4.41416e+03  4.09812e+03  2.90096e+03 
 4.41297e+03  4.12688e+03  2.88016e+03 
 4.41457e+03  4.15806e+03  2.90980e+03 
 4.41570e+03  4.17914e+03  2.91775e+03 
 4.41395e+03  4.20003e+03  2.92605e+03 
 4.41523e+03  4.22367e+03  2.96041e+03 
 4.41479e+03  4.24460e+03  2.96243e+03 
 4.41471e+03  4.25602e+03  2.97365e+03 
 4.41384e+03  4.28798e+03  3.01879e+03 
 4.41664e+03  4.30963e+03  3.02196e+03 
 4.41363e+03  4.32913e+03  3.03650e+03 
 4.41698e+03  4.34639e+03  3.12886e+03 
 4.41523e+03  4.35242e+03  3.16938e+03 
 4.41511e+03  4.35399e+03  3.26509e+03 
 4.41430e+03  4.35307e+03  3.36703e+03 
 4.40741e+03  4.34798e+03  3.32960e+03 
 2.24593e+03  5.88176e+03  5.09185e+03 
-4.18915e+02 -1.51918e+03 -1.42199e+03 
 1.58920e+03  4.08245e+03  3.86147e+03 
 2.00512e+02 -4.65416e+02 -4.96547e+02 
 0.00000e+00  9.00000e-01  0.00000e+00  9.99540e-01 
 0.00000e+00  8.71299e-01 -1.84230e-03  9.70290e-01 
 0.00000e+00  8.48880e-01 -3.73860e-03  9.77130e-01 
 0.00000e+00  8.26542e-01 -6.47676e-03  9.83970e-01 
 0.00000e+00  7.99830e-01 -1.04112e-02  9.92160e-01 
 0.00000e+00  7.73172e-01 -1.46979e-02  1.00035e+00 
 0.00000e+00  7.42149e-01 -2.01222e-02  1.00980e+00 
 0.00000e+00  7.06761e-01 -2.67264e-02  1.02069e+00 
 0.00000e+00  6.71409e-01 -3.35484e-02  1.03149e+00 
 0.00000e+00  6.36075e-01 -4.04244e-02  1.04229e+00 
 0.00000e+00  6.00714e-01 -4.71789e-02  9.23040e-01 
 0.00000e+00  5.65308e-01 -5.36796e-02  9.33840e-01 
 0.00000e+00  5.29830e-01 -5.98023e-02  9.44730e-01 
 0.00000e+00  4.94271e-01 -6.54129e-02  9.55620e-01 
 0.00000e+00  4.58613e-01 -7.03890e-02  9.66510e-01 
 0.00000e+00  4.22865e-01 -7.45848e-02  9.77490e-01 
 0.00000e+00  3.87009e-01 -7.78491e-02  9.88470e-01 
 0.00000e+00  3.51081e-01 -8.00424e-02  9.99450e-01 
 0.00000e+00  3.15090e-01 -8.09991e-02  1.01043e+00 
 0.00000e+00  2.79099e-01 -8.05437e-02  1.02150e+00 
 0.00000e+00  2.48535e-01 -7.91271e-02  1.03086e+00 
 0.00000e+00  2.20716e-01 -7.70238e-02  1.03941e+00 
 0.00000e+00  1.95651e-01 -7.44201e-02  1.04706e+00 
 0.00000e+00  1.73340e-01 -7.14969e-02  1.05390e+00 
 0.00000e+00  1.53783e-01 -6.84324e-02  1.05984e+00 
 0.00000e+00  1.36953e-01 -6.54012e-02  1.06506e+00 
 0.00000e+00  1.22832e-01 -6.25581e-02  1.06938e+00 
 0.00000e+00  1.11411e-01 -6.00255e-02  1.07289e+00 
 0.00000e+00  1.02663e-01 -5.79258e-02  9.20880e-01 
 0.00000e+00  9.42030e-02 -5.57505e-02  9.23580e-01 
 0.00000e+00  8.60490e-02 -5.35050e-02  9.26460e-01 
 0.00000e+00  7.81929e-02 -5.11911e-02  9.29520e-01 
 0.00000e+00  7.06392e-02 -4.88106e-02  9.32760e-01 
 0.00000e+00  6.33897e-02 -4.63662e-02  9.36180e-01 
 0.00000e+00  5.64507e-02 -4.38552e-02  9.39780e-01 
 0.00000e+00  4.98267e-02 -4.12713e-02  9.43560e-01 
 0.00000e+00  4.35222e-02 -3.86172e-02  9.47430e-01 
 0.00000e+00  3.75426e-02 -3.58956e-02  9.51480e-01 
 0.00000e+00  3.18924e-02 -3.31101e-02  9.55710e-01 
 0.00000e+00  2.65734e-02 -3.02697e-02  9.60030e-01 
 0.00000e+00  2.15847e-02 -2.73915e-02  9.64440e-01 
 0.00000e+00  1.69605e-02 -2.44323e-02  9.68940e-01 
 0.00000e+00  1.27962e-02 -2.12868e-02  9.73440e-01 
 0.00000e+00  9.13770e-03 -1.79550e-02  9.77940e-01 
 0.00000e+00  5.96844e-03 -1.45125e-02  9.82530e-01 
 0.00000e+00  3.36672e-03 -1.09548e-02  9.87030e-01 
 0.00000e+00  1.47150e-03 -7.27821e-03  9.91440e-01 
 0.00000e+00  3.52197e-04 -3.57831e-03  9.95670e-01 
 0.00000e+00  0.00000e+00  0.00000e+00  9.99540e-01 
 9.00000e-01  3.52197e-04  3.57831e-03  1.00332e+00 
 9.00000e-01  1.47150e-03  7.27821e-03  1.00755e+00 
 9.00000e-01  3.36672e-03  1.09548e-02  1.01196e+00 
 9.00000e-01  5.96844e-03  1.45125e-02  1.01646e+00 
 9.00000e-01  9.13770e-03  1.79550e-02  1.02105e+00 
 9.00000e-01  1.27962e-02  2.12868e-02  1.02555e+00 
 9.00000e-01  1.69605e-02  2.44323e-02  1.03005e+00 
 9.00000e-01  2.15847e-02  2.73915e-02  1.03455e+00 
 9.00000e-01  2.65734e-02  3.02697e-02  1.03896e+00 
 9.00000e-01  3.18924e-02  3.31101e-02  1.04328e+00 
 9.00000e-01  3.75426e-02  3.58956e-02  1.04751e+00 
 9.00000e-01  4.35222e-02  3.86172e-02  1.05156e+00 
 9.00000e-01  4.98267e-02  4.12713e-02  1.05552e+00 
 9.00000e-01  5.64507e-02  4.38552e-02  1.05921e+00 
 9.00000e-01  6.33897e-02  4.63662e-02  1.06281e+00 
 9.00000e-01  7.06392e-02  4.88106e-02  1.06632e+00 
 9.00000e-01  7.81929e-02  5.11911e-02  1.06956e+00 
 9.00000e-01  8.60490e-02  5.35050e-02  1.07253e+00 
 9.00000e-01  9.42030e-02  5.57505e-02  1.07541e+00 
 9.00000e-01  1.02663e-01  5.79258e-02  1.07811e+00 
 9.00000e-01  1.11411e-01  6.00255e-02  9.26100e-01 
 9.00000e-01  1.22832e-01  6.25581e-02  9.29610e-01 
 9.00000e-01  1.36953e-01  6.54012e-02  9.33930e-01 
 9.00000e-01  1.53783e-01  6.84324e-02  9.39150e-01 
 9.00000e-01  1.73340e-01  7.14969e-02  9.45090e-01 
 9.00000e-01  1.95651e-01  7.44201e-02  9.51930e-01 
 9.00000e-01  2.20716e-01  7.70238e-02  9.59580e-01 
 9.00000e-01  2.48535e-01  7.91271e-02  9.68130e-01 
 9.00000e-01  2.79099e-01  8.05437e-02  9.77490e-01 
 9.00000e-01  3.15090e-01  8.09991e-02  9.88560e-01 
 9.00000e-01  3.51081e-01  8.00424e-02  9.99540e-01 
 9.00000e-01  3.87009e-01  7.78491e-02  1.01052e+00 
 9.00000e-01  4.22865e-01  7.45848e-02  1.02150e+00 
 9.00000e-01  4.58613e-01  7.03890e-02  1.03248e+00 
 9.00000e-01  4.94271e-01  6.54129e-02  1.04337e+00 
 9.00000e-01  5.29830e-01  5.98023e-02  1.05426e+00 
 9.00000e-01  5.65308e-01  5.36796e-02  1.06515e+00 
 9.00000e-01  6.00714e-01  4.71789e-02  1.07604e+00 
 9.00000e-01  6.36075e-01  4.04244e-02  9.56700e-01 
 9.00000e-01  6.71409e-01  3.35484e-02  9.67500e-01 
 9.00000e-01  7.06761e-01  2.67264e-02  9.78300e-01 
 9.00000e-01  7.42149e-01  2.01222e-02  9.89190e-01 
 9.00000e-01  7.73172e-01  1.46979e-02  9.98640e-01 
 9.00000e-01  7.99830e-01  1.04112e-02  1.00683e+00 
 9.00000e-01  8.26542e-01  6.47676e-03  1.01502e+00 
 9.00000e-01  8.48880e-01  3.73860e-03  1.02186e+00 
 9.00000e-01  8.71299e-01  1.84230e-03  1.02870e+00 
 0.00000e+00 -2.85000e+00 -1.50000e+00  7.27000e-01 
 0.00000e+00 -2.55000e+00 -1.50000e+00  7.27000e-01 
 0.00000e+00 -2.35000e+00 -1.50000e+00  7.27000e-01 
 0.00000e+00 -2.15000e+00 -1.50000e+00  7.27000e-01 
 0.00000e+00 -1.95000e+00 -1.50000e+00  7.27000e-01 
 0.00000e+00 -1.85000e+00 -1.50000e+00  7.27000e-01 
 0.00000e+00 -1.75000e+00 -1.50000e+00  7.27000e-01 
 0.00000e+00 -1.65000e+00 -1.50000e+00  7.27000e-01 
 0.00000e+00 -1.55000e+00 -1.50000e+00  7.27000e-01 
 0.00000e+00 -1.45000e+00 -1.50000e+00  7.27000e-01 
 0.00000e+00 -1.35000e+00 -1.50000e+00  7.27000e-01 
 0.00000e+00 -1.25000e+00 -1.50000e+00  7.27000e-01 
 0.00000e+00 -1.15000e+00 -1.50000e+00  7.27000e-01 
 0.00000e+00 -1.05000e+00 -1.50000e+00  7.27000e-01 
 0.00000e+00 -9.50000e-01 -1.50000e+00  7.27000e-01 
 0.00000e+00 -8.50000e-01 -1.50000e+00  7.27000e-01 
 0.00000e+00 -7.50000e-01 -1.50000e+00  7.27000e-01 
 0.00000e+00 -6.50000e-01 -1.50000e+00  7.27000e-01 
 0.00000e+00 -5.50000e-01 -1.50000e+00  7.27000e-01 
 0.00000e+00 -4.50000e-01 -1.50000e+00  7.27000e-01 
 0.00000e+00 -3.50000e-01 -1.50000e+00  7.27000e-01 
 0.00000e+00 -2.50000e-01 -1.50000e+00  7.27000e-01 
 0.00000e+00 -1.50000e-01 -1.50000e+00  7.27000e-01 
 0.00000e+00 -5.00000e-02 -1.50000e+00  7.27000e-01 
 0.00000e+00  5.00000e-02 -1.50000e+00  7.27000e-01 
 0.00000e+00  1.50000e-01 -1.50000e+00  7.27000e-01 
 0.00000e+00  2.50000e-01 -1.50000e+00  7.27000e-01 
 0.00000e+00  3.50000e-01 -1.50000e+00  7.27000e-01 
 0.00000e+00  4.50000e-01 -1.50000e+00  7.27000e-01 
 0.00000e+00  5.50000e-01 -1.50000e+00  7.27000e-01 
 0.00000e+00  6.50000e-01 -1.50000e+00  7.27000e-01 
 0.00000e+00  7.50000e-01 -1.50000e+00  7.27000e-01 
 0.00000e+00  8.50000e-01 -1.50000e+00  7.27000e-01 
 0.00000e+00  9.50000e-01 -1.50000e+00  7.27000e-01 
 0.00000e+00  1.05000e+00 -1.50000e+00  7.27000e-01 
 0.00000e+00  1.15000e+00 -1.50000e+00  7.27000e-01 
 0.00000e+00  1.25000e+00 -1.50000e+00  7.27000e-01 
 0.00000e+00  1.35000e+00 -1.50000e+00  7.27000e-01 
 0.00000e+00  1.45000e+00 -1.50000e+00  7.27000e-01 
 0.00000e+00  1.55000e+00 -1.50000e+00  7.27000e-01 
 0.00000e+00  1.65000e+00 -1.50000e+00  7.27000e-01 
 0.00000e+00  1.75000e+00 -1.50000e+00  7.27000e-01 
 0.00000e+00  1.85000e+00 -1.50000e+00  7.27000e-01 
 0.00000e+00  1.95000e+00 -1.50000e+00  7.27000e-01 
 0.00000e+00  2.15000e+00 -1.50000e+00  7.27000e-01 
 0.00000e+00  2.35000e+00 -1.50000e+00  7.27000e-01 
 0.00000e+00  2.55000e+00 -1.50000e+00  7.27000e-01 
 0.00000e+00  2.85000e+00 -1.50000e+00  7.27000e-01 
 1.00000e+00 -2.85000e+00  1.50000e+00  7.27000e-01 
 1.00000e+00 -2.55000e+00  1.50000e+00  7.27000e-01 
 1.00000e+00 -2.35000e+00  1.50000e+00  7.27000e-01 
 1.00000e+00 -2.15000e+00  1.50000e+00  7.27000e-01 
 1.00000e+00 -1.95000e+00  1.50000e+00  7.27000e-01 
 1.00000e+00 -1.85000e+00  1.50000e+00  7.27000e-01 
 1.00000e+00 -1.75000e+00  1.50000e+00  7.27000e-01 
 1.00000e+00 -1.65000e+00  1.50000e+00  7.27000e-01 
 1.00000e+00 -1.55000e+00  1.50000e+00  7.27000e-01 
 1.00000e+00 -1.45000e+00  1.50000e+00  7.27000e-01 
 1.00000e+00 -1.35000e+00  1.50000e+00  7.27000e-01 
 1.00000e+00 -1.25000e+00  1.50000e+00  7.27000e-01 
 1.00000e+00 -1.15000e+00  1.50000e+00  7.27000e-01 
 1.00000e+00 -1.05000e+00  1.50000e+00  7.27000e-01 
 1.00000e+00 -9.50000e-01  1.50000e+00  7.27000e-01 
 1.00000e+00 -8.50000e-01  1.50000e+00  7.27000e-01 
 1.00000e+00 -7.50000e-01  1.50000e+00  7.27000e-01 
 1.00000e+00 -6.50000e-01  1.50000e+00  7.27000e-01 
 1.00000e+00 -5.50000e-01  1.50000e+00  7.27000e-01 
 1.00000e+00 -4.50000e-01  1.50000e+00  7.27000e-01 
 1.00000e+00 -3.50000e-01  1.50000e+00  7.27000e-01 
 1.00000e+00 -2.50000e-01  1.50000e+00  7.27000e-01 
 1.00000e+00 -1.50000e-01  1.50000e+00  7.27000e-01 
 1.00000e+00 -5.00000e-02  1.50000e+00  7.27000e-01 
 1.00000e+00  5.00000e-02  1.50000e+00  7.27000e-01 
 1.00000e+00  1.50000e-01  1.50000e+00  7.27000e-01 
 1.00000e+00  2.50000e-01  1.50000e+00  7.27000e-01 
 1.00000e+00  3.50000e-01  1.50000e+00  7.27000e-01 
 1.00000e+00  4.50000e-01  1.50000e+00  7.27000e-01 
 1.00000e+00  5.50000e-01  1.50000e+00  7.27000e-01 
 1.00000e+00  6.50000e-01  1.50000e+00  7.27000e-01 
 1.00000e+00  7.50000e-01  1.50000e+00  7.27000e-01 
 1.00000e+00  8.50000e-01  1.50000e+00  7.27000e-01 
 1.00000e+00  9.50000e-01  1.50000e+00  7.27000e-01 
 1.00000e+00  1.05000e+00  1.50000e+00  7.27000e-01 
 1.00000e+00  1.15000e+00  1.50000e+00  7.27000e-01 
 1.00000e+00  1.25000e+00  1.50000e+00  7.27000e-01 
 1.00000e+00  1.35000e+00  1.50000e+00  7.27000e-01 
 1.00000e+00  1.45000e+00  1.50000e+00  7.27000e-01 
 1.00000e+00  1.55000e+00  1.50000e+00  7.27000e-01 
 1.00000e+00  1.65000e+00  1.50000e+00  7.27000e-01 
 1.00000e+00  1.75000e+00  1.50000e+00  7.27000e-01 
 1.00000e+00  1.85000e+00  1.50000e+00  7.27000e-01 
 1.00000e+00  1.95000e+00  1.50000e+00  7.27000e-01 
 1.00000e+00  2.15000e+00  1.50000e+00  7.27000e-01 
 1.00000e+00  2.35000e+00  1.50000e+00  7.27000e-01 
 1.00000e+00  2.55000e+00  1.50000e+00  7.27000e-01 
 1.00000e+00  2.85000e+00  1.50000e+00  7.27000e-01 
 2.00000e+00 -2.85000e+00 -1.50000e+00  1.26700e+00 
 2.00000e+00 -1.95000e+00 -1.50000e+00  1.26700e+00 
 2.00000e+00 -1.35000e+00 -1.50000e+00  1.26700e+00 
 2.00000e+00 -9.50000e-01 -1.50000e+00  1.26700e+00 
 2.00000e+00 -6.50000e-01 -1.50000e+00  1.26700e+00 
 2.00000e+00 -4.50000e-01 -1.50000e+00  1.26700e+00 
 2.00000e+00 -2.50000e-01 -1.50000e+00  1.26700e+00 
 2.00000e+00 -5.00000e-02 -1.50000e+00  1.26700e+00 
 2.00000e+00  5.00000e-02 -1.50000e+00  1.26700e+00 
 2.00000e+00  2.50000e-01 -1.50000e+00  1.26700e+00 
 2.00000e+00  4.50000e-01 -1.50000e+00  1.26700e+00 
 2.00000e+00  6.50000e-01 -1.50000e+00  1.26700e+00 
 2.00000e+00  9.50000e-01 -1.50000e+00  1.26700e+00 
 2.00000e+00  1.35000e+00 -1.50000e+00  1.26700e+00 
 2.00000e+00  1.95000e+00 -1.50000e+00  1.26700e+00 
 2.00000e+00  2.85000e+00 -1.50000e+00  1.26700e+00 
 3.00000e+00 -2.85000e+00  1.50000e+00  1.26700e+00 
 3.00000e+00 -1.95000e+00  1.50000e+00  1.26700e+00 
 3.00000e+00 -1.35000e+00  1.50000e+00  1.26700e+00 
 3.00000e+00 -9.50000e-01  1.50000e+00  1.26700e+00 
 3.00000e+00 -6.50000e-01  1.50000e+00  1.26700e+00 
 3.00000e+00 -4.50000e-01  1.50000e+00  1.26700e+00 
 3.00000e+00 -2.50000e-01  1.50000e+00  1.26700e+00 
 3.00000e+00 -5.00000e-02  1.50000e+00  1.26700e+00 
 3.00000e+00  5.00000e-02  1.50000e+00  1.26700e+00 
 3.00000e+00  2.50000e-01  1.50000e+00  1.26700e+00 
 3.00000e+00  4.50000e-01  1.50000e+00  1.26700e+00 
 3.00000e+00  6.50000e-01  1.50000e+00  1.26700e+00 
 3.00000e+00  9.50000e-01  1.50000e+00  1.26700e+00 
 3.00000e+00  1.35000e+00  1.50000e+00  1.26700e+00 
 3.00000e+00  1.95000e+00  1.50000e+00  1.26700e+00 
 3.00000e+00  2.85000e+00  1.50000e+00  1.26700e+00 
 0.00000e+00  0.00000e+00 -3.47500e-01  0.00000e+00 
 0.00000e+00  0.00000e+00 -3.17500e-01  0.00000e+00 
 0.00000e+00  0.00000e+00 -2.87500e-01  0.00000e+00 
 0.00000e+00  0.00000e+00 -2.67500e-01  0.00000e+00 
 0.00000e+00  0.00000e+00 -2.47500e-01  0.00000e+00 
 0.00000e+00  0.00000e+00 -2.32500e-01  0.00000e+00 
 0.00000e+00  0.00000e+00 -2.17500e-01  0.00000e+00 
 0.00000e+00  0.00000e+00 -2.07500e-01  0.00000e+00 
 0.00000e+00  0.00000e+00 -1.97500e-01  0.00000e+00 
 0.00000e+00  0.00000e+00 -1.92500e-01  0.00000e+00 
 0.00000e+00  0.00000e+00 -1.87500e-01  0.00000e+00 
 0.00000e+00  0.00000e+00 -1.82500e-01  0.00000e+00 
 0.00000e+00  0.00000e+00 -1.77500e-01  0.00000e+00 
 0.00000e+00  0.00000e+00 -1.72500e-01  0.00000e+00 
 0.00000e+00  0.00000e+00 -1.67500e-01  0.00000e+00 
 0.00000e+00  0.00000e+00 -1.62500e-01  0.00000e+00 
 0.00000e+00  0.00000e+00 -1.57500e-01  0.00000e+00 
 0.00000e+00  0.00000e+00 -1.52500e-01  0.00000e+00 
 0.00000e+00  0.00000e+00 -1.47500e-01  0.00000e+00 
 0.00000e+00  0.00000e+00 -1.42500e-01  0.00000e+00 
 0.00000e+00  0.00000e+00 -1.37500e-01  0.00000e+00 
 0.00000e+00  0.00000e+00 -1.32500e-01  0.00000e+00 
 0.00000e+00  0.00000e+00 -1.27500e-01  0.00000e+00 
 0.00000e+00  0.00000e+00 -1.22500e-01  0.00000e+00 
 0.00000e+00  0.00000e+00 -1.17500e-01  0.00000e+00 
 0.00000e+00  0.00000e+00 -1.12500e-01  0.00000e+00 
 0.00000e+00  0.00000e+00 -1.07500e-01  0.00000e+00 
 0.00000e+00  0.00000e+00 -1.02500e-01  0.00000e+00 
 0.00000e+00  0.00000e+00 -9.75000e-02  0.00000e+00 
 0.00000e+00  0.00000e+00 -9.25000e-02  0.00000e+00 
 0.00000e+00  0.00000e+00 -8.75000e-02  0.00000e+00 
 0.00000e+00  0.00000e+00 -8.25000e-02  0.00000e+00 
 0.00000e+00  0.00000e+00 -7.75000e-02  0.00000e+00 
 0.00000e+00  0.00000e+00 -7.25000e-02  0.00000e+00 
 0.00000e+00  0.00000e+00 -6.75000e-02  0.00000e+00 
 0.00000e+00  0.00000e+00 -6.25000e-02  0.00000e+00 
 0.00000e+00  0.00000e+00 -5.75000e-02  0.00000e+00 
 0.00000e+00  0.00000e+00 -5.25000e-02  0.00000e+00 
 0.00000e+00  0.00000e+00 -4.75000e-02  0.00000e+00 
 0.00000e+00  0.00000e+00 -4.25000e-02  0.00000e+00 
 0.00000e+00  0.00000e+00 -3.75000e-02  0.00000e+00 
 0.00000e+00  0.00000e+00 -3.25000e-02  0.00000e+00 
 0.00000e+00  0.00000e+00 -2.75000e-02  0.00000e+00 
 0.00000e+00  0.00000e+00 -2.25000e-02  0.00000e+00 
 0.00000e+00  0.00000e+00 -1.75000e-02  0.00000e+00 
 0.00000e+00  0.00000e+00 -1.25000e-02  0.00000e+00 
 0.00000e+00  0.00000e+00 -7.50000e-03  0.00000e+00 
 0.00000e+00  0.00000e+00 -2.50000e-03  0.00000e+00 
 0.00000e+00  0.00000e+00  2.50000e-03  0.00000e+00 
 0.00000e+00  0.00000e+00  7.50000e-03  0.00000e+00 
 0.00000e+00  0.00000e+00  1.25000e-02  0.00000e+00 
 0.00000e+00  0.00000e+00  1.75000e-02  0.00000e+00 
 0.00000e+00  0.00000e+00  2.25000e-02  0.00000e+00 
 0.00000e+00  0.00000e+00  2.75000e-02  0.00000e+00 
 0.00000e+00  0.00000e+00  3.25000e-02  0.00000e+00 
 0.00000e+00  0.00000e+00  3.75000e-02  0.00000e+00 
 0.00000e+00  0.00000e+00  4.25000e-02  0.00000e+00 
 0.00000e+00  0.00000e+00  4.75000e-02  0.00000e+00 
 0.00000e+00  0.00000e+00  5.25000e-02  0.00000e+00 
 0.00000e+00  0.00000e+00  5.75000e-02  0.00000e+00 
 0.00000e+00  0.00000e+00  6.25000e-02  0.00000e+00 
 0.00000e+00  0.00000e+00  6.75000e-02  0.00000e+00 
 0.00000e+00  0.00000e+00  7.25000e-02  0.00000e+00 
 0.00000e+00  0.00000e+00  7.75000e-02  0.00000e+00 
 0.00000e+00  0.00000e+00  8.25000e-02  0.00000e+00 
 0.00000e+00  0.00000e+00  8.75000e-02  0.00000e+00 
 0.00000e+00  0.00000e+00  9.25000e-02  0.00000e+00 
 0.00000e+00  0.00000e+00  9.75000e-02  0.00000e+00 
 0.00000e+00  0.00000e+00  1.02500e-01  0.00000e+00 
 0.00000e+00  0.00000e+00  1.07500e-01  0.00000e+00 
 0.00000e+00  0.00000e+00  1.12500e-01  0.00000e+00 
 0.00000e+00  0.00000e+00  1.17500e-01  0.00000e+00 
 0.00000e+00  0.00000e+00  1.22500e-01  0.00000e+00 
 0.00000e+00  0.00000e+00  1.27500e-01  0.00000e+00 
 0.00000e+00  0.00000e+00  1.32500e-01  0.00000e+00 
 0.00000e+00  0.00000e+00  1.37500e-01  0.00000e+00 
 0.00000e+00  0.00000e+00  1.42500e-01  0.00000e+00 
 0.00000e+00  0.00000e+00  1.47500e-01  0.00000e+00 
 0.00000e+00  0.00000e+00  1.52500e-01  0.00000e+00 
 0.00000e+00  0.00000e+00  1.57500e-01  0.00000e+00 
 0.00000e+00  0.00000e+00  1.62500e-01  0.00000e+00 
 0.00000e+00  0.00000e+00  1.67500e-01  0.00000e+00 
 0.00000e+00  0.00000e+00  1.72500e-01  0.00000e+00 
 0.00000e+00  0.00000e+00  1.77500e-01  0.00000e+00 
 0.00000e+00  0.00000e+00  1.82500e-01  0.00000e+00 
 0.00000e+00  0.00000e+00  1.87500e-01  0.00000e+00 
 0.00000e+00  0.00000e+00  1.92500e-01  0.00000e+00 
 0.00000e+00  0.00000e+00  1.97500e-01  0.00000e+00 
 0.00000e+00  0.00000e+00  2.07500e-01  0.00000e+00 
 0.00000e+00  0.00000e+00  2.17500e-01  0.00000e+00 
 0.00000e+00  0.00000e+00  2.32500e-01  0.00000e+00 
 0.00000e+00  0.00000e+00  2.47500e-01  0.00000e+00 
 0.00000e+00  0.00000e+00  2.67500e-01  0.00000e+00 
 0.00000e+00  0.00000e+00  2.87500e-01  0.00000e+00 
 0.00000e+00  0.00000e+00  3.17500e-01  0.00000e+00 
 0.00000e+00  0.00000e+00  3.47500e-01  0.00000e+00 
