 9.70922e-01  5.97060e+00  1.29693e+01 
 8.47545e+01  8.42361e+01  8.39149e+01 
 1.23279e+01  1.45360e+01  1.46501e+01 
 5.34123e+06  5.23597e+06  5.21452e+06 
 4.46773e+03  4.37907e+03  4.34584e+03 
 1.02282e+05  1.02281e+05  1.02297e+05 
 5.51313e+02  5.20158e+02 -6.87901e+02 
 9.17446e+02  9.95545e+02  5.48955e+02 
 8.80158e+02  1.00432e+03  7.20299e+02 
 7.74069e+02  9.32450e+02  7.56338e+02 
 6.10982e+02  8.09940e+02  7.33425e+02 
 4.77214e+02  7.23285e+02  7.45970e+02 
 2.84736e+02  5.85311e+02  7.04486e+02 
 3.63399e+01  4.04058e+02  6.34186e+02 
-2.12797e+02  2.29414e+02  5.75991e+02 
-4.86513e+02  3.75222e+01  4.19280e+02 
-7.78534e+02 -1.64272e+02  3.30190e+02 
-1.06078e+03 -3.38861e+02  2.60627e+02 
-1.33135e+03 -4.74174e+02  2.01737e+02 
-1.58859e+03 -7.44157e+02  1.62771e+02 
-1.84846e+03 -8.82904e+02  1.38177e+02 
-2.22821e+03 -1.00144e+03  1.56254e+02 
-2.42194e+03 -1.08145e+03  2.20236e+02 
-2.58976e+03 -1.10855e+03  3.40517e+02 
-2.71910e+03 -1.08646e+03  5.10643e+02 
-2.68490e+03 -9.13968e+02  8.02758e+02 
-2.61685e+03 -7.22743e+02  1.09182e+03 
-2.54730e+03 -5.27647e+02  1.37849e+03 
-2.45053e+03 -3.13714e+02  1.67100e+03 
-2.31891e+03 -7.19084e+01  1.97185e+03 
-2.18977e+03  1.60398e+02  2.25301e+03 
-2.04684e+03  3.98760e+02  2.52373e+03 
-1.93540e+03  6.05944e+02  2.75692e+03 
-1.82926e+03  7.95744e+02  2.96226e+03 
-1.73468e+03  9.56568e+02  3.12428e+03 
-1.60891e+03  1.14044e+03  3.29286e+03 
-1.48680e+03  1.32645e+03  3.46489e+03 
-1.37140e+03  1.51138e+03  3.62922e+03 
-1.23854e+03  1.71401e+03  3.79450e+03 
-1.09498e+03  1.92629e+03  3.95039e+03 
-9.18487e+02  2.16053e+03  4.09941e+03 
-7.30400e+02  2.40416e+03  4.23142e+03 
-5.03629e+02  2.66647e+03  4.33570e+03 
-2.40226e+02  2.94690e+03  4.40259e+03 
 3.64382e+01  3.22350e+03  4.41271e+03 
 3.51501e+02  3.51767e+03  4.34415e+03 
 6.20836e+02  3.78945e+03  4.14719e+03 
 9.35812e+02  4.05912e+03  3.72445e+03 
 1.45221e+03  4.30017e+03  2.96726e+03 
 2.11073e+03  4.41723e+03  1.73857e+03 
 2.80891e+03  4.31590e+03 -2.85281e+02 
 3.50389e+03  3.80475e+03 -3.50822e+03 
 4.16573e+03  2.63053e+03 -8.20543e+03 
 4.47631e+03  8.10115e+02 -1.35970e+04 
 4.35389e+03 -1.52762e+03 -1.92550e+04 
 3.72367e+03 -4.15889e+03 -2.43443e+04 
 2.69404e+03 -6.65402e+03 -2.82250e+04 
 1.57467e+03 -8.10919e+03 -2.85756e+04 
 6.05195e+02 -8.85183e+03 -2.73652e+04 
-1.68824e+02 -9.10017e+03 -2.56682e+04 
-9.40098e+02 -9.50472e+03 -2.45425e+04 
-1.40487e+03 -9.30299e+03 -2.34366e+04 
-1.55790e+03 -8.66586e+03 -1.89608e+04 
-1.70978e+03 -8.21528e+03 -1.78350e+04 
-1.92442e+03 -7.96049e+03 -1.67684e+04 
-2.12645e+03 -7.79178e+03 -1.59321e+04 
-2.31744e+03 -7.65114e+03 -1.51877e+04 
-2.47445e+03 -7.51160e+03 -1.44789e+04 
-2.60138e+03 -7.37398e+03 -1.38343e+04 
-2.69270e+03 -7.22681e+03 -1.31995e+04 
-2.78230e+03 -7.10049e+03 -1.26754e+04 
-2.86834e+03 -6.82060e+03 -1.21733e+04 
-2.93884e+03 -6.61829e+03 -1.17213e+04 
-3.00748e+03 -6.57446e+03 -1.12965e+04 
-3.06653e+03 -6.50185e+03 -1.09057e+04 
-3.11457e+03 -6.40041e+03 -1.04497e+04 
-3.17342e+03 -6.29344e+03 -1.00181e+04 
-3.23174e+03 -6.18579e+03 -9.56398e+03 
-3.30281e+03 -6.04039e+03 -9.06681e+03 
-3.37363e+03 -5.91930e+03 -8.59623e+03 
-3.42383e+03 -5.76189e+03 -8.08431e+03 
-3.44598e+03 -5.58194e+03 -7.55656e+03 
-3.45924e+03 -5.40511e+03 -7.02649e+03 
-3.45592e+03 -5.22450e+03 -6.48603e+03 
-3.41138e+03 -4.96026e+03 -5.82956e+03 
-3.23016e+03 -4.56154e+03 -5.06615e+03 
-2.99822e+03 -4.12670e+03 -4.28957e+03 
-2.57758e+03 -3.67687e+03 -3.55132e+03 
-2.30770e+03 -3.20946e+03 -2.90550e+03 
-1.98620e+03 -2.74638e+03 -2.40259e+03 
-1.64742e+03 -2.29229e+03 -2.03428e+03 
-1.31614e+03 -1.86540e+03 -1.77983e+03 
-1.07673e+03 -1.52542e+03 -1.60787e+03 
-6.74284e+02 -1.08574e+03 -1.67356e+03 
-3.73347e+02 -7.31294e+02 -1.58807e+03 
-7.92476e+01 -4.10799e+02 -1.48698e+03 
 6.15899e+01 -1.89159e+02 -1.37793e+03 
 3.71944e+02  7.34440e+01 -1.28472e+03 
 5.22599e+02  2.34734e+02 -1.19782e+03 
 6.64921e+02  3.79083e+02 -1.11149e+03 
 7.67867e+02  4.82679e+02 -1.04433e+03 
 8.10221e+02  5.61157e+02 -9.51396e+02 
-1.23695e+02 -6.88242e+01  2.00373e+01 
-1.60824e+02 -8.81022e+01  1.78277e+01 
-1.59111e+02 -7.10754e+01  4.90266e+01 
-1.51739e+02 -4.64502e+01  9.14960e+01 
-1.46168e+02 -1.95587e+01  1.37915e+02 
-1.44716e+02 -5.68774e+00  1.62566e+02 
-1.47797e+02  5.22629e+00  1.85810e+02 
-1.68386e+02  1.74704e+00  1.96778e+02 
-1.86963e+02 -1.86510e-01  2.09130e+02 
-1.59837e+02  4.10917e+01  2.62980e+02 
-1.47403e+02  6.92374e+01  3.05850e+02 
-1.40138e+02  9.37059e+01  3.45785e+02 
-1.64691e+02  9.10040e+01  3.60792e+02 
-1.56016e+02  1.17411e+02  4.02219e+02 
-1.72588e+02  1.21906e+02  4.23567e+02 
-1.82906e+02  1.30798e+02  4.48135e+02 
-2.59454e+02  8.50324e+01  4.25313e+02 
-2.27386e+02  1.26772e+02  4.73927e+02 
-2.40293e+02  1.30437e+02  4.88835e+02 
-2.52121e+02  1.33214e+02  5.00946e+02 
-2.46014e+02  1.46486e+02  5.17908e+02 
-2.72603e+02  1.30708e+02  5.08212e+02 
-2.87880e+02  1.19978e+02  4.97444e+02 
-3.39811e+02  7.37987e+01  4.52850e+02 
-2.68847e+02  1.27895e+02  4.91085e+02 
-2.61967e+02  1.26217e+02  4.79896e+02 
-2.50610e+02  1.24618e+02  4.66519e+02 
-2.53107e+02  1.08040e+02  4.36102e+02 
-2.47577e+02  9.80305e+01  4.10969e+02 
-2.29421e+02  9.53072e+01  3.89841e+02 
-2.25352e+02  8.02924e+01  3.57200e+02 
-2.36839e+02  5.08537e+01  3.11132e+02 
-2.40013e+02  2.76812e+01  2.70236e+02 
-2.09128e+02  3.65405e+01  2.60537e+02 
-2.28253e+02  2.09360e-01  2.08204e+02 
-1.99341e+02  8.00946e+00  1.98118e+02 
-1.95655e+02 -4.95235e+00  1.69217e+02 
-1.98922e+02 -2.51271e+01  1.33975e+02 
-1.86625e+02 -2.81771e+01  1.16544e+02 
-1.85241e+02 -4.18853e+01  8.99417e+01 
-1.64509e+02 -3.50755e+01  8.50424e+01 
-1.70251e+02 -5.29425e+01  5.64295e+01 
-1.74775e+02 -6.85647e+01  3.07927e+01 
-1.95100e+02 -9.92001e+01 -9.02018e+00 
-2.03745e+02 -1.26601e+02 -5.30928e+01 
-2.51448e+02 -1.90248e+02 -1.30912e+02 
-2.71943e+02 -2.25437e+02 -1.77946e+02 
-2.87137e+02 -2.61572e+02 -2.28492e+02 
-1.57741e+02 -1.97294e+02 -2.06639e+02 
-1.70380e+02 -2.27925e+02 -2.55985e+02 
-1.75536e+02 -2.48623e+02 -2.93518e+02 
-1.80909e+02 -2.72797e+02 -3.38004e+02 
-1.99983e+02 -3.14886e+02 -4.05767e+02 
-2.02769e+02 -3.30133e+02 -4.35524e+02 
-2.09332e+02 -3.50723e+02 -4.72380e+02 
-2.28225e+02 -3.85180e+02 -5.24520e+02 
-2.39100e+02 -4.12247e+02 -5.71292e+02 
-2.64641e+02 -4.56949e+02 -6.39463e+02 
-2.77956e+02 -4.92628e+02 -7.00070e+02 
-2.70804e+02 -5.07186e+02 -7.40748e+02 
-2.89358e+02 -5.49896e+02 -8.13075e+02 
-2.98429e+02 -5.83607e+02 -8.76392e+02 
-2.99503e+02 -6.08242e+02 -9.30355e+02 
-3.32341e+02 -6.66910e+02 -1.02194e+03 
-3.49318e+02 -7.08941e+02 -1.09574e+03 
-3.56772e+02 -7.37409e+02 -1.15161e+03 
-3.69340e+02 -7.69506e+02 -1.21007e+03 
-3.95954e+02 -8.13556e+02 -1.27895e+03 
-4.18444e+02 -8.48131e+02 -1.33114e+03 
-4.26852e+02 -8.64652e+02 -1.35843e+03 
-4.53824e+02 -8.94802e+02 -1.39525e+03 
-4.57100e+02 -8.93629e+02 -1.39139e+03 
-4.59777e+02 -8.90137e+02 -1.38164e+03 
-4.49001e+02 -8.69867e+02 -1.35019e+03 
-4.33559e+02 -8.40315e+02 -1.30263e+03 
-4.40979e+02 -8.30925e+02 -1.27506e+03 
-3.97742e+02 -7.65925e+02 -1.18328e+03 
-3.89485e+02 -7.35544e+02 -1.12805e+03 
-3.65935e+02 -6.89034e+02 -1.05444e+03 
-3.46656e+02 -6.46373e+02 -9.84599e+02 
-3.56420e+02 -6.33595e+02 -9.47084e+02 
-3.31272e+02 -5.85817e+02 -8.72193e+02 
-3.17634e+02 -5.50639e+02 -8.13357e+02 
-2.97741e+02 -5.07352e+02 -7.42846e+02 
-2.76027e+02 -4.67278e+02 -6.81190e+02 
-2.81763e+02 -4.54046e+02 -6.47394e+02 
-2.82848e+02 -4.37048e+02 -6.10874e+02 
-2.50188e+02 -3.89380e+02 -5.45264e+02 
-2.46572e+02 -3.72961e+02 -5.13786e+02 
-2.53148e+02 -3.67389e+02 -4.94679e+02 
-2.34535e+02 -3.37568e+02 -4.52483e+02 
-2.39112e+02 -3.31445e+02 -4.34516e+02 
-2.44161e+02 -3.17218e+02 -3.99680e+02 
-2.06260e+02 -2.64752e+02 -3.32181e+02 
-2.25917e+02 -2.70007e+02 -3.23796e+02 
-2.23883e+02 -2.50072e+02 -2.88894e+02 
-1.35603e+02 -8.07443e+01  7.92453e+00 
-1.55168e+02 -2.73812e+01  1.30576e+02 
-1.38433e+02  7.74396e+01  3.14062e+02 
-1.76300e+02  1.18863e+02  4.22461e+02 
-2.13944e+02  1.39690e+02  4.87504e+02 
-2.32407e+02  1.50361e+02  5.18442e+02 
-2.54795e+02  1.46006e+02  5.23827e+02 
-2.51117e+02  1.48763e+02  5.19925e+02 
-2.71700e+02  1.26253e+02  4.93627e+02 
-2.44130e+02  1.30992e+02  4.74815e+02 
-2.55294e+02  9.08308e+01  4.07401e+02 
-2.26804e+02  7.92010e+01  3.59085e+02 
-2.16730e+02  3.04010e+01  2.56207e+02 
-1.73274e+02 -6.00490e-01  1.58564e+02 
-1.88783e+02 -9.31116e+01 -3.11157e+00 
-2.70609e+02 -2.45197e+02 -2.13285e+02 
-1.64866e+02 -2.03810e+02 -2.12817e+02 
-1.96265e+02 -3.10923e+02 -4.02318e+02 
-2.42513e+02 -4.55969e+02 -6.62338e+02 
-3.12169e+02 -6.23074e+02 -9.49744e+02 
-3.58252e+02 -7.38792e+02 -1.15630e+03 
-3.88202e+02 -8.05818e+02 -1.27329e+03 
-4.28436e+02 -8.66532e+02 -1.36485e+03 
-4.50141e+02 -8.87124e+02 -1.38811e+03 
-4.49613e+02 -8.80144e+02 -1.37363e+03 
-4.38022e+02 -8.45051e+02 -1.31046e+03 
-4.09923e+02 -7.79262e+02 -1.20002e+03 
-3.77994e+02 -7.01609e+02 -1.06805e+03 
-3.20450e+02 -5.74548e+02 -8.60649e+02 
-2.68025e+02 -4.40951e+02 -6.33441e+02 
-2.21842e+02 -3.15287e+02 -4.18409e+02 
-2.16036e+02 -2.43022e+02 -2.80558e+02 
 4.48311e+03  4.39601e+03  4.38281e+03 
 4.48419e+03  4.39540e+03  4.38164e+03 
 4.48652e+03  4.39695e+03  4.38340e+03 
 4.48472e+03  4.39471e+03  4.37995e+03 
 4.48579e+03  4.39617e+03  4.37911e+03 
 4.48225e+03  4.39224e+03  4.36931e+03 
 4.48466e+03  4.39567e+03  4.35671e+03 
 4.48254e+03  4.39312e+03  4.33369e+03 
 4.48537e+03  4.39726e+03  4.30890e+03 
 4.48333e+03  4.39496e+03  4.29480e+03 
 4.48567e+03  4.39758e+03  4.27969e+03 
 4.48324e+03  4.39476e+03  4.25857e+03 
 4.48555e+03  4.39840e+03  4.23574e+03 
 4.48287e+03  4.39449e+03  4.20883e+03 
 4.48439e+03  4.39618e+03  4.17581e+03 
 4.48303e+03  4.39410e+03  4.14737e+03 
 4.48397e+03  4.39618e+03  4.11556e+03 
 4.48124e+03  4.39286e+03  4.08431e+03 
 4.48468e+03  4.39668e+03  4.05753e+03 
 4.48268e+03  4.39432e+03  4.03111e+03 
 4.48495e+03  4.39705e+03  4.00579e+03 
 4.48127e+03  4.39250e+03  3.96769e+03 
 4.48430e+03  4.39581e+03  3.95422e+03 
 4.48284e+03  4.39329e+03  3.92726e+03 
 4.48298e+03  4.39431e+03  3.90875e+03 
 4.48382e+03  4.39419e+03  3.90264e+03 
 4.48402e+03  4.39525e+03  3.88876e+03 
 4.48456e+03  4.39461e+03  3.87883e+03 
 4.48376e+03  4.39481e+03  3.87720e+03 
 4.48353e+03  4.39331e+03  3.87397e+03 
 4.48356e+03  4.39442e+03  3.87650e+03 
 4.48278e+03  4.39157e+03  3.87803e+03 
 4.48444e+03  4.39417e+03  3.88694e+03 
 4.48429e+03  4.39288e+03  3.89652e+03 
 4.48374e+03  4.38910e+03  3.91168e+03 
 4.48294e+03  4.38353e+03  3.92025e+03 
 4.47965e+03  4.37480e+03  3.93283e+03 
 4.47249e+03  4.35900e+03  3.94742e+03 
 4.45709e+03  4.33792e+03  3.95949e+03 
 4.42489e+03  4.30330e+03  3.96962e+03 
 4.39267e+03  4.27383e+03  3.97826e+03 
 4.32456e+03  4.21566e+03  3.99296e+03 
 4.25855e+03  4.16462e+03  4.00543e+03 
 4.18082e+03  4.10400e+03  4.01558e+03 
 4.08917e+03  4.03519e+03  4.02360e+03 
 4.04691e+03  3.99418e+03  4.03080e+03 
 3.99608e+03  3.94273e+03  4.03867e+03 
 3.96909e+03  3.89982e+03  4.04520e+03 
 3.96793e+03  3.86016e+03  4.05055e+03 
 3.99299e+03  3.84388e+03  4.05499e+03 
 4.04605e+03  3.84012e+03  4.05873e+03 
 4.10661e+03  3.85042e+03  4.05830e+03 
 4.18261e+03  3.87452e+03  4.06335e+03 
 4.24875e+03  3.90825e+03  4.06871e+03 
 4.32192e+03  3.95264e+03  4.07006e+03 
 4.37740e+03  4.00430e+03  4.06753e+03 
 4.41938e+03  4.05510e+03  4.06886e+03 
 4.44682e+03  4.10676e+03  4.07647e+03 
 4.46861e+03  4.17192e+03  4.07308e+03 
 4.47589e+03  4.21657e+03  4.07790e+03 
 4.47971e+03  4.26250e+03  4.08026e+03 
 4.48058e+03  4.29861e+03  4.08302e+03 
 4.48205e+03  4.32747e+03  4.07851e+03 
 4.48215e+03  4.34939e+03  4.08648e+03 
 4.48404e+03  4.37025e+03  4.09145e+03 
 4.48264e+03  4.37824e+03  4.08719e+03 
 4.48183e+03  4.38445e+03  4.09186e+03 
 4.48151e+03  4.38800e+03  4.09614e+03 
 4.46092e+03  4.36871e+03  4.07502e+03 
 4.48262e+03  4.39277e+03  4.09584e+03 
 4.47980e+03  4.38928e+03  4.09419e+03 
 4.48052e+03  4.39220e+03  4.10725e+03 
 4.48383e+03  4.39408e+03  4.10542e+03 
 4.48164e+03  4.39316e+03  4.11144e+03 
 4.48360e+03  4.39441e+03  4.11640e+03 
 4.48184e+03  4.39392e+03  4.12195e+03 
 4.47984e+03  4.39177e+03  4.12354e+03 
 4.48203e+03  4.39397e+03  4.12855e+03 
 4.48073e+03  4.39181e+03  4.12965e+03 
 4.48186e+03  4.39379e+03  4.14031e+03 
 4.48051e+03  4.39224e+03  4.14573e+03 
 4.47914e+03  4.39139e+03  4.14320e+03 
 4.48123e+03  4.39277e+03  4.15210e+03 
 4.48220e+03  4.39395e+03  4.15432e+03 
 4.48074e+03  4.39192e+03  4.15590e+03 
 4.48214e+03  4.39338e+03  4.16746e+03 
 4.48190e+03  4.39246e+03  4.17252e+03 
 4.48171e+03  4.39291e+03  4.18372e+03 
 4.48088e+03  4.39179e+03  4.19750e+03 
 4.48370e+03  4.39449e+03  4.20540e+03 
 4.48073e+03  4.39137e+03  4.21433e+03 
 4.48402e+03  4.39454e+03  4.23676e+03 
 4.48221e+03  4.39285e+03  4.25024e+03 
 4.48176e+03  4.39269e+03  4.28240e+03 
 4.48094e+03  4.39185e+03  4.30833e+03 
 4.47359e+03  4.38583e+03  4.32189e+03 
 5.99553e+02  3.29667e+03  5.98855e+03 
-5.92163e+01 -5.24356e+02 -1.59615e+03 
 4.16135e+02  2.32668e+03  4.21764e+03 
 9.79827e+01 -1.28238e+01 -5.27711e+02 
 0.00000e+00  9.00000e-01  0.00000e+00  9.99540e-01 
 0.00000e+00  8.71299e-01 -1.84230e-03  9.70290e-01 
 0.00000e+00  8.48880e-01 -3.73860e-03  9.77130e-01 
 0.00000e+00  8.26542e-01 -6.47676e-03  9.83970e-01 
 0.00000e+00  7.99830e-01 -1.04112e-02  9.92160e-01 
 0.00000e+00  7.73172e-01 -1.46979e-02  1.00035e+00 
 0.00000e+00  7.42149e-01 -2.01222e-02  1.00980e+00 
 0.00000e+00  7.06761e-01 -2.67264e-02  1.02069e+00 
 0.00000e+00  6.71409e-01 -3.35484e-02  1.03149e+00 
 0.00000e+00  6.36075e-01 -4.04244e-02  1.04229e+00 
 0.00000e+00  6.00714e-01 -4.71789e-02  9.23040e-01 
 0.00000e+00  5.65308e-01 -5.36796e-02  9.33840e-01 
 0.00000e+00  5.29830e-01 -5.98023e-02  9.44730e-01 
 0.00000e+00  4.94271e-01 -6.54129e-02  9.55620e-01 
 0.00000e+00  4.58613e-01 -7.03890e-02  9.66510e-01 
 0.00000e+00  4.22865e-01 -7.45848e-02  9.77490e-01 
 0.00000e+00  3.87009e-01 -7.78491e-02  9.88470e-01 
 0.00000e+00  3.51081e-01 -8.00424e-02  9.99450e-01 
 0.00000e+00  3.15090e-01 -8.09991e-02  1.01043e+00 
 0.00000e+00  2.79099e-01 -8.05437e-02  1.02150e+00 
 0.00000e+00  2.48535e-01 -7.91271e-02  1.03086e+00 
 0.00000e+00  2.20716e-01 -7.70238e-02  1.03941e+00 
 0.00000e+00  1.95651e-01 -7.44201e-02  1.04706e+00 
 0.00000e+00  1.73340e-01 -7.14969e-02  1.05390e+00 
 0.00000e+00  1.53783e-01 -6.84324e-02  1.05984e+00 
 0.00000e+00  1.36953e-01 -6.54012e-02  1.06506e+00 
 0.00000e+00  1.22832e-01 -6.25581e-02  1.06938e+00 
 0.00000e+00  1.11411e-01 -6.00255e-02  1.07289e+00 
 0.00000e+00  1.02663e-01 -5.79258e-02  9.20880e-01 
 0.00000e+00  9.42030e-02 -5.57505e-02  9.23580e-01 
 0.00000e+00  8.60490e-02 -5.35050e-02  9.26460e-01 
 0.00000e+00  7.81929e-02 -5.11911e-02  9.29520e-01 
 0.00000e+00  7.06392e-02 -4.88106e-02  9.32760e-01 
 0.00000e+00  6.33897e-02 -4.63662e-02  9.36180e-01 
 0.00000e+00  5.64507e-02 -4.38552e-02  9.39780e-01 
 0.00000e+00  4.98267e-02 -4.12713e-02  9.43560e-01 
 0.00000e+00  4.35222e-02 -3.86172e-02  9.47430e-01 
 0.00000e+00  3.75426e-02 -3.58956e-02  9.51480e-01 
 0.00000e+00  3.18924e-02 -3.31101e-02  9.55710e-01 
 0.00000e+00  2.65734e-02 -3.02697e-02  9.60030e-01 
 0.00000e+00  2.15847e-02 -2.73915e-02  9.64440e-01 
 0.00000e+00  1.69605e-02 -2.44323e-02  9.68940e-01 
 0.00000e+00  1.27962e-02 -2.12868e-02  9.73440e-01 
 0.00000e+00  9.13770e-03 -1.79550e-02  9.77940e-01 
 0.00000e+00  5.96844e-03 -1.45125e-02  9.82530e-01 
 0.00000e+00  3.36672e-03 -1.09548e-02  9.87030e-01 
 0.00000e+00  1.47150e-03 -7.27821e-03  9.91440e-01 
 0.00000e+00  3.52197e-04 -3.57831e-03  9.95670e-01 
 0.00000e+00  0.00000e+00  0.00000e+00  9.99540e-01 
 9.00000e-01  3.52197e-04  3.57831e-03  1.00332e+00 
 9.00000e-01  1.47150e-03  7.27821e-03  1.00755e+00 
 9.00000e-01  3.36672e-03  1.09548e-02  1.01196e+00 
 9.00000e-01  5.96844e-03  1.45125e-02  1.01646e+00 
 9.00000e-01  9.13770e-03  1.79550e-02  1.02105e+00 
 9.00000e-01  1.27962e-02  2.12868e-02  1.02555e+00 
 9.00000e-01  1.69605e-02  2.44323e-02  1.03005e+00 
 9.00000e-01  2.15847e-02  2.73915e-02  1.03455e+00 
 9.00000e-01  2.65734e-02  3.02697e-02  1.03896e+00 
 9.00000e-01  3.18924e-02  3.31101e-02  1.04328e+00 
 9.00000e-01  3.75426e-02  3.58956e-02  1.04751e+00 
 9.00000e-01  4.35222e-02  3.86172e-02  1.05156e+00 
 9.00000e-01  4.98267e-02  4.12713e-02  1.05552e+00 
 9.00000e-01  5.64507e-02  4.38552e-02  1.05921e+00 
 9.00000e-01  6.33897e-02  4.63662e-02  1.06281e+00 
 9.00000e-01  7.06392e-02  4.88106e-02  1.06632e+00 
 9.00000e-01  7.81929e-02  5.11911e-02  1.06956e+00 
 9.00000e-01  8.60490e-02  5.35050e-02  1.07253e+00 
 9.00000e-01  9.42030e-02  5.57505e-02  1.07541e+00 
 9.00000e-01  1.02663e-01  5.79258e-02  1.07811e+00 
 9.00000e-01  1.11411e-01  6.00255e-02  9.26100e-01 
 9.00000e-01  1.22832e-01  6.25581e-02  9.29610e-01 
 9.00000e-01  1.36953e-01  6.54012e-02  9.33930e-01 
 9.00000e-01  1.53783e-01  6.84324e-02  9.39150e-01 
 9.00000e-01  1.73340e-01  7.14969e-02  9.45090e-01 
 9.00000e-01  1.95651e-01  7.44201e-02  9.51930e-01 
 9.00000e-01  2.20716e-01  7.70238e-02  9.59580e-01 
 9.00000e-01  2.48535e-01  7.91271e-02  9.68130e-01 
 9.00000e-01  2.79099e-01  8.05437e-02  9.77490e-01 
 9.00000e-01  3.15090e-01  8.09991e-02  9.88560e-01 
 9.00000e-01  3.51081e-01  8.00424e-02  9.99540e-01 
 9.00000e-01  3.87009e-01  7.78491e-02  1.01052e+00 
 9.00000e-01  4.22865e-01  7.45848e-02  1.02150e+00 
 9.00000e-01  4.58613e-01  7.03890e-02  1.03248e+00 
 9.00000e-01  4.94271e-01  6.54129e-02  1.04337e+00 
 9.00000e-01  5.29830e-01  5.98023e-02  1.05426e+00 
 9.00000e-01  5.65308e-01  5.36796e-02  1.06515e+00 
 9.00000e-01  6.00714e-01  4.71789e-02  1.07604e+00 
 9.00000e-01  6.36075e-01  4.04244e-02  9.56700e-01 
 9.00000e-01  6.71409e-01  3.35484e-02  9.67500e-01 
 9.00000e-01  7.06761e-01  2.67264e-02  9.78300e-01 
 9.00000e-01  7.42149e-01  2.01222e-02  9.89190e-01 
 9.00000e-01  7.73172e-01  1.46979e-02  9.98640e-01 
 9.00000e-01  7.99830e-01  1.04112e-02  1.00683e+00 
 9.00000e-01  8.26542e-01  6.47676e-03  1.01502e+00 
 9.00000e-01  8.48880e-01  3.73860e-03  1.02186e+00 
 9.00000e-01  8.71299e-01  1.84230e-03  1.02870e+00 
 0.00000e+00 -2.85000e+00 -1.50000e+00  7.27000e-01 
 0.00000e+00 -2.55000e+00 -1.50000e+00  7.27000e-01 
 0.00000e+00 -2.35000e+00 -1.50000e+00  7.27000e-01 
 0.00000e+00 -2.15000e+00 -1.50000e+00  7.27000e-01 
 0.00000e+00 -1.95000e+00 -1.50000e+00  7.27000e-01 
 0.00000e+00 -1.85000e+00 -1.50000e+00  7.27000e-01 
 0.00000e+00 -1.75000e+00 -1.50000e+00  7.27000e-01 
 0.00000e+00 -1.65000e+00 -1.50000e+00  7.27000e-01 
 0.00000e+00 -1.55000e+00 -1.50000e+00  7.27000e-01 
 0.00000e+00 -1.45000e+00 -1.50000e+00  7.27000e-01 
 0.00000e+00 -1.35000e+00 -1.50000e+00  7.27000e-01 
 0.00000e+00 -1.25000e+00 -1.50000e+00  7.27000e-01 
 0.00000e+00 -1.15000e+00 -1.50000e+00  7.27000e-01 
 0.00000e+00 -1.05000e+00 -1.50000e+00  7.27000e-01 
 0.00000e+00 -9.50000e-01 -1.50000e+00  7.27000e-01 
 0.00000e+00 -8.50000e-01 -1.50000e+00  7.27000e-01 
 0.00000e+00 -7.50000e-01 -1.50000e+00  7.27000e-01 
 0.00000e+00 -6.50000e-01 -1.50000e+00  7.27000e-01 
 0.00000e+00 -5.50000e-01 -1.50000e+00  7.27000e-01 
 0.00000e+00 -4.50000e-01 -1.50000e+00  7.27000e-01 
 0.00000e+00 -3.50000e-01 -1.50000e+00  7.27000e-01 
 0.00000e+00 -2.50000e-01 -1.50000e+00  7.27000e-01 
 0.00000e+00 -1.50000e-01 -1.50000e+00  7.27000e-01 
 0.00000e+00 -5.00000e-02 -1.50000e+00  7.27000e-01 
 0.00000e+00  5.00000e-02 -1.50000e+00  7.27000e-01 
 0.00000e+00  1.50000e-01 -1.50000e+00  7.27000e-01 
 0.00000e+00  2.50000e-01 -1.50000e+00  7.27000e-01 
 0.00000e+00  3.50000e-01 -1.50000e+00  7.27000e-01 
 0.00000e+00  4.50000e-01 -1.50000e+00  7.27000e-01 
 0.00000e+00  5.50000e-01 -1.50000e+00  7.27000e-01 
 0.00000e+00  6.50000e-01 -1.50000e+00  7.27000e-01 
 0.00000e+00  7.50000e-01 -1.50000e+00  7.27000e-01 
 0.00000e+00  8.50000e-01 -1.50000e+00  7.27000e-01 
 0.00000e+00  9.50000e-01 -1.50000e+00  7.27000e-01 
 0.00000e+00  1.05000e+00 -1.50000e+00  7.27000e-01 
 0.00000e+00  1.15000e+00 -1.50000e+00  7.27000e-01 
 0.00000e+00  1.25000e+00 -1.50000e+00  7.27000e-01 
 0.00000e+00  1.35000e+00 -1.50000e+00  7.27000e-01 
 0.00000e+00  1.45000e+00 -1.50000e+00  7.27000e-01 
 0.00000e+00  1.55000e+00 -1.50000e+00  7.27000e-01 
 0.00000e+00  1.65000e+00 -1.50000e+00  7.27000e-01 
 0.00000e+00  1.75000e+00 -1.50000e+00  7.27000e-01 
 0.00000e+00  1.85000e+00 -1.50000e+00  7.27000e-01 
 0.00000e+00  1.95000e+00 -1.50000e+00  7.27000e-01 
 0.00000e+00  2.15000e+00 -1.50000e+00  7.27000e-01 
 0.00000e+00  2.35000e+00 -1.50000e+00  7.27000e-01 
 0.00000e+00  2.55000e+00 -1.50000e+00  7.27000e-01 
 0.00000e+00  2.85000e+00 -1.50000e+00  7.27000e-01 
 1.00000e+00 -2.85000e+00  1.50000e+00  7.27000e-01 
 1.00000e+00 -2.55000e+00  1.50000e+00  7.27000e-01 
 1.00000e+00 -2.35000e+00  1.50000e+00  7.27000e-01 
 1.00000e+00 -2.15000e+00  1.50000e+00  7.27000e-01 
 1.00000e+00 -1.95000e+00  1.50000e+00  7.27000e-01 
 1.00000e+00 -1.85000e+00  1.50000e+00  7.27000e-01 
 1.00000e+00 -1.75000e+00  1.50000e+00  7.27000e-01 
 1.00000e+00 -1.65000e+00  1.50000e+00  7.27000e-01 
 1.00000e+00 -1.55000e+00  1.50000e+00  7.27000e-01 
 1.00000e+00 -1.45000e+00  1.50000e+00  7.27000e-01 
 1.00000e+00 -1.35000e+00  1.50000e+00  7.27000e-01 
 1.00000e+00 -1.25000e+00  1.50000e+00  7.27000e-01 
 1.00000e+00 -1.15000e+00  1.50000e+00  7.27000e-01 
 1.00000e+00 -1.05000e+00  1.50000e+00  7.27000e-01 
 1.00000e+00 -9.50000e-01  1.50000e+00  7.27000e-01 
 1.00000e+00 -8.50000e-01  1.50000e+00  7.27000e-01 
 1.00000e+00 -7.50000e-01  1.50000e+00  7.27000e-01 
 1.00000e+00 -6.50000e-01  1.50000e+00  7.27000e-01 
 1.00000e+00 -5.50000e-01  1.50000e+00  7.27000e-01 
 1.00000e+00 -4.50000e-01  1.50000e+00  7.27000e-01 
 1.00000e+00 -3.50000e-01  1.50000e+00  7.27000e-01 
 1.00000e+00 -2.50000e-01  1.50000e+00  7.27000e-01 
 1.00000e+00 -1.50000e-01  1.50000e+00  7.27000e-01 
 1.00000e+00 -5.00000e-02  1.50000e+00  7.27000e-01 
 1.00000e+00  5.00000e-02  1.50000e+00  7.27000e-01 
 1.00000e+00  1.50000e-01  1.50000e+00  7.27000e-01 
 1.00000e+00  2.50000e-01  1.50000e+00  7.27000e-01 
 1.00000e+00  3.50000e-01  1.50000e+00  7.27000e-01 
 1.00000e+00  4.50000e-01  1.50000e+00  7.27000e-01 
 1.00000e+00  5.50000e-01  1.50000e+00  7.27000e-01 
 1.00000e+00  6.50000e-01  1.50000e+00  7.27000e-01 
 1.00000e+00  7.50000e-01  1.50000e+00  7.27000e-01 
 1.00000e+00  8.50000e-01  1.50000e+00  7.27000e-01 
 1.00000e+00  9.50000e-01  1.50000e+00  7.27000e-01 
 1.00000e+00  1.05000e+00  1.50000e+00  7.27000e-01 
 1.00000e+00  1.15000e+00  1.50000e+00  7.27000e-01 
 1.00000e+00  1.25000e+00  1.50000e+00  7.27000e-01 
 1.00000e+00  1.35000e+00  1.50000e+00  7.27000e-01 
 1.00000e+00  1.45000e+00  1.50000e+00  7.27000e-01 
 1.00000e+00  1.55000e+00  1.50000e+00  7.27000e-01 
 1.00000e+00  1.65000e+00  1.50000e+00  7.27000e-01 
 1.00000e+00  1.75000e+00  1.50000e+00  7.27000e-01 
 1.00000e+00  1.85000e+00  1.50000e+00  7.27000e-01 
 1.00000e+00  1.95000e+00  1.50000e+00  7.27000e-01 
 1.00000e+00  2.15000e+00  1.50000e+00  7.27000e-01 
 1.00000e+00  2.35000e+00  1.50000e+00  7.27000e-01 
 1.00000e+00  2.55000e+00  1.50000e+00  7.27000e-01 
 1.00000e+00  2.85000e+00  1.50000e+00  7.27000e-01 
 2.00000e+00 -2.85000e+00 -1.50000e+00  1.26700e+00 
 2.00000e+00 -1.95000e+00 -1.50000e+00  1.26700e+00 
 2.00000e+00 -1.35000e+00 -1.50000e+00  1.26700e+00 
 2.00000e+00 -9.50000e-01 -1.50000e+00  1.26700e+00 
 2.00000e+00 -6.50000e-01 -1.50000e+00  1.26700e+00 
 2.00000e+00 -4.50000e-01 -1.50000e+00  1.26700e+00 
 2.00000e+00 -2.50000e-01 -1.50000e+00  1.26700e+00 
 2.00000e+00 -5.00000e-02 -1.50000e+00  1.26700e+00 
 2.00000e+00  5.00000e-02 -1.50000e+00  1.26700e+00 
 2.00000e+00  2.50000e-01 -1.50000e+00  1.26700e+00 
 2.00000e+00  4.50000e-01 -1.50000e+00  1.26700e+00 
 2.00000e+00  6.50000e-01 -1.50000e+00  1.26700e+00 
 2.00000e+00  9.50000e-01 -1.50000e+00  1.26700e+00 
 2.00000e+00  1.35000e+00 -1.50000e+00  1.26700e+00 
 2.00000e+00  1.95000e+00 -1.50000e+00  1.26700e+00 
 2.00000e+00  2.85000e+00 -1.50000e+00  1.26700e+00 
 3.00000e+00 -2.85000e+00  1.50000e+00  1.26700e+00 
 3.00000e+00 -1.95000e+00  1.50000e+00  1.26700e+00 
 3.00000e+00 -1.35000e+00  1.50000e+00  1.26700e+00 
 3.00000e+00 -9.50000e-01  1.50000e+00  1.26700e+00 
 3.00000e+00 -6.50000e-01  1.50000e+00  1.26700e+00 
 3.00000e+00 -4.50000e-01  1.50000e+00  1.26700e+00 
 3.00000e+00 -2.50000e-01  1.50000e+00  1.26700e+00 
 3.00000e+00 -5.00000e-02  1.50000e+00  1.26700e+00 
 3.00000e+00  5.00000e-02  1.50000e+00  1.26700e+00 
 3.00000e+00  2.50000e-01  1.50000e+00  1.26700e+00 
 3.00000e+00  4.50000e-01  1.50000e+00  1.26700e+00 
 3.00000e+00  6.50000e-01  1.50000e+00  1.26700e+00 
 3.00000e+00  9.50000e-01  1.50000e+00  1.26700e+00 
 3.00000e+00  1.35000e+00  1.50000e+00  1.26700e+00 
 3.00000e+00  1.95000e+00  1.50000e+00  1.26700e+00 
 3.00000e+00  2.85000e+00  1.50000e+00  1.26700e+00 
 0.00000e+00  0.00000e+00 -3.47500e-01  0.00000e+00 
 0.00000e+00  0.00000e+00 -3.17500e-01  0.00000e+00 
 0.00000e+00  0.00000e+00 -2.87500e-01  0.00000e+00 
 0.00000e+00  0.00000e+00 -2.67500e-01  0.00000e+00 
 0.00000e+00  0.00000e+00 -2.47500e-01  0.00000e+00 
 0.00000e+00  0.00000e+00 -2.32500e-01  0.00000e+00 
 0.00000e+00  0.00000e+00 -2.17500e-01  0.00000e+00 
 0.00000e+00  0.00000e+00 -2.07500e-01  0.00000e+00 
 0.00000e+00  0.00000e+00 -1.97500e-01  0.00000e+00 
 0.00000e+00  0.00000e+00 -1.92500e-01  0.00000e+00 
 0.00000e+00  0.00000e+00 -1.87500e-01  0.00000e+00 
 0.00000e+00  0.00000e+00 -1.82500e-01  0.00000e+00 
 0.00000e+00  0.00000e+00 -1.77500e-01  0.00000e+00 
 0.00000e+00  0.00000e+00 -1.72500e-01  0.00000e+00 
 0.00000e+00  0.00000e+00 -1.67500e-01  0.00000e+00 
 0.00000e+00  0.00000e+00 -1.62500e-01  0.00000e+00 
 0.00000e+00  0.00000e+00 -1.57500e-01  0.00000e+00 
 0.00000e+00  0.00000e+00 -1.52500e-01  0.00000e+00 
 0.00000e+00  0.00000e+00 -1.47500e-01  0.00000e+00 
 0.00000e+00  0.00000e+00 -1.42500e-01  0.00000e+00 
 0.00000e+00  0.00000e+00 -1.37500e-01  0.00000e+00 
 0.00000e+00  0.00000e+00 -1.32500e-01  0.00000e+00 
 0.00000e+00  0.00000e+00 -1.27500e-01  0.00000e+00 
 0.00000e+00  0.00000e+00 -1.22500e-01  0.00000e+00 
 0.00000e+00  0.00000e+00 -1.17500e-01  0.00000e+00 
 0.00000e+00  0.00000e+00 -1.12500e-01  0.00000e+00 
 0.00000e+00  0.00000e+00 -1.07500e-01  0.00000e+00 
 0.00000e+00  0.00000e+00 -1.02500e-01  0.00000e+00 
 0.00000e+00  0.00000e+00 -9.75000e-02  0.00000e+00 
 0.00000e+00  0.00000e+00 -9.25000e-02  0.00000e+00 
 0.00000e+00  0.00000e+00 -8.75000e-02  0.00000e+00 
 0.00000e+00  0.00000e+00 -8.25000e-02  0.00000e+00 
 0.00000e+00  0.00000e+00 -7.75000e-02  0.00000e+00 
 0.00000e+00  0.00000e+00 -7.25000e-02  0.00000e+00 
 0.00000e+00  0.00000e+00 -6.75000e-02  0.00000e+00 
 0.00000e+00  0.00000e+00 -6.25000e-02  0.00000e+00 
 0.00000e+00  0.00000e+00 -5.75000e-02  0.00000e+00 
 0.00000e+00  0.00000e+00 -5.25000e-02  0.00000e+00 
 0.00000e+00  0.00000e+00 -4.75000e-02  0.00000e+00 
 0.00000e+00  0.00000e+00 -4.25000e-02  0.00000e+00 
 0.00000e+00  0.00000e+00 -3.75000e-02  0.00000e+00 
 0.00000e+00  0.00000e+00 -3.25000e-02  0.00000e+00 
 0.00000e+00  0.00000e+00 -2.75000e-02  0.00000e+00 
 0.00000e+00  0.00000e+00 -2.25000e-02  0.00000e+00 
 0.00000e+00  0.00000e+00 -1.75000e-02  0.00000e+00 
 0.00000e+00  0.00000e+00 -1.25000e-02  0.00000e+00 
 0.00000e+00  0.00000e+00 -7.50000e-03  0.00000e+00 
 0.00000e+00  0.00000e+00 -2.50000e-03  0.00000e+00 
 0.00000e+00  0.00000e+00  2.50000e-03  0.00000e+00 
 0.00000e+00  0.00000e+00  7.50000e-03  0.00000e+00 
 0.00000e+00  0.00000e+00  1.25000e-02  0.00000e+00 
 0.00000e+00  0.00000e+00  1.75000e-02  0.00000e+00 
 0.00000e+00  0.00000e+00  2.25000e-02  0.00000e+00 
 0.00000e+00  0.00000e+00  2.75000e-02  0.00000e+00 
 0.00000e+00  0.00000e+00  3.25000e-02  0.00000e+00 
 0.00000e+00  0.00000e+00  3.75000e-02  0.00000e+00 
 0.00000e+00  0.00000e+00  4.25000e-02  0.00000e+00 
 0.00000e+00  0.00000e+00  4.75000e-02  0.00000e+00 
 0.00000e+00  0.00000e+00  5.25000e-02  0.00000e+00 
 0.00000e+00  0.00000e+00  5.75000e-02  0.00000e+00 
 0.00000e+00  0.00000e+00  6.25000e-02  0.00000e+00 
 0.00000e+00  0.00000e+00  6.75000e-02  0.00000e+00 
 0.00000e+00  0.00000e+00  7.25000e-02  0.00000e+00 
 0.00000e+00  0.00000e+00  7.75000e-02  0.00000e+00 
 0.00000e+00  0.00000e+00  8.25000e-02  0.00000e+00 
 0.00000e+00  0.00000e+00  8.75000e-02  0.00000e+00 
 0.00000e+00  0.00000e+00  9.25000e-02  0.00000e+00 
 0.00000e+00  0.00000e+00  9.75000e-02  0.00000e+00 
 0.00000e+00  0.00000e+00  1.02500e-01  0.00000e+00 
 0.00000e+00  0.00000e+00  1.07500e-01  0.00000e+00 
 0.00000e+00  0.00000e+00  1.12500e-01  0.00000e+00 
 0.00000e+00  0.00000e+00  1.17500e-01  0.00000e+00 
 0.00000e+00  0.00000e+00  1.22500e-01  0.00000e+00 
 0.00000e+00  0.00000e+00  1.27500e-01  0.00000e+00 
 0.00000e+00  0.00000e+00  1.32500e-01  0.00000e+00 
 0.00000e+00  0.00000e+00  1.37500e-01  0.00000e+00 
 0.00000e+00  0.00000e+00  1.42500e-01  0.00000e+00 
 0.00000e+00  0.00000e+00  1.47500e-01  0.00000e+00 
 0.00000e+00  0.00000e+00  1.52500e-01  0.00000e+00 
 0.00000e+00  0.00000e+00  1.57500e-01  0.00000e+00 
 0.00000e+00  0.00000e+00  1.62500e-01  0.00000e+00 
 0.00000e+00  0.00000e+00  1.67500e-01  0.00000e+00 
 0.00000e+00  0.00000e+00  1.72500e-01  0.00000e+00 
 0.00000e+00  0.00000e+00  1.77500e-01  0.00000e+00 
 0.00000e+00  0.00000e+00  1.82500e-01  0.00000e+00 
 0.00000e+00  0.00000e+00  1.87500e-01  0.00000e+00 
 0.00000e+00  0.00000e+00  1.92500e-01  0.00000e+00 
 0.00000e+00  0.00000e+00  1.97500e-01  0.00000e+00 
 0.00000e+00  0.00000e+00  2.07500e-01  0.00000e+00 
 0.00000e+00  0.00000e+00  2.17500e-01  0.00000e+00 
 0.00000e+00  0.00000e+00  2.32500e-01  0.00000e+00 
 0.00000e+00  0.00000e+00  2.47500e-01  0.00000e+00 
 0.00000e+00  0.00000e+00  2.67500e-01  0.00000e+00 
 0.00000e+00  0.00000e+00  2.87500e-01  0.00000e+00 
 0.00000e+00  0.00000e+00  3.17500e-01  0.00000e+00 
 0.00000e+00  0.00000e+00  3.47500e-01  0.00000e+00 
