 4.96824e+00  1.29693e+01  1.89742e+01 
 8.43378e+01  8.39149e+01  8.27651e+01 
 1.43071e+01  1.46501e+01  1.47496e+01 
 5.24970e+06  5.21452e+06  5.14631e+06 
 4.39314e+03  4.34584e+03  4.23136e+03 
 1.02280e+05  1.02297e+05  1.02311e+05 
 5.44112e+02 -6.87901e+02 -2.38829e+03 
 9.84373e+02  5.48955e+02 -5.15265e+02 
 9.81438e+02  7.20299e+02 -2.29585e+02 
 9.02546e+02  7.56338e+02 -1.35293e+02 
 7.71188e+02  7.33425e+02 -1.02104e+02 
 6.74964e+02  7.45970e+02 -4.62226e+01 
 5.25932e+02  7.04486e+02 -3.05539e+01 
 3.31349e+02  6.34186e+02 -4.34308e+01 
 1.42001e+02  5.75991e+02 -6.47484e+01 
-6.55121e+01  4.19280e+02 -9.41654e+01 
-2.85309e+02  3.30190e+02 -1.27033e+02 
-4.83029e+02  2.60627e+02 -1.41157e+02 
-6.38280e+02  2.01737e+02 -1.40495e+02 
-9.18259e+02  1.62771e+02 -1.18058e+02 
-1.09040e+03  1.38177e+02 -7.81791e+01 
-1.22908e+03  1.56254e+02  8.15244e+00 
-1.33324e+03  2.20236e+02  1.41905e+02 
-1.38691e+03  3.40517e+02  3.32280e+02 
-1.39212e+03  5.10643e+02  5.70324e+02 
-1.24296e+03  8.02758e+02  9.24893e+02 
-1.07206e+03  1.09182e+03  1.26074e+03 
-8.97540e+02  1.37849e+03  1.58727e+03 
-7.00943e+02  1.67100e+03  1.90830e+03 
-4.76329e+02  1.97185e+03  2.22797e+03 
-2.60378e+02  2.25301e+03  2.52067e+03 
-3.44265e+01  2.52373e+03  2.79557e+03 
 1.59960e+02  2.75692e+03  3.02876e+03 
 3.38782e+02  2.96226e+03  3.22902e+03 
 4.91698e+02  3.12428e+03  3.38250e+03 
 6.69314e+02  3.29286e+03  3.53891e+03 
 8.48989e+02  3.46489e+03  3.69781e+03 
 1.02708e+03  3.62922e+03  3.84513e+03 
 1.22353e+03  3.79450e+03  3.98891e+03 
 1.43098e+03  3.95039e+03  4.11911e+03 
 1.66422e+03  4.09941e+03  4.23528e+03 
 1.90826e+03  4.23142e+03  4.32790e+03 
 2.17686e+03  4.33570e+03  4.38692e+03 
 2.46885e+03  4.40259e+03  4.40030e+03 
 2.76253e+03  4.41271e+03  4.35042e+03 
 3.08626e+03  4.34415e+03  4.20741e+03 
 3.38635e+03  4.14719e+03  3.91783e+03 
 3.70804e+03  3.72445e+03  3.37446e+03 
 4.04954e+03  2.96726e+03  2.47767e+03 
 4.32111e+03  1.73857e+03  1.10511e+03 
 4.42560e+03 -2.85281e+02 -1.08391e+03 
 4.24132e+03 -3.50822e+03 -4.47151e+03 
 3.50531e+03 -8.20543e+03 -9.24979e+03 
 2.16905e+03 -1.35970e+04 -1.45490e+04 
 3.01372e+02 -1.92550e+04 -1.99188e+04 
-1.94647e+03 -2.43443e+04 -2.44461e+04 
-4.18940e+03 -2.82250e+04 -2.75279e+04 
-5.67011e+03 -2.85756e+04 -2.71524e+04 
-6.54894e+03 -2.73652e+04 -2.53979e+04 
-6.98060e+03 -2.56682e+04 -2.38185e+04 
-7.51777e+03 -2.45425e+04 -2.16774e+04 
-7.50384e+03 -2.34366e+04 -1.89081e+04 
-7.05728e+03 -1.89608e+04 -1.66104e+04 
-6.75437e+03 -1.78350e+04 -1.49221e+04 
-6.62646e+03 -1.67684e+04 -1.36465e+04 
-6.55126e+03 -1.59321e+04 -1.26530e+04 
-6.49498e+03 -1.51877e+04 -1.17546e+04 
-6.42593e+03 -1.44789e+04 -1.09030e+04 
-6.34660e+03 -1.38343e+04 -1.01234e+04 
-6.24130e+03 -1.31995e+04 -9.35231e+03 
-6.15525e+03 -1.26754e+04 -8.67559e+03 
-6.07620e+03 -1.21733e+04 -8.01192e+03 
-5.99885e+03 -1.17213e+04 -7.38971e+03 
-5.92722e+03 -1.12965e+04 -6.77349e+03 
-5.86208e+03 -1.09057e+04 -6.19581e+03 
-5.80506e+03 -1.04497e+04 -5.42181e+03 
-5.69716e+03 -1.00181e+04 -4.80802e+03 
-5.49283e+03 -9.56398e+03 -4.19116e+03 
-5.43318e+03 -9.06681e+03 -3.64139e+03 
-5.38180e+03 -8.59623e+03 -3.18616e+03 
-5.27621e+03 -8.08431e+03 -2.87996e+03 
-5.14393e+03 -7.55656e+03 -2.66272e+03 
-5.01386e+03 -7.02649e+03 -2.53328e+03 
-4.87806e+03 -6.48603e+03 -2.47068e+03 
-4.65796e+03 -5.82956e+03 -2.44797e+03 
-4.30024e+03 -5.06615e+03 -2.45369e+03 
-3.90434e+03 -4.28957e+03 -2.46972e+03 
-3.48869e+03 -3.55132e+03 -2.49472e+03 
-3.05061e+03 -2.90550e+03 -2.51847e+03 
-2.61406e+03 -2.40259e+03 -2.54248e+03 
-2.18319e+03 -2.03428e+03 -2.56600e+03 
-1.77498e+03 -1.77983e+03 -2.60098e+03 
-1.45467e+03 -1.60787e+03 -2.59607e+03 
-1.02078e+03 -1.67356e+03 -2.60932e+03 
-6.73818e+02 -1.58807e+03 -2.62372e+03 
-3.55412e+02 -1.48698e+03 -2.65182e+03 
-1.44421e+02 -1.37793e+03 -2.62023e+03 
 1.31651e+02 -1.28472e+03 -2.62500e+03 
 2.93175e+02 -1.19782e+03 -2.63445e+03 
 4.40136e+02 -1.11149e+03 -2.58074e+03 
 5.45256e+02 -1.04433e+03 -2.56161e+03 
 6.18798e+02 -9.51396e+02 -2.53964e+03 
-8.07948e+01  2.00373e+01  1.78731e+02 
-1.03513e+02  1.78277e+01  1.66808e+02 
-8.92462e+01  4.90266e+01  1.89980e+02 
-6.78650e+01  9.14960e+01  2.23363e+02 
-4.50879e+01  1.37915e+02  2.57530e+02 
-3.35934e+01  1.62566e+02  2.74472e+02 
-2.50653e+01  1.85810e+02  2.90028e+02 
-3.16709e+01  1.96778e+02  2.92315e+02 
-3.68171e+01  2.09130e+02  2.94842e+02 
 2.11881e+00  2.62980e+02  3.37626e+02 
 2.74121e+01  3.05850e+02  3.68845e+02 
 4.85124e+01  3.45785e+02  3.96121e+02 
 4.16286e+01  3.60792e+02  3.96624e+02 
 6.49333e+01  4.02219e+02  4.23089e+02 
 6.54558e+01  4.23567e+02  4.28020e+02 
 7.11165e+01  4.48135e+02  4.34756e+02 
 1.95196e+01  4.25313e+02  3.90495e+02 
 5.96806e+01  4.73927e+02  4.20490e+02 
 6.05509e+01  4.88835e+02  4.13914e+02 
 6.08594e+01  5.00946e+02  4.03164e+02 
 7.28987e+01  5.17908e+02  3.97232e+02 
 5.50462e+01  5.08212e+02  3.62044e+02 
 4.34564e+01  4.97444e+02  3.26845e+02 
-3.89753e+00  4.52850e+02  2.53818e+02 
 5.34482e+01  4.91085e+02  2.75668e+02 
 5.32808e+01  4.79896e+02  2.43159e+02 
 5.41502e+01  4.66519e+02  2.10790e+02 
 4.00943e+01  4.36102e+02  1.63511e+02 
 3.28160e+01  4.10969e+02  1.25393e+02 
 3.38719e+01  3.89841e+02  9.83512e+01 
 2.21893e+01  3.57200e+02  6.27963e+01 
-3.89651e+00  3.11132e+02  1.64701e+01 
-2.36439e+01  2.70236e+02 -1.85054e+01 
-1.04269e+01  2.60537e+02 -1.41772e+01 
-4.35526e+01  2.08204e+02 -5.46369e+01 
-3.17067e+01  1.98118e+02 -4.47060e+01 
-4.15731e+01  1.69217e+02 -5.45940e+01 
-5.85807e+01  1.33975e+02 -7.04338e+01 
-5.86345e+01  1.16544e+02 -6.74546e+01 
-6.93331e+01  8.99417e+01 -7.40719e+01 
-6.00930e+01  8.50424e+01 -5.98351e+01 
-7.56853e+01  5.64295e+01 -7.19450e+01 
-8.91268e+01  3.07927e+01 -8.21006e+01 
-1.17771e+02 -9.02018e+00 -1.07486e+02 
-1.41478e+02 -5.30928e+01 -1.25795e+02 
-2.02037e+02 -1.30912e+02 -1.82133e+02 
-2.34430e+02 -1.77946e+02 -2.10728e+02 
-2.66332e+02 -2.28492e+02 -2.36695e+02 
-1.90916e+02 -2.06639e+02 -1.02621e+01 
-2.18040e+02 -2.55985e+02 -5.01017e+01 
-2.35756e+02 -2.93518e+02 -8.11133e+01 
-2.56272e+02 -3.38004e+02 -1.18059e+02 
-2.93770e+02 -4.05767e+02 -1.77045e+02 
-3.06456e+02 -4.35524e+02 -2.02626e+02 
-3.24259e+02 -4.72380e+02 -2.34906e+02 
-3.55575e+02 -5.24520e+02 -2.81187e+02 
-3.79331e+02 -5.71292e+02 -3.23488e+02 
-4.20085e+02 -6.39463e+02 -3.85589e+02 
-4.51372e+02 -7.00070e+02 -4.40021e+02 
-4.61831e+02 -7.40748e+02 -4.76504e+02 
-4.99310e+02 -8.13075e+02 -5.43947e+02 
-5.27929e+02 -8.76392e+02 -6.04183e+02 
-5.47840e+02 -9.30355e+02 -6.57145e+02 
-6.01119e+02 -1.02194e+03 -7.47944e+02 
-6.37922e+02 -1.09574e+03 -8.23053e+02 
-6.62182e+02 -1.15161e+03 -8.85811e+02 
-6.90056e+02 -1.21007e+03 -9.53519e+02 
-7.30843e+02 -1.27895e+03 -1.03520e+03 
-7.63079e+02 -1.33114e+03 -1.10604e+03 
-7.78073e+02 -1.35843e+03 -1.15619e+03 
-8.06937e+02 -1.39525e+03 -1.21938e+03 
-8.07347e+02 -1.39139e+03 -1.24670e+03 
-8.05186e+02 -1.38164e+03 -1.27036e+03 
-7.86644e+02 -1.35019e+03 -1.27285e+03 
-7.59652e+02 -1.30263e+03 -1.25951e+03 
-7.53882e+02 -1.27506e+03 -1.26440e+03 
-6.93360e+02 -1.18328e+03 -1.19991e+03 
-6.67662e+02 -1.12805e+03 -1.16954e+03 
-6.25814e+02 -1.05444e+03 -1.11451e+03 
-5.87734e+02 -9.84599e+02 -1.05825e+03 
-5.79652e+02 -9.47084e+02 -1.03072e+03 
-5.36300e+02 -8.72193e+02 -9.59279e+02 
-5.05398e+02 -8.13357e+02 -8.99849e+02 
-4.66738e+02 -7.42846e+02 -8.25336e+02 
-4.30435e+02 -6.81190e+02 -7.57559e+02 
-4.20892e+02 -6.47394e+02 -7.17191e+02 
-4.07259e+02 -6.10874e+02 -6.73240e+02 
-3.62673e+02 -5.45264e+02 -5.99188e+02 
-3.48723e+02 -5.13786e+02 -5.60572e+02 
-3.45630e+02 -4.94679e+02 -5.35087e+02 
-3.18146e+02 -4.52483e+02 -4.86283e+02 
-3.13949e+02 -4.34516e+02 -4.63730e+02 
-3.03461e+02 -3.99680e+02 -4.20936e+02 
-2.53986e+02 -3.32181e+02 -3.48329e+02 
-2.62047e+02 -3.23796e+02 -3.38450e+02 
-2.45602e+02 -2.88894e+02 -3.04045e+02 
-9.28369e+01  7.92453e+00  1.65694e+02 
-5.31078e+01  1.30576e+02  2.49764e+02 
 3.55708e+01  3.14062e+02  3.76933e+02 
 6.23390e+01  4.22461e+02  4.27109e+02 
 7.28315e+01  4.87504e+02  4.34698e+02 
 7.82274e+01  5.18442e+02  4.22182e+02 
 7.07360e+01  5.23827e+02  3.80719e+02 
 7.38665e+01  5.19925e+02  3.31211e+02 
 5.16772e+01  4.93627e+02  2.80545e+02 
 6.05594e+01  4.74815e+02  2.23650e+02 
 2.54785e+01  4.07401e+02  1.25701e+02 
 2.11084e+01  3.59085e+02  6.93738e+01 
-1.68290e+01  2.56207e+02 -1.41960e+01 
-3.37535e+01  1.58564e+02 -4.06634e+01 
-1.11655e+02 -3.11157e+00 -1.00297e+02 
-2.49874e+02 -2.13285e+02 -2.22649e+02 
-1.97577e+02 -2.12817e+02 -1.50122e+01 
-2.89723e+02 -4.02318e+02 -1.74271e+02 
-4.14824e+02 -6.62338e+02 -4.06390e+02 
-5.62416e+02 -9.49744e+02 -6.77516e+02 
-6.63426e+02 -1.15630e+03 -8.93725e+02 
-7.22646e+02 -1.27329e+03 -1.03353e+03 
-7.79827e+02 -1.36485e+03 -1.16542e+03 
-8.00577e+02 -1.38811e+03 -1.24669e+03 
-7.94558e+02 -1.37363e+03 -1.26573e+03 
-7.64858e+02 -1.31046e+03 -1.26948e+03 
-7.06802e+02 -1.20002e+03 -1.21885e+03 
-6.38134e+02 -1.06805e+03 -1.12933e+03 
-5.25145e+02 -8.60649e+02 -9.46494e+02 
-4.07485e+02 -6.33441e+02 -7.03183e+02 
-2.97828e+02 -4.18409e+02 -4.48033e+02 
-2.38414e+02 -2.80558e+02 -2.95524e+02 
 4.40838e+03  4.38281e+03  4.10396e+03 
 4.40775e+03  4.38164e+03  4.05568e+03 
 4.40936e+03  4.38340e+03  3.93973e+03 
 4.40735e+03  4.37995e+03  3.85629e+03 
 4.40909e+03  4.37911e+03  3.77848e+03 
 4.40517e+03  4.36931e+03  3.70119e+03 
 4.40886e+03  4.35671e+03  3.65037e+03 
 4.40610e+03  4.33369e+03  3.60182e+03 
 4.41020e+03  4.30890e+03  3.56264e+03 
 4.40767e+03  4.29480e+03  3.54376e+03 
 4.41040e+03  4.27969e+03  3.52791e+03 
 4.40748e+03  4.25857e+03  3.50696e+03 
 4.41124e+03  4.23574e+03  3.48429e+03 
 4.40706e+03  4.20883e+03  3.46900e+03 
 4.40893e+03  4.17581e+03  3.43239e+03 
 4.40681e+03  4.14737e+03  3.42902e+03 
 4.40868e+03  4.11556e+03  3.41249e+03 
 4.40524e+03  4.08431e+03  3.38138e+03 
 4.40918e+03  4.05753e+03  3.36956e+03 
 4.40676e+03  4.03111e+03  3.35340e+03 
 4.40952e+03  4.00579e+03  3.34114e+03 
 4.40499e+03  3.96769e+03  3.31029e+03 
 4.40825e+03  3.95422e+03  3.27862e+03 
 4.40578e+03  3.92726e+03  3.27084e+03 
 4.40668e+03  3.90875e+03  3.25421e+03 
 4.40686e+03  3.90264e+03  3.23594e+03 
 4.40779e+03  3.88876e+03  3.22761e+03 
 4.40725e+03  3.87883e+03  3.20883e+03 
 4.40761e+03  3.87720e+03  3.20094e+03 
 4.40624e+03  3.87397e+03  3.18958e+03 
 4.40731e+03  3.87650e+03  3.15126e+03 
 4.40496e+03  3.87803e+03  3.14226e+03 
 4.40725e+03  3.88694e+03  3.13062e+03 
 4.40638e+03  3.89652e+03  3.12679e+03 
 4.40433e+03  3.91168e+03  3.09521e+03 
 4.39981e+03  3.92025e+03  3.07739e+03 
 4.39304e+03  3.93283e+03  3.06904e+03 
 4.37926e+03  3.94742e+03  3.07088e+03 
 4.35832e+03  3.95949e+03  3.04533e+03 
 4.32359e+03  3.96962e+03  3.02544e+03 
 4.29339e+03  3.97826e+03  3.01624e+03 
 4.23473e+03  3.99296e+03  3.02046e+03 
 4.17980e+03  4.00543e+03  3.01070e+03 
 4.11880e+03  4.01558e+03  2.98057e+03 
 4.04300e+03  4.02360e+03  2.96715e+03 
 4.00313e+03  4.03080e+03  2.98620e+03 
 3.95011e+03  4.03867e+03  2.98031e+03 
 3.91000e+03  4.04520e+03  2.95180e+03 
 3.87522e+03  4.05055e+03  2.94454e+03 
 3.86646e+03  4.05499e+03  2.94306e+03 
 3.87130e+03  4.05873e+03  2.93293e+03 
 3.89434e+03  4.05830e+03  2.91808e+03 
 3.92939e+03  4.06335e+03  2.91712e+03 
 3.97040e+03  4.06871e+03  2.93498e+03 
 4.02893e+03  4.07006e+03  2.90810e+03 
 4.08756e+03  4.06753e+03  2.91142e+03 
 4.14081e+03  4.06886e+03  2.89616e+03 
 4.19424e+03  4.07647e+03  2.89772e+03 
 4.25627e+03  4.07308e+03  2.89782e+03 
 4.29616e+03  4.07790e+03  2.90631e+03 
 4.33295e+03  4.08026e+03  2.90421e+03 
 4.35828e+03  4.08302e+03  2.89858e+03 
 4.37609e+03  4.07851e+03  2.88813e+03 
 4.38888e+03  4.08648e+03  2.90688e+03 
 4.39967e+03  4.09145e+03  2.89971e+03 
 4.40205e+03  4.08719e+03  2.90728e+03 
 4.40337e+03  4.09186e+03  2.91074e+03 
 4.40405e+03  4.09614e+03  2.90638e+03 
 4.38352e+03  4.07502e+03  2.85717e+03 
 4.40661e+03  4.09584e+03  2.89187e+03 
 4.40280e+03  4.09419e+03  2.89491e+03 
 4.40548e+03  4.10725e+03  2.91030e+03 
 4.40774e+03  4.10542e+03  2.91094e+03 
 4.40626e+03  4.11144e+03  2.92961e+03 
 4.40755e+03  4.11640e+03  2.92788e+03 
 4.40664e+03  4.12195e+03  2.92290e+03 
 4.40460e+03  4.12354e+03  2.92606e+03 
 4.40661e+03  4.12855e+03  2.91921e+03 
 4.40456e+03  4.12965e+03  2.90347e+03 
 4.40632e+03  4.14031e+03  2.93259e+03 
 4.40501e+03  4.14573e+03  2.94443e+03 
 4.40384e+03  4.14320e+03  2.93319e+03 
 4.40526e+03  4.15210e+03  2.96758e+03 
 4.40647e+03  4.15432e+03  2.96995e+03 
 4.40462e+03  4.15590e+03  2.98005e+03 
 4.40596e+03  4.16746e+03  2.98471e+03 
 4.40528e+03  4.17252e+03  2.98275e+03 
 4.40548e+03  4.18372e+03  3.00286e+03 
 4.40450e+03  4.19750e+03  3.03904e+03 
 4.40701e+03  4.20540e+03  3.06196e+03 
 4.40393e+03  4.21433e+03  3.08771e+03 
 4.40739e+03  4.23676e+03  3.15307e+03 
 4.40577e+03  4.25024e+03  3.19115e+03 
 4.40545e+03  4.28240e+03  3.25684e+03 
 4.40462e+03  4.30833e+03  3.33518e+03 
 4.39827e+03  4.32189e+03  3.26876e+03 
 2.77545e+03  5.98855e+03  4.75534e+03 
-4.31183e+02 -1.59615e+03 -1.27518e+03 
 1.96369e+03  4.21764e+03  3.72834e+03 
 6.79878e+01 -5.27711e+02 -4.04066e+02 
 0.00000e+00  9.00000e-01  0.00000e+00  9.99540e-01 
 0.00000e+00  8.71299e-01 -1.84230e-03  9.70290e-01 
 0.00000e+00  8.48880e-01 -3.73860e-03  9.77130e-01 
 0.00000e+00  8.26542e-01 -6.47676e-03  9.83970e-01 
 0.00000e+00  7.99830e-01 -1.04112e-02  9.92160e-01 
 0.00000e+00  7.73172e-01 -1.46979e-02  1.00035e+00 
 0.00000e+00  7.42149e-01 -2.01222e-02  1.00980e+00 
 0.00000e+00  7.06761e-01 -2.67264e-02  1.02069e+00 
 0.00000e+00  6.71409e-01 -3.35484e-02  1.03149e+00 
 0.00000e+00  6.36075e-01 -4.04244e-02  1.04229e+00 
 0.00000e+00  6.00714e-01 -4.71789e-02  9.23040e-01 
 0.00000e+00  5.65308e-01 -5.36796e-02  9.33840e-01 
 0.00000e+00  5.29830e-01 -5.98023e-02  9.44730e-01 
 0.00000e+00  4.94271e-01 -6.54129e-02  9.55620e-01 
 0.00000e+00  4.58613e-01 -7.03890e-02  9.66510e-01 
 0.00000e+00  4.22865e-01 -7.45848e-02  9.77490e-01 
 0.00000e+00  3.87009e-01 -7.78491e-02  9.88470e-01 
 0.00000e+00  3.51081e-01 -8.00424e-02  9.99450e-01 
 0.00000e+00  3.15090e-01 -8.09991e-02  1.01043e+00 
 0.00000e+00  2.79099e-01 -8.05437e-02  1.02150e+00 
 0.00000e+00  2.48535e-01 -7.91271e-02  1.03086e+00 
 0.00000e+00  2.20716e-01 -7.70238e-02  1.03941e+00 
 0.00000e+00  1.95651e-01 -7.44201e-02  1.04706e+00 
 0.00000e+00  1.73340e-01 -7.14969e-02  1.05390e+00 
 0.00000e+00  1.53783e-01 -6.84324e-02  1.05984e+00 
 0.00000e+00  1.36953e-01 -6.54012e-02  1.06506e+00 
 0.00000e+00  1.22832e-01 -6.25581e-02  1.06938e+00 
 0.00000e+00  1.11411e-01 -6.00255e-02  1.07289e+00 
 0.00000e+00  1.02663e-01 -5.79258e-02  9.20880e-01 
 0.00000e+00  9.42030e-02 -5.57505e-02  9.23580e-01 
 0.00000e+00  8.60490e-02 -5.35050e-02  9.26460e-01 
 0.00000e+00  7.81929e-02 -5.11911e-02  9.29520e-01 
 0.00000e+00  7.06392e-02 -4.88106e-02  9.32760e-01 
 0.00000e+00  6.33897e-02 -4.63662e-02  9.36180e-01 
 0.00000e+00  5.64507e-02 -4.38552e-02  9.39780e-01 
 0.00000e+00  4.98267e-02 -4.12713e-02  9.43560e-01 
 0.00000e+00  4.35222e-02 -3.86172e-02  9.47430e-01 
 0.00000e+00  3.75426e-02 -3.58956e-02  9.51480e-01 
 0.00000e+00  3.18924e-02 -3.31101e-02  9.55710e-01 
 0.00000e+00  2.65734e-02 -3.02697e-02  9.60030e-01 
 0.00000e+00  2.15847e-02 -2.73915e-02  9.64440e-01 
 0.00000e+00  1.69605e-02 -2.44323e-02  9.68940e-01 
 0.00000e+00  1.27962e-02 -2.12868e-02  9.73440e-01 
 0.00000e+00  9.13770e-03 -1.79550e-02  9.77940e-01 
 0.00000e+00  5.96844e-03 -1.45125e-02  9.82530e-01 
 0.00000e+00  3.36672e-03 -1.09548e-02  9.87030e-01 
 0.00000e+00  1.47150e-03 -7.27821e-03  9.91440e-01 
 0.00000e+00  3.52197e-04 -3.57831e-03  9.95670e-01 
 0.00000e+00  0.00000e+00  0.00000e+00  9.99540e-01 
 9.00000e-01  3.52197e-04  3.57831e-03  1.00332e+00 
 9.00000e-01  1.47150e-03  7.27821e-03  1.00755e+00 
 9.00000e-01  3.36672e-03  1.09548e-02  1.01196e+00 
 9.00000e-01  5.96844e-03  1.45125e-02  1.01646e+00 
 9.00000e-01  9.13770e-03  1.79550e-02  1.02105e+00 
 9.00000e-01  1.27962e-02  2.12868e-02  1.02555e+00 
 9.00000e-01  1.69605e-02  2.44323e-02  1.03005e+00 
 9.00000e-01  2.15847e-02  2.73915e-02  1.03455e+00 
 9.00000e-01  2.65734e-02  3.02697e-02  1.03896e+00 
 9.00000e-01  3.18924e-02  3.31101e-02  1.04328e+00 
 9.00000e-01  3.75426e-02  3.58956e-02  1.04751e+00 
 9.00000e-01  4.35222e-02  3.86172e-02  1.05156e+00 
 9.00000e-01  4.98267e-02  4.12713e-02  1.05552e+00 
 9.00000e-01  5.64507e-02  4.38552e-02  1.05921e+00 
 9.00000e-01  6.33897e-02  4.63662e-02  1.06281e+00 
 9.00000e-01  7.06392e-02  4.88106e-02  1.06632e+00 
 9.00000e-01  7.81929e-02  5.11911e-02  1.06956e+00 
 9.00000e-01  8.60490e-02  5.35050e-02  1.07253e+00 
 9.00000e-01  9.42030e-02  5.57505e-02  1.07541e+00 
 9.00000e-01  1.02663e-01  5.79258e-02  1.07811e+00 
 9.00000e-01  1.11411e-01  6.00255e-02  9.26100e-01 
 9.00000e-01  1.22832e-01  6.25581e-02  9.29610e-01 
 9.00000e-01  1.36953e-01  6.54012e-02  9.33930e-01 
 9.00000e-01  1.53783e-01  6.84324e-02  9.39150e-01 
 9.00000e-01  1.73340e-01  7.14969e-02  9.45090e-01 
 9.00000e-01  1.95651e-01  7.44201e-02  9.51930e-01 
 9.00000e-01  2.20716e-01  7.70238e-02  9.59580e-01 
 9.00000e-01  2.48535e-01  7.91271e-02  9.68130e-01 
 9.00000e-01  2.79099e-01  8.05437e-02  9.77490e-01 
 9.00000e-01  3.15090e-01  8.09991e-02  9.88560e-01 
 9.00000e-01  3.51081e-01  8.00424e-02  9.99540e-01 
 9.00000e-01  3.87009e-01  7.78491e-02  1.01052e+00 
 9.00000e-01  4.22865e-01  7.45848e-02  1.02150e+00 
 9.00000e-01  4.58613e-01  7.03890e-02  1.03248e+00 
 9.00000e-01  4.94271e-01  6.54129e-02  1.04337e+00 
 9.00000e-01  5.29830e-01  5.98023e-02  1.05426e+00 
 9.00000e-01  5.65308e-01  5.36796e-02  1.06515e+00 
 9.00000e-01  6.00714e-01  4.71789e-02  1.07604e+00 
 9.00000e-01  6.36075e-01  4.04244e-02  9.56700e-01 
 9.00000e-01  6.71409e-01  3.35484e-02  9.67500e-01 
 9.00000e-01  7.06761e-01  2.67264e-02  9.78300e-01 
 9.00000e-01  7.42149e-01  2.01222e-02  9.89190e-01 
 9.00000e-01  7.73172e-01  1.46979e-02  9.98640e-01 
 9.00000e-01  7.99830e-01  1.04112e-02  1.00683e+00 
 9.00000e-01  8.26542e-01  6.47676e-03  1.01502e+00 
 9.00000e-01  8.48880e-01  3.73860e-03  1.02186e+00 
 9.00000e-01  8.71299e-01  1.84230e-03  1.02870e+00 
 0.00000e+00 -2.85000e+00 -1.50000e+00  7.27000e-01 
 0.00000e+00 -2.55000e+00 -1.50000e+00  7.27000e-01 
 0.00000e+00 -2.35000e+00 -1.50000e+00  7.27000e-01 
 0.00000e+00 -2.15000e+00 -1.50000e+00  7.27000e-01 
 0.00000e+00 -1.95000e+00 -1.50000e+00  7.27000e-01 
 0.00000e+00 -1.85000e+00 -1.50000e+00  7.27000e-01 
 0.00000e+00 -1.75000e+00 -1.50000e+00  7.27000e-01 
 0.00000e+00 -1.65000e+00 -1.50000e+00  7.27000e-01 
 0.00000e+00 -1.55000e+00 -1.50000e+00  7.27000e-01 
 0.00000e+00 -1.45000e+00 -1.50000e+00  7.27000e-01 
 0.00000e+00 -1.35000e+00 -1.50000e+00  7.27000e-01 
 0.00000e+00 -1.25000e+00 -1.50000e+00  7.27000e-01 
 0.00000e+00 -1.15000e+00 -1.50000e+00  7.27000e-01 
 0.00000e+00 -1.05000e+00 -1.50000e+00  7.27000e-01 
 0.00000e+00 -9.50000e-01 -1.50000e+00  7.27000e-01 
 0.00000e+00 -8.50000e-01 -1.50000e+00  7.27000e-01 
 0.00000e+00 -7.50000e-01 -1.50000e+00  7.27000e-01 
 0.00000e+00 -6.50000e-01 -1.50000e+00  7.27000e-01 
 0.00000e+00 -5.50000e-01 -1.50000e+00  7.27000e-01 
 0.00000e+00 -4.50000e-01 -1.50000e+00  7.27000e-01 
 0.00000e+00 -3.50000e-01 -1.50000e+00  7.27000e-01 
 0.00000e+00 -2.50000e-01 -1.50000e+00  7.27000e-01 
 0.00000e+00 -1.50000e-01 -1.50000e+00  7.27000e-01 
 0.00000e+00 -5.00000e-02 -1.50000e+00  7.27000e-01 
 0.00000e+00  5.00000e-02 -1.50000e+00  7.27000e-01 
 0.00000e+00  1.50000e-01 -1.50000e+00  7.27000e-01 
 0.00000e+00  2.50000e-01 -1.50000e+00  7.27000e-01 
 0.00000e+00  3.50000e-01 -1.50000e+00  7.27000e-01 
 0.00000e+00  4.50000e-01 -1.50000e+00  7.27000e-01 
 0.00000e+00  5.50000e-01 -1.50000e+00  7.27000e-01 
 0.00000e+00  6.50000e-01 -1.50000e+00  7.27000e-01 
 0.00000e+00  7.50000e-01 -1.50000e+00  7.27000e-01 
 0.00000e+00  8.50000e-01 -1.50000e+00  7.27000e-01 
 0.00000e+00  9.50000e-01 -1.50000e+00  7.27000e-01 
 0.00000e+00  1.05000e+00 -1.50000e+00  7.27000e-01 
 0.00000e+00  1.15000e+00 -1.50000e+00  7.27000e-01 
 0.00000e+00  1.25000e+00 -1.50000e+00  7.27000e-01 
 0.00000e+00  1.35000e+00 -1.50000e+00  7.27000e-01 
 0.00000e+00  1.45000e+00 -1.50000e+00  7.27000e-01 
 0.00000e+00  1.55000e+00 -1.50000e+00  7.27000e-01 
 0.00000e+00  1.65000e+00 -1.50000e+00  7.27000e-01 
 0.00000e+00  1.75000e+00 -1.50000e+00  7.27000e-01 
 0.00000e+00  1.85000e+00 -1.50000e+00  7.27000e-01 
 0.00000e+00  1.95000e+00 -1.50000e+00  7.27000e-01 
 0.00000e+00  2.15000e+00 -1.50000e+00  7.27000e-01 
 0.00000e+00  2.35000e+00 -1.50000e+00  7.27000e-01 
 0.00000e+00  2.55000e+00 -1.50000e+00  7.27000e-01 
 0.00000e+00  2.85000e+00 -1.50000e+00  7.27000e-01 
 1.00000e+00 -2.85000e+00  1.50000e+00  7.27000e-01 
 1.00000e+00 -2.55000e+00  1.50000e+00  7.27000e-01 
 1.00000e+00 -2.35000e+00  1.50000e+00  7.27000e-01 
 1.00000e+00 -2.15000e+00  1.50000e+00  7.27000e-01 
 1.00000e+00 -1.95000e+00  1.50000e+00  7.27000e-01 
 1.00000e+00 -1.85000e+00  1.50000e+00  7.27000e-01 
 1.00000e+00 -1.75000e+00  1.50000e+00  7.27000e-01 
 1.00000e+00 -1.65000e+00  1.50000e+00  7.27000e-01 
 1.00000e+00 -1.55000e+00  1.50000e+00  7.27000e-01 
 1.00000e+00 -1.45000e+00  1.50000e+00  7.27000e-01 
 1.00000e+00 -1.35000e+00  1.50000e+00  7.27000e-01 
 1.00000e+00 -1.25000e+00  1.50000e+00  7.27000e-01 
 1.00000e+00 -1.15000e+00  1.50000e+00  7.27000e-01 
 1.00000e+00 -1.05000e+00  1.50000e+00  7.27000e-01 
 1.00000e+00 -9.50000e-01  1.50000e+00  7.27000e-01 
 1.00000e+00 -8.50000e-01  1.50000e+00  7.27000e-01 
 1.00000e+00 -7.50000e-01  1.50000e+00  7.27000e-01 
 1.00000e+00 -6.50000e-01  1.50000e+00  7.27000e-01 
 1.00000e+00 -5.50000e-01  1.50000e+00  7.27000e-01 
 1.00000e+00 -4.50000e-01  1.50000e+00  7.27000e-01 
 1.00000e+00 -3.50000e-01  1.50000e+00  7.27000e-01 
 1.00000e+00 -2.50000e-01  1.50000e+00  7.27000e-01 
 1.00000e+00 -1.50000e-01  1.50000e+00  7.27000e-01 
 1.00000e+00 -5.00000e-02  1.50000e+00  7.27000e-01 
 1.00000e+00  5.00000e-02  1.50000e+00  7.27000e-01 
 1.00000e+00  1.50000e-01  1.50000e+00  7.27000e-01 
 1.00000e+00  2.50000e-01  1.50000e+00  7.27000e-01 
 1.00000e+00  3.50000e-01  1.50000e+00  7.27000e-01 
 1.00000e+00  4.50000e-01  1.50000e+00  7.27000e-01 
 1.00000e+00  5.50000e-01  1.50000e+00  7.27000e-01 
 1.00000e+00  6.50000e-01  1.50000e+00  7.27000e-01 
 1.00000e+00  7.50000e-01  1.50000e+00  7.27000e-01 
 1.00000e+00  8.50000e-01  1.50000e+00  7.27000e-01 
 1.00000e+00  9.50000e-01  1.50000e+00  7.27000e-01 
 1.00000e+00  1.05000e+00  1.50000e+00  7.27000e-01 
 1.00000e+00  1.15000e+00  1.50000e+00  7.27000e-01 
 1.00000e+00  1.25000e+00  1.50000e+00  7.27000e-01 
 1.00000e+00  1.35000e+00  1.50000e+00  7.27000e-01 
 1.00000e+00  1.45000e+00  1.50000e+00  7.27000e-01 
 1.00000e+00  1.55000e+00  1.50000e+00  7.27000e-01 
 1.00000e+00  1.65000e+00  1.50000e+00  7.27000e-01 
 1.00000e+00  1.75000e+00  1.50000e+00  7.27000e-01 
 1.00000e+00  1.85000e+00  1.50000e+00  7.27000e-01 
 1.00000e+00  1.95000e+00  1.50000e+00  7.27000e-01 
 1.00000e+00  2.15000e+00  1.50000e+00  7.27000e-01 
 1.00000e+00  2.35000e+00  1.50000e+00  7.27000e-01 
 1.00000e+00  2.55000e+00  1.50000e+00  7.27000e-01 
 1.00000e+00  2.85000e+00  1.50000e+00  7.27000e-01 
 2.00000e+00 -2.85000e+00 -1.50000e+00  1.26700e+00 
 2.00000e+00 -1.95000e+00 -1.50000e+00  1.26700e+00 
 2.00000e+00 -1.35000e+00 -1.50000e+00  1.26700e+00 
 2.00000e+00 -9.50000e-01 -1.50000e+00  1.26700e+00 
 2.00000e+00 -6.50000e-01 -1.50000e+00  1.26700e+00 
 2.00000e+00 -4.50000e-01 -1.50000e+00  1.26700e+00 
 2.00000e+00 -2.50000e-01 -1.50000e+00  1.26700e+00 
 2.00000e+00 -5.00000e-02 -1.50000e+00  1.26700e+00 
 2.00000e+00  5.00000e-02 -1.50000e+00  1.26700e+00 
 2.00000e+00  2.50000e-01 -1.50000e+00  1.26700e+00 
 2.00000e+00  4.50000e-01 -1.50000e+00  1.26700e+00 
 2.00000e+00  6.50000e-01 -1.50000e+00  1.26700e+00 
 2.00000e+00  9.50000e-01 -1.50000e+00  1.26700e+00 
 2.00000e+00  1.35000e+00 -1.50000e+00  1.26700e+00 
 2.00000e+00  1.95000e+00 -1.50000e+00  1.26700e+00 
 2.00000e+00  2.85000e+00 -1.50000e+00  1.26700e+00 
 3.00000e+00 -2.85000e+00  1.50000e+00  1.26700e+00 
 3.00000e+00 -1.95000e+00  1.50000e+00  1.26700e+00 
 3.00000e+00 -1.35000e+00  1.50000e+00  1.26700e+00 
 3.00000e+00 -9.50000e-01  1.50000e+00  1.26700e+00 
 3.00000e+00 -6.50000e-01  1.50000e+00  1.26700e+00 
 3.00000e+00 -4.50000e-01  1.50000e+00  1.26700e+00 
 3.00000e+00 -2.50000e-01  1.50000e+00  1.26700e+00 
 3.00000e+00 -5.00000e-02  1.50000e+00  1.26700e+00 
 3.00000e+00  5.00000e-02  1.50000e+00  1.26700e+00 
 3.00000e+00  2.50000e-01  1.50000e+00  1.26700e+00 
 3.00000e+00  4.50000e-01  1.50000e+00  1.26700e+00 
 3.00000e+00  6.50000e-01  1.50000e+00  1.26700e+00 
 3.00000e+00  9.50000e-01  1.50000e+00  1.26700e+00 
 3.00000e+00  1.35000e+00  1.50000e+00  1.26700e+00 
 3.00000e+00  1.95000e+00  1.50000e+00  1.26700e+00 
 3.00000e+00  2.85000e+00  1.50000e+00  1.26700e+00 
 0.00000e+00  0.00000e+00 -3.47500e-01  0.00000e+00 
 0.00000e+00  0.00000e+00 -3.17500e-01  0.00000e+00 
 0.00000e+00  0.00000e+00 -2.87500e-01  0.00000e+00 
 0.00000e+00  0.00000e+00 -2.67500e-01  0.00000e+00 
 0.00000e+00  0.00000e+00 -2.47500e-01  0.00000e+00 
 0.00000e+00  0.00000e+00 -2.32500e-01  0.00000e+00 
 0.00000e+00  0.00000e+00 -2.17500e-01  0.00000e+00 
 0.00000e+00  0.00000e+00 -2.07500e-01  0.00000e+00 
 0.00000e+00  0.00000e+00 -1.97500e-01  0.00000e+00 
 0.00000e+00  0.00000e+00 -1.92500e-01  0.00000e+00 
 0.00000e+00  0.00000e+00 -1.87500e-01  0.00000e+00 
 0.00000e+00  0.00000e+00 -1.82500e-01  0.00000e+00 
 0.00000e+00  0.00000e+00 -1.77500e-01  0.00000e+00 
 0.00000e+00  0.00000e+00 -1.72500e-01  0.00000e+00 
 0.00000e+00  0.00000e+00 -1.67500e-01  0.00000e+00 
 0.00000e+00  0.00000e+00 -1.62500e-01  0.00000e+00 
 0.00000e+00  0.00000e+00 -1.57500e-01  0.00000e+00 
 0.00000e+00  0.00000e+00 -1.52500e-01  0.00000e+00 
 0.00000e+00  0.00000e+00 -1.47500e-01  0.00000e+00 
 0.00000e+00  0.00000e+00 -1.42500e-01  0.00000e+00 
 0.00000e+00  0.00000e+00 -1.37500e-01  0.00000e+00 
 0.00000e+00  0.00000e+00 -1.32500e-01  0.00000e+00 
 0.00000e+00  0.00000e+00 -1.27500e-01  0.00000e+00 
 0.00000e+00  0.00000e+00 -1.22500e-01  0.00000e+00 
 0.00000e+00  0.00000e+00 -1.17500e-01  0.00000e+00 
 0.00000e+00  0.00000e+00 -1.12500e-01  0.00000e+00 
 0.00000e+00  0.00000e+00 -1.07500e-01  0.00000e+00 
 0.00000e+00  0.00000e+00 -1.02500e-01  0.00000e+00 
 0.00000e+00  0.00000e+00 -9.75000e-02  0.00000e+00 
 0.00000e+00  0.00000e+00 -9.25000e-02  0.00000e+00 
 0.00000e+00  0.00000e+00 -8.75000e-02  0.00000e+00 
 0.00000e+00  0.00000e+00 -8.25000e-02  0.00000e+00 
 0.00000e+00  0.00000e+00 -7.75000e-02  0.00000e+00 
 0.00000e+00  0.00000e+00 -7.25000e-02  0.00000e+00 
 0.00000e+00  0.00000e+00 -6.75000e-02  0.00000e+00 
 0.00000e+00  0.00000e+00 -6.25000e-02  0.00000e+00 
 0.00000e+00  0.00000e+00 -5.75000e-02  0.00000e+00 
 0.00000e+00  0.00000e+00 -5.25000e-02  0.00000e+00 
 0.00000e+00  0.00000e+00 -4.75000e-02  0.00000e+00 
 0.00000e+00  0.00000e+00 -4.25000e-02  0.00000e+00 
 0.00000e+00  0.00000e+00 -3.75000e-02  0.00000e+00 
 0.00000e+00  0.00000e+00 -3.25000e-02  0.00000e+00 
 0.00000e+00  0.00000e+00 -2.75000e-02  0.00000e+00 
 0.00000e+00  0.00000e+00 -2.25000e-02  0.00000e+00 
 0.00000e+00  0.00000e+00 -1.75000e-02  0.00000e+00 
 0.00000e+00  0.00000e+00 -1.25000e-02  0.00000e+00 
 0.00000e+00  0.00000e+00 -7.50000e-03  0.00000e+00 
 0.00000e+00  0.00000e+00 -2.50000e-03  0.00000e+00 
 0.00000e+00  0.00000e+00  2.50000e-03  0.00000e+00 
 0.00000e+00  0.00000e+00  7.50000e-03  0.00000e+00 
 0.00000e+00  0.00000e+00  1.25000e-02  0.00000e+00 
 0.00000e+00  0.00000e+00  1.75000e-02  0.00000e+00 
 0.00000e+00  0.00000e+00  2.25000e-02  0.00000e+00 
 0.00000e+00  0.00000e+00  2.75000e-02  0.00000e+00 
 0.00000e+00  0.00000e+00  3.25000e-02  0.00000e+00 
 0.00000e+00  0.00000e+00  3.75000e-02  0.00000e+00 
 0.00000e+00  0.00000e+00  4.25000e-02  0.00000e+00 
 0.00000e+00  0.00000e+00  4.75000e-02  0.00000e+00 
 0.00000e+00  0.00000e+00  5.25000e-02  0.00000e+00 
 0.00000e+00  0.00000e+00  5.75000e-02  0.00000e+00 
 0.00000e+00  0.00000e+00  6.25000e-02  0.00000e+00 
 0.00000e+00  0.00000e+00  6.75000e-02  0.00000e+00 
 0.00000e+00  0.00000e+00  7.25000e-02  0.00000e+00 
 0.00000e+00  0.00000e+00  7.75000e-02  0.00000e+00 
 0.00000e+00  0.00000e+00  8.25000e-02  0.00000e+00 
 0.00000e+00  0.00000e+00  8.75000e-02  0.00000e+00 
 0.00000e+00  0.00000e+00  9.25000e-02  0.00000e+00 
 0.00000e+00  0.00000e+00  9.75000e-02  0.00000e+00 
 0.00000e+00  0.00000e+00  1.02500e-01  0.00000e+00 
 0.00000e+00  0.00000e+00  1.07500e-01  0.00000e+00 
 0.00000e+00  0.00000e+00  1.12500e-01  0.00000e+00 
 0.00000e+00  0.00000e+00  1.17500e-01  0.00000e+00 
 0.00000e+00  0.00000e+00  1.22500e-01  0.00000e+00 
 0.00000e+00  0.00000e+00  1.27500e-01  0.00000e+00 
 0.00000e+00  0.00000e+00  1.32500e-01  0.00000e+00 
 0.00000e+00  0.00000e+00  1.37500e-01  0.00000e+00 
 0.00000e+00  0.00000e+00  1.42500e-01  0.00000e+00 
 0.00000e+00  0.00000e+00  1.47500e-01  0.00000e+00 
 0.00000e+00  0.00000e+00  1.52500e-01  0.00000e+00 
 0.00000e+00  0.00000e+00  1.57500e-01  0.00000e+00 
 0.00000e+00  0.00000e+00  1.62500e-01  0.00000e+00 
 0.00000e+00  0.00000e+00  1.67500e-01  0.00000e+00 
 0.00000e+00  0.00000e+00  1.72500e-01  0.00000e+00 
 0.00000e+00  0.00000e+00  1.77500e-01  0.00000e+00 
 0.00000e+00  0.00000e+00  1.82500e-01  0.00000e+00 
 0.00000e+00  0.00000e+00  1.87500e-01  0.00000e+00 
 0.00000e+00  0.00000e+00  1.92500e-01  0.00000e+00 
 0.00000e+00  0.00000e+00  1.97500e-01  0.00000e+00 
 0.00000e+00  0.00000e+00  2.07500e-01  0.00000e+00 
 0.00000e+00  0.00000e+00  2.17500e-01  0.00000e+00 
 0.00000e+00  0.00000e+00  2.32500e-01  0.00000e+00 
 0.00000e+00  0.00000e+00  2.47500e-01  0.00000e+00 
 0.00000e+00  0.00000e+00  2.67500e-01  0.00000e+00 
 0.00000e+00  0.00000e+00  2.87500e-01  0.00000e+00 
 0.00000e+00  0.00000e+00  3.17500e-01  0.00000e+00 
 0.00000e+00  0.00000e+00  3.47500e-01  0.00000e+00 
