 2.97208e+00  7.97105e+00  1.49683e+01 
 8.45301e+01  8.40798e+01  8.43833e+01 
 1.30121e+01  1.46587e+01  1.46136e+01 
 5.30441e+06  5.22292e+06  5.24640e+06 
 4.43343e+03  4.36149e+03  4.39638e+03 
 1.02281e+05  1.02289e+05  1.02302e+05 
 5.57248e+02  4.31115e+02 -1.78221e+03 
 9.62837e+02  1.00235e+03 -4.65705e+01 
 9.40348e+02  1.03436e+03  2.16063e+02 
 8.46073e+02  9.81106e+02  3.10576e+02 
 6.97364e+02  8.77734e+02  3.40705e+02 
 5.81836e+02  8.12355e+02  4.10897e+02 
 4.10285e+02  6.95379e+02  4.23067e+02 
 1.88606e+02  5.40556e+02  3.38657e+02 
-3.09367e+01  3.94750e+02  2.95004e+02 
-2.71456e+02  2.34389e+02  2.45355e+02 
-5.27139e+02  7.14688e+01  1.71746e+02 
-7.67833e+02 -4.73637e+01  1.30282e+02 
-9.87512e+02 -2.78274e+02  1.01311e+02 
-1.16531e+03 -3.88066e+02  9.34837e+01 
-1.53457e+03 -4.97168e+02  1.00186e+02 
-1.70742e+03 -5.74301e+02  1.51624e+02 
-1.86058e+03 -6.08396e+02  2.49561e+02 
-1.97076e+03 -5.86876e+02  4.04286e+02 
-2.03389e+03 -5.14909e+02  6.09016e+02 
-1.93768e+03 -3.02379e+02  9.34055e+02 
-1.81492e+03 -7.58720e+01  1.24826e+03 
-1.68728e+03  1.54293e+02  1.55927e+03 
-1.53517e+03  4.00047e+02  1.87021e+03 
-1.35035e+03  6.67374e+02  2.18519e+03 
-1.17116e+03  9.22749e+02  2.47634e+03 
-9.81861e+02  1.18084e+03  2.75379e+03 
-8.21569e+02  1.40530e+03  2.99152e+03 
-6.71914e+02  1.60897e+03  3.19823e+03 
-5.43225e+02  1.78014e+03  3.35535e+03 
-3.83624e+02  1.96658e+03  3.52054e+03 
-2.27272e+02  2.15868e+03  3.68828e+03 
-7.24279e+01  2.34862e+03  3.84658e+03 
 1.00616e+02  2.55307e+03  4.00228e+03 
 2.85925e+02  2.76185e+03  4.14637e+03 
 5.02277e+02  2.98516e+03  4.27782e+03 
 7.31497e+02  3.21275e+03  4.38647e+03 
 9.92490e+02  3.44575e+03  4.46355e+03 
 1.28718e+03  3.68189e+03  4.49323e+03 
 1.59076e+03  3.90171e+03  4.46160e+03 
 1.93437e+03  4.11303e+03  4.33340e+03 
 2.25390e+03  4.28112e+03  4.05679e+03 
 2.61766e+03  4.39249e+03  3.51831e+03 
 3.09523e+03  4.38322e+03  2.60987e+03 
 3.60919e+03  4.15441e+03  1.18953e+03 
 4.07427e+03  3.53747e+03 -1.10059e+03 
 4.39549e+03  2.29396e+03 -4.69060e+03 
 4.41977e+03  1.19641e+02 -9.83426e+03 
 3.96969e+03 -2.74482e+03 -1.56561e+04 
 2.99757e+03 -6.06389e+03 -2.16992e+04 
 1.53279e+03 -9.45208e+03 -2.70333e+04 
-1.53887e+02 -1.24070e+04 -3.09903e+04 
-1.55269e+03 -1.36896e+04 -3.10146e+04 
-2.57067e+03 -1.40298e+04 -2.93766e+04 
-3.25286e+03 -1.37960e+04 -2.74976e+04 
-3.96591e+03 -1.38341e+04 -2.62402e+04 
-4.24456e+03 -1.31648e+04 -2.28669e+04 
-4.13759e+03 -1.22335e+04 -2.02085e+04 
-4.09403e+03 -1.16350e+04 -1.85412e+04 
-4.16473e+03 -1.03105e+04 -1.72711e+04 
-4.24703e+03 -1.00538e+04 -1.62975e+04 
-4.33102e+03 -9.89567e+03 -1.54380e+04 
-4.38756e+03 -9.63670e+03 -1.46270e+04 
-4.42263e+03 -9.37500e+03 -1.38941e+04 
-4.42447e+03 -9.08291e+03 -1.31788e+04 
-4.43420e+03 -8.85488e+03 -1.25780e+04 
-4.44448e+03 -8.62646e+03 -1.20035e+04 
-4.44678e+03 -8.41723e+03 -1.14844e+04 
-4.45055e+03 -8.21818e+03 -1.09927e+04 
-4.45089e+03 -8.03161e+03 -1.05372e+04 
-4.44248e+03 -7.84520e+03 -9.91489e+03 
-4.43230e+03 -7.63967e+03 -9.39822e+03 
-4.41707e+03 -7.42800e+03 -8.83790e+03 
-4.41079e+03 -7.18408e+03 -8.21819e+03 
-4.40715e+03 -6.96450e+03 -7.59789e+03 
-4.38260e+03 -6.71086e+03 -6.90747e+03 
-4.32986e+03 -6.43852e+03 -6.16172e+03 
-4.27117e+03 -6.16909e+03 -5.34367e+03 
-4.19368e+03 -5.89724e+03 -4.42117e+03 
-4.08807e+03 -5.53893e+03 -3.31635e+03 
-3.69529e+03 -5.05557e+03 -2.48304e+03 
-3.42802e+03 -4.54114e+03 -2.13048e+03 
-3.08910e+03 -4.02090e+03 -2.03419e+03 
-2.71156e+03 -3.49076e+03 -2.02179e+03 
-2.32731e+03 -2.97369e+03 -2.03969e+03 
-1.94007e+03 -2.47305e+03 -2.06776e+03 
-1.56765e+03 -2.00856e+03 -2.10271e+03 
-1.28872e+03 -1.62858e+03 -2.11743e+03 
-8.62725e+02 -1.18342e+03 -2.03762e+03 
-5.33399e+02 -8.21922e+02 -2.05430e+03 
-2.19451e+02 -5.05933e+02 -2.08512e+03 
-4.70106e+01 -2.76496e+02 -2.05769e+03 
 2.65501e+02 -5.00421e+01 -2.06345e+03 
 4.26250e+02  1.00129e+02 -2.07225e+03 
 5.75717e+02  2.31546e+02 -2.02705e+03 
 6.82065e+02  3.28878e+02 -2.00333e+03 
 7.40866e+02  4.13695e+02 -1.96439e+03 
-1.02723e+02 -4.67134e+01  6.12229e+01 
-1.32301e+02 -5.94099e+01  5.74990e+01 
-1.24257e+02 -3.70435e+01  8.81541e+01 
-1.09429e+02 -6.00955e+00  1.30280e+02 
-9.51572e+01  2.84825e+01  1.75693e+02 
-8.86910e+01  4.65954e+01  1.99582e+02 
-8.56936e+01  6.22764e+01  2.22230e+02 
-9.92182e+01  6.44092e+01  2.32149e+02 
-1.11017e+02  6.82455e+01  2.43037e+02 
-7.75554e+01  1.14430e+02  2.95959e+02 
-5.80581e+01  1.48117e+02  3.37668e+02 
-4.33027e+01  1.78804e+02  3.76306e+02 
-5.86023e+01  1.83266e+02  3.88959e+02 
-4.20701e+01  2.15625e+02  4.28425e+02 
-4.97403e+01  2.27190e+02  4.47140e+02 
-5.19054e+01  2.42832e+02  4.68378e+02 
-1.15255e+02  2.06509e+02  4.41695e+02 
-7.85465e+01  2.51725e+02  4.87033e+02 
-8.44012e+01  2.60544e+02  4.97787e+02 
-8.98534e+01  2.67895e+02  5.04953e+02 
-8.03316e+01  2.83574e+02  5.17405e+02 
-1.02604e+02  2.71078e+02  5.01984e+02 
-1.15801e+02  2.61645e+02  4.85613e+02 
-1.65281e+02  2.17058e+02  4.33853e+02 
-1.01893e+02  2.65971e+02  4.68727e+02 
-9.85952e+01  2.61433e+02  4.52311e+02 
-9.26920e+01  2.56120e+02  4.34433e+02 
-1.00973e+02  2.34848e+02  3.99539e+02 
-1.02274e+02  2.19427e+02  3.71273e+02 
-9.31424e+01  2.09933e+02  3.48365e+02 
-9.72820e+01  1.88239e+02  3.14647e+02 
-1.16582e+02  1.52724e+02  2.68032e+02 
-1.28395e+02  1.22724e+02  2.28069e+02 
-1.06466e+02  1.24207e+02  2.21091e+02 
-1.33016e+02  8.18159e+01  1.70620e+02 
-1.12998e+02  8.21877e+01  1.64336e+02 
-1.16150e+02  6.29874e+01  1.39068e+02 
-1.26606e+02  3.70626e+01  1.07212e+02 
-1.20776e+02  2.80738e+01  9.33865e+01 
-1.25481e+02  9.29783e+00  7.02566e+01 
-1.10703e+02  1.14066e+01  6.89599e+01 
-1.21309e+02 -1.06997e+01  4.29993e+01 
-1.30246e+02 -3.03137e+01  1.97525e+01 
-1.54993e+02 -6.45351e+01 -1.78634e+01 
-1.71384e+02 -9.87222e+01 -5.77288e+01 
-2.25788e+02 -1.68081e+02 -1.32645e+02 
-2.52221e+02 -2.08805e+02 -1.77561e+02 
-2.75704e+02 -2.53102e+02 -2.25689e+02 
-1.75554e+02 -2.10580e+02 -1.66423e+02 
-1.95656e+02 -2.47979e+02 -2.15489e+02 
-2.07167e+02 -2.74790e+02 -2.53215e+02 
-2.20165e+02 -3.06061e+02 -2.97997e+02 
-2.48569e+02 -3.57305e+02 -3.66131e+02 
-2.56383e+02 -3.77539e+02 -3.96111e+02 
-2.68728e+02 -4.03847e+02 -4.33468e+02 
-2.94155e+02 -4.44349e+02 -4.86311e+02 
-3.11557e+02 -4.78276e+02 -5.33820e+02 
-3.44711e+02 -5.30928e+02 -6.03123e+02 
-3.67061e+02 -5.75317e+02 -6.64816e+02 
-3.68519e+02 -5.98728e+02 -7.06379e+02 
-3.96505e+02 -6.51196e+02 -7.80795e+02 
-4.15160e+02 -6.95227e+02 -8.45983e+02 
-4.25799e+02 -7.29566e+02 -9.01936e+02 
-4.68615e+02 -7.98766e+02 -9.96693e+02 
-4.95425e+02 -8.50973e+02 -1.07376e+03 
-5.11114e+02 -8.88251e+02 -1.13338e+03 
-5.31466e+02 -9.28655e+02 -1.19562e+03 
-5.64910e+02 -9.80741e+02 -1.26953e+03 
-5.92319e+02 -1.02066e+03 -1.32733e+03 
-6.04528e+02 -1.04028e+03 -1.36004e+03 
-6.32464e+02 -1.07205e+03 -1.40262e+03 
-6.34036e+02 -1.06913e+03 -1.40477e+03 
-6.34389e+02 -1.06279e+03 -1.40154e+03 
-6.19612e+02 -1.03812e+03 -1.37572e+03 
-5.98238e+02 -1.00162e+03 -1.33354e+03 
-5.99208e+02 -9.85154e+02 -1.31115e+03 
-5.47184e+02 -9.10625e+02 -1.22209e+03 
-5.30269e+02 -8.71685e+02 -1.17008e+03 
-4.97435e+02 -8.16218e+02 -1.09729e+03 
-4.68794e+02 -7.63965e+02 -1.02802e+03 
-4.69702e+02 -7.42367e+02 -9.91073e+02 
-4.35419e+02 -6.85226e+02 -9.14718e+02 
-4.13049e+02 -6.41283e+02 -8.54016e+02 
-3.83699e+02 -5.88869e+02 -7.80501e+02 
-3.54624e+02 -5.41736e+02 -7.15961e+02 
-3.52804e+02 -5.21327e+02 -6.80033e+02 
-3.46571e+02 -4.97774e+02 -6.41364e+02 
-3.07917e+02 -4.44101e+02 -5.72606e+02 
-2.99042e+02 -4.22560e+02 -5.39233e+02 
-3.00523e+02 -4.12325e+02 -5.18654e+02 
-2.77375e+02 -3.78476e+02 -4.74948e+02 
-2.77475e+02 -3.68237e+02 -4.56008e+02 
-2.74614e+02 -3.46557e+02 -4.19439e+02 
-2.30693e+02 -2.88948e+02 -3.50452e+02 
-2.44725e+02 -2.88960e+02 -3.42243e+02 
-2.35068e+02 -2.63027e+02 -3.06244e+02 
-1.14670e+02 -5.86229e+01  4.86265e+01 
-1.03742e+02  2.08331e+01  1.68566e+02 
-4.94117e+01  1.56293e+02  3.46713e+02 
-5.30482e+01  2.24675e+02  4.47826e+02 
-6.56337e+01  2.64318e+02  5.03711e+02 
-7.12319e+01  2.84510e+02  5.26735e+02 
-8.59213e+01  2.85885e+02  5.22697e+02 
-8.24092e+01  2.87932e+02  5.09043e+02 
-1.04006e+02  2.64881e+02  4.77137e+02 
-8.58983e+01  2.62011e+02  4.49592e+02 
-1.09899e+02  2.12388e+02  3.74779e+02 
-9.83595e+01  1.87386e+02  3.23313e+02 
-1.13322e+02  1.17967e+02  2.22331e+02 
-1.01492e+02  6.10011e+01  1.35638e+02 
-1.48748e+02 -5.85206e+01 -1.11840e+01 
-2.58955e+02 -2.36742e+02 -2.13698e+02 
-1.82601e+02 -2.17115e+02 -1.72780e+02 
-2.44807e+02 -3.53172e+02 -3.63297e+02 
-3.31174e+02 -5.37605e+02 -6.28958e+02 
-4.39224e+02 -7.44832e+02 -9.25480e+02 
-5.12735e+02 -8.89561e+02 -1.14342e+03 
-5.57181e+02 -9.71962e+02 -1.26983e+03 
-6.05714e+02 -1.04224e+03 -1.37227e+03 
-6.27268e+02 -1.06277e+03 -1.40728e+03 
-6.24142e+02 -1.05255e+03 -1.39842e+03 
-6.03287e+02 -1.00696e+03 -1.34551e+03 
-5.60111e+02 -9.25199e+02 -1.24227e+03 
-5.09864e+02 -8.28244e+02 -1.11343e+03 
-4.24525e+02 -6.73729e+02 -9.03095e+02 
-3.39264e+02 -5.08164e+02 -6.65815e+02 
-2.60698e+02 -3.52251e+02 -4.39569e+02 
-2.27618e+02 -2.56048e+02 -2.96313e+02 
 4.44906e+03  4.37996e+03  4.45375e+03 
 4.44892e+03  4.37906e+03  4.45923e+03 
 4.45107e+03  4.38076e+03  4.45995e+03 
 4.44959e+03  4.37865e+03  4.45762e+03 
 4.45100e+03  4.38003e+03  4.45671e+03 
 4.44743e+03  4.37547e+03  4.44946e+03 
 4.45014e+03  4.37888e+03  4.44401e+03 
 4.44798e+03  4.37611e+03  4.43688e+03 
 4.45146e+03  4.38008e+03  4.43150e+03 
 4.44904e+03  4.37785e+03  4.42730e+03 
 4.45130e+03  4.38024e+03  4.42636e+03 
 4.44884e+03  4.37763e+03  4.41951e+03 
 4.45166e+03  4.38152e+03  4.41698e+03 
 4.44826e+03  4.37758e+03  4.40870e+03 
 4.44958e+03  4.37958e+03  4.39968e+03 
 4.44803e+03  4.37733e+03  4.39271e+03 
 4.44927e+03  4.37951e+03  4.38504e+03 
 4.44647e+03  4.37627e+03  4.37544e+03 
 4.44964e+03  4.38002e+03  4.37307e+03 
 4.44792e+03  4.37788e+03  4.36359e+03 
 4.45018e+03  4.38064e+03  4.35625e+03 
 4.44642e+03  4.37611e+03  4.33878e+03 
 4.44929e+03  4.37973e+03  4.33072e+03 
 4.44777e+03  4.37694e+03  4.31664e+03 
 4.44802e+03  4.37832e+03  4.30485e+03 
 4.44879e+03  4.37821e+03  4.29518e+03 
 4.44893e+03  4.37894e+03  4.28779e+03 
 4.44944e+03  4.37827e+03  4.27241e+03 
 4.44871e+03  4.37871e+03  4.26246e+03 
 4.44826e+03  4.37699e+03  4.24522e+03 
 4.44859e+03  4.37806e+03  4.22607e+03 
 4.44750e+03  4.37451e+03  4.21410e+03 
 4.44941e+03  4.37600e+03  4.20438e+03 
 4.44906e+03  4.37259e+03  4.18857e+03 
 4.44873e+03  4.36703e+03  4.16825e+03 
 4.44717e+03  4.35954e+03  4.14837e+03 
 4.44407e+03  4.34902e+03  4.13567e+03 
 4.43627e+03  4.33009e+03  4.12484e+03 
 4.42185e+03  4.30966e+03  4.10523e+03 
 4.39254e+03  4.27562e+03  4.08319e+03 
 4.36292e+03  4.24752e+03  4.06966e+03 
 4.30189e+03  4.19601e+03  4.05840e+03 
 4.24303e+03  4.15233e+03  4.03268e+03 
 4.17107e+03  4.09908e+03  4.00955e+03 
 4.08591e+03  4.03257e+03  3.98710e+03 
 4.04342e+03  3.99787e+03  3.99024e+03 
 3.99012e+03  3.94856e+03  3.96436e+03 
 3.95145e+03  3.89957e+03  3.93995e+03 
 3.93447e+03  3.84994e+03  3.91308e+03 
 3.94354e+03  3.82421e+03  3.90393e+03 
 3.97788e+03  3.80241e+03  3.89090e+03 
 4.02146e+03  3.79121e+03  3.85716e+03 
 4.08597e+03  3.79088e+03  3.83738e+03 
 4.14572e+03  3.80453e+03  3.82604e+03 
 4.21827e+03  3.82739e+03  3.80560e+03 
 4.27915e+03  3.85680e+03  3.78171e+03 
 4.33049e+03  3.89122e+03  3.75788e+03 
 4.37091e+03  3.93365e+03  3.73691e+03 
 4.40846e+03  3.99186e+03  3.71921e+03 
 4.42535e+03  4.03612e+03  3.69296e+03 
 4.43732e+03  4.08838e+03  3.67502e+03 
 4.44275e+03  4.13427e+03  3.65406e+03 
 4.44595e+03  4.17599e+03  3.64325e+03 
 4.44685e+03  4.21421e+03  3.61416e+03 
 4.44942e+03  4.25829e+03  3.58830e+03 
 4.44801e+03  4.28619e+03  3.57146e+03 
 4.44768e+03  4.31150e+03  3.55311e+03 
 4.44677e+03  4.33121e+03  3.54381e+03 
 4.42628e+03  4.32690e+03  3.49555e+03 
 4.44834e+03  4.35865e+03  3.50956e+03 
 4.44532e+03  4.36161e+03  3.48765e+03 
 4.44671e+03  4.37000e+03  3.45956e+03 
 4.44933e+03  4.37402e+03  3.43750e+03 
 4.44715e+03  4.37502e+03  3.42409e+03 
 4.44909e+03  4.37604e+03  3.41304e+03 
 4.44724e+03  4.37627e+03  3.40445e+03 
 4.44557e+03  4.37445e+03  3.38865e+03 
 4.44734e+03  4.37655e+03  3.37675e+03 
 4.44627e+03  4.37418e+03  3.35894e+03 
 4.44720e+03  4.37680e+03  3.33984e+03 
 4.44568e+03  4.37536e+03  3.32185e+03 
 4.44437e+03  4.37499e+03  3.29212e+03 
 4.44656e+03  4.37586e+03  3.29500e+03 
 4.44716e+03  4.37752e+03  3.30131e+03 
 4.44568e+03  4.37558e+03  3.29408e+03 
 4.44685e+03  4.37722e+03  3.28623e+03 
 4.44703e+03  4.37605e+03  3.27182e+03 
 4.44651e+03  4.37695e+03  3.25906e+03 
 4.44598e+03  4.37571e+03  3.24943e+03 
 4.44851e+03  4.37833e+03  3.25143e+03 
 4.44583e+03  4.37489e+03  3.24110e+03 
 4.44895e+03  4.37818e+03  3.26825e+03 
 4.44749e+03  4.37616e+03  3.28711e+03 
 4.44714e+03  4.37576e+03  3.34057e+03 
 4.44655e+03  4.37477e+03  3.42168e+03 
 4.43921e+03  4.36931e+03  3.44763e+03 
 1.71713e+03  4.30187e+03  5.93277e+03 
-2.01142e+02 -8.03098e+02 -1.65152e+03 
 1.21138e+03  3.01570e+03  4.26960e+03 
 9.55189e+01 -1.57856e+02 -5.90435e+02 
 0.00000e+00  9.00000e-01  0.00000e+00  9.99540e-01 
 0.00000e+00  8.71299e-01 -1.84230e-03  9.70290e-01 
 0.00000e+00  8.48880e-01 -3.73860e-03  9.77130e-01 
 0.00000e+00  8.26542e-01 -6.47676e-03  9.83970e-01 
 0.00000e+00  7.99830e-01 -1.04112e-02  9.92160e-01 
 0.00000e+00  7.73172e-01 -1.46979e-02  1.00035e+00 
 0.00000e+00  7.42149e-01 -2.01222e-02  1.00980e+00 
 0.00000e+00  7.06761e-01 -2.67264e-02  1.02069e+00 
 0.00000e+00  6.71409e-01 -3.35484e-02  1.03149e+00 
 0.00000e+00  6.36075e-01 -4.04244e-02  1.04229e+00 
 0.00000e+00  6.00714e-01 -4.71789e-02  9.23040e-01 
 0.00000e+00  5.65308e-01 -5.36796e-02  9.33840e-01 
 0.00000e+00  5.29830e-01 -5.98023e-02  9.44730e-01 
 0.00000e+00  4.94271e-01 -6.54129e-02  9.55620e-01 
 0.00000e+00  4.58613e-01 -7.03890e-02  9.66510e-01 
 0.00000e+00  4.22865e-01 -7.45848e-02  9.77490e-01 
 0.00000e+00  3.87009e-01 -7.78491e-02  9.88470e-01 
 0.00000e+00  3.51081e-01 -8.00424e-02  9.99450e-01 
 0.00000e+00  3.15090e-01 -8.09991e-02  1.01043e+00 
 0.00000e+00  2.79099e-01 -8.05437e-02  1.02150e+00 
 0.00000e+00  2.48535e-01 -7.91271e-02  1.03086e+00 
 0.00000e+00  2.20716e-01 -7.70238e-02  1.03941e+00 
 0.00000e+00  1.95651e-01 -7.44201e-02  1.04706e+00 
 0.00000e+00  1.73340e-01 -7.14969e-02  1.05390e+00 
 0.00000e+00  1.53783e-01 -6.84324e-02  1.05984e+00 
 0.00000e+00  1.36953e-01 -6.54012e-02  1.06506e+00 
 0.00000e+00  1.22832e-01 -6.25581e-02  1.06938e+00 
 0.00000e+00  1.11411e-01 -6.00255e-02  1.07289e+00 
 0.00000e+00  1.02663e-01 -5.79258e-02  9.20880e-01 
 0.00000e+00  9.42030e-02 -5.57505e-02  9.23580e-01 
 0.00000e+00  8.60490e-02 -5.35050e-02  9.26460e-01 
 0.00000e+00  7.81929e-02 -5.11911e-02  9.29520e-01 
 0.00000e+00  7.06392e-02 -4.88106e-02  9.32760e-01 
 0.00000e+00  6.33897e-02 -4.63662e-02  9.36180e-01 
 0.00000e+00  5.64507e-02 -4.38552e-02  9.39780e-01 
 0.00000e+00  4.98267e-02 -4.12713e-02  9.43560e-01 
 0.00000e+00  4.35222e-02 -3.86172e-02  9.47430e-01 
 0.00000e+00  3.75426e-02 -3.58956e-02  9.51480e-01 
 0.00000e+00  3.18924e-02 -3.31101e-02  9.55710e-01 
 0.00000e+00  2.65734e-02 -3.02697e-02  9.60030e-01 
 0.00000e+00  2.15847e-02 -2.73915e-02  9.64440e-01 
 0.00000e+00  1.69605e-02 -2.44323e-02  9.68940e-01 
 0.00000e+00  1.27962e-02 -2.12868e-02  9.73440e-01 
 0.00000e+00  9.13770e-03 -1.79550e-02  9.77940e-01 
 0.00000e+00  5.96844e-03 -1.45125e-02  9.82530e-01 
 0.00000e+00  3.36672e-03 -1.09548e-02  9.87030e-01 
 0.00000e+00  1.47150e-03 -7.27821e-03  9.91440e-01 
 0.00000e+00  3.52197e-04 -3.57831e-03  9.95670e-01 
 0.00000e+00  0.00000e+00  0.00000e+00  9.99540e-01 
 9.00000e-01  3.52197e-04  3.57831e-03  1.00332e+00 
 9.00000e-01  1.47150e-03  7.27821e-03  1.00755e+00 
 9.00000e-01  3.36672e-03  1.09548e-02  1.01196e+00 
 9.00000e-01  5.96844e-03  1.45125e-02  1.01646e+00 
 9.00000e-01  9.13770e-03  1.79550e-02  1.02105e+00 
 9.00000e-01  1.27962e-02  2.12868e-02  1.02555e+00 
 9.00000e-01  1.69605e-02  2.44323e-02  1.03005e+00 
 9.00000e-01  2.15847e-02  2.73915e-02  1.03455e+00 
 9.00000e-01  2.65734e-02  3.02697e-02  1.03896e+00 
 9.00000e-01  3.18924e-02  3.31101e-02  1.04328e+00 
 9.00000e-01  3.75426e-02  3.58956e-02  1.04751e+00 
 9.00000e-01  4.35222e-02  3.86172e-02  1.05156e+00 
 9.00000e-01  4.98267e-02  4.12713e-02  1.05552e+00 
 9.00000e-01  5.64507e-02  4.38552e-02  1.05921e+00 
 9.00000e-01  6.33897e-02  4.63662e-02  1.06281e+00 
 9.00000e-01  7.06392e-02  4.88106e-02  1.06632e+00 
 9.00000e-01  7.81929e-02  5.11911e-02  1.06956e+00 
 9.00000e-01  8.60490e-02  5.35050e-02  1.07253e+00 
 9.00000e-01  9.42030e-02  5.57505e-02  1.07541e+00 
 9.00000e-01  1.02663e-01  5.79258e-02  1.07811e+00 
 9.00000e-01  1.11411e-01  6.00255e-02  9.26100e-01 
 9.00000e-01  1.22832e-01  6.25581e-02  9.29610e-01 
 9.00000e-01  1.36953e-01  6.54012e-02  9.33930e-01 
 9.00000e-01  1.53783e-01  6.84324e-02  9.39150e-01 
 9.00000e-01  1.73340e-01  7.14969e-02  9.45090e-01 
 9.00000e-01  1.95651e-01  7.44201e-02  9.51930e-01 
 9.00000e-01  2.20716e-01  7.70238e-02  9.59580e-01 
 9.00000e-01  2.48535e-01  7.91271e-02  9.68130e-01 
 9.00000e-01  2.79099e-01  8.05437e-02  9.77490e-01 
 9.00000e-01  3.15090e-01  8.09991e-02  9.88560e-01 
 9.00000e-01  3.51081e-01  8.00424e-02  9.99540e-01 
 9.00000e-01  3.87009e-01  7.78491e-02  1.01052e+00 
 9.00000e-01  4.22865e-01  7.45848e-02  1.02150e+00 
 9.00000e-01  4.58613e-01  7.03890e-02  1.03248e+00 
 9.00000e-01  4.94271e-01  6.54129e-02  1.04337e+00 
 9.00000e-01  5.29830e-01  5.98023e-02  1.05426e+00 
 9.00000e-01  5.65308e-01  5.36796e-02  1.06515e+00 
 9.00000e-01  6.00714e-01  4.71789e-02  1.07604e+00 
 9.00000e-01  6.36075e-01  4.04244e-02  9.56700e-01 
 9.00000e-01  6.71409e-01  3.35484e-02  9.67500e-01 
 9.00000e-01  7.06761e-01  2.67264e-02  9.78300e-01 
 9.00000e-01  7.42149e-01  2.01222e-02  9.89190e-01 
 9.00000e-01  7.73172e-01  1.46979e-02  9.98640e-01 
 9.00000e-01  7.99830e-01  1.04112e-02  1.00683e+00 
 9.00000e-01  8.26542e-01  6.47676e-03  1.01502e+00 
 9.00000e-01  8.48880e-01  3.73860e-03  1.02186e+00 
 9.00000e-01  8.71299e-01  1.84230e-03  1.02870e+00 
 0.00000e+00 -2.85000e+00 -1.50000e+00  7.27000e-01 
 0.00000e+00 -2.55000e+00 -1.50000e+00  7.27000e-01 
 0.00000e+00 -2.35000e+00 -1.50000e+00  7.27000e-01 
 0.00000e+00 -2.15000e+00 -1.50000e+00  7.27000e-01 
 0.00000e+00 -1.95000e+00 -1.50000e+00  7.27000e-01 
 0.00000e+00 -1.85000e+00 -1.50000e+00  7.27000e-01 
 0.00000e+00 -1.75000e+00 -1.50000e+00  7.27000e-01 
 0.00000e+00 -1.65000e+00 -1.50000e+00  7.27000e-01 
 0.00000e+00 -1.55000e+00 -1.50000e+00  7.27000e-01 
 0.00000e+00 -1.45000e+00 -1.50000e+00  7.27000e-01 
 0.00000e+00 -1.35000e+00 -1.50000e+00  7.27000e-01 
 0.00000e+00 -1.25000e+00 -1.50000e+00  7.27000e-01 
 0.00000e+00 -1.15000e+00 -1.50000e+00  7.27000e-01 
 0.00000e+00 -1.05000e+00 -1.50000e+00  7.27000e-01 
 0.00000e+00 -9.50000e-01 -1.50000e+00  7.27000e-01 
 0.00000e+00 -8.50000e-01 -1.50000e+00  7.27000e-01 
 0.00000e+00 -7.50000e-01 -1.50000e+00  7.27000e-01 
 0.00000e+00 -6.50000e-01 -1.50000e+00  7.27000e-01 
 0.00000e+00 -5.50000e-01 -1.50000e+00  7.27000e-01 
 0.00000e+00 -4.50000e-01 -1.50000e+00  7.27000e-01 
 0.00000e+00 -3.50000e-01 -1.50000e+00  7.27000e-01 
 0.00000e+00 -2.50000e-01 -1.50000e+00  7.27000e-01 
 0.00000e+00 -1.50000e-01 -1.50000e+00  7.27000e-01 
 0.00000e+00 -5.00000e-02 -1.50000e+00  7.27000e-01 
 0.00000e+00  5.00000e-02 -1.50000e+00  7.27000e-01 
 0.00000e+00  1.50000e-01 -1.50000e+00  7.27000e-01 
 0.00000e+00  2.50000e-01 -1.50000e+00  7.27000e-01 
 0.00000e+00  3.50000e-01 -1.50000e+00  7.27000e-01 
 0.00000e+00  4.50000e-01 -1.50000e+00  7.27000e-01 
 0.00000e+00  5.50000e-01 -1.50000e+00  7.27000e-01 
 0.00000e+00  6.50000e-01 -1.50000e+00  7.27000e-01 
 0.00000e+00  7.50000e-01 -1.50000e+00  7.27000e-01 
 0.00000e+00  8.50000e-01 -1.50000e+00  7.27000e-01 
 0.00000e+00  9.50000e-01 -1.50000e+00  7.27000e-01 
 0.00000e+00  1.05000e+00 -1.50000e+00  7.27000e-01 
 0.00000e+00  1.15000e+00 -1.50000e+00  7.27000e-01 
 0.00000e+00  1.25000e+00 -1.50000e+00  7.27000e-01 
 0.00000e+00  1.35000e+00 -1.50000e+00  7.27000e-01 
 0.00000e+00  1.45000e+00 -1.50000e+00  7.27000e-01 
 0.00000e+00  1.55000e+00 -1.50000e+00  7.27000e-01 
 0.00000e+00  1.65000e+00 -1.50000e+00  7.27000e-01 
 0.00000e+00  1.75000e+00 -1.50000e+00  7.27000e-01 
 0.00000e+00  1.85000e+00 -1.50000e+00  7.27000e-01 
 0.00000e+00  1.95000e+00 -1.50000e+00  7.27000e-01 
 0.00000e+00  2.15000e+00 -1.50000e+00  7.27000e-01 
 0.00000e+00  2.35000e+00 -1.50000e+00  7.27000e-01 
 0.00000e+00  2.55000e+00 -1.50000e+00  7.27000e-01 
 0.00000e+00  2.85000e+00 -1.50000e+00  7.27000e-01 
 1.00000e+00 -2.85000e+00  1.50000e+00  7.27000e-01 
 1.00000e+00 -2.55000e+00  1.50000e+00  7.27000e-01 
 1.00000e+00 -2.35000e+00  1.50000e+00  7.27000e-01 
 1.00000e+00 -2.15000e+00  1.50000e+00  7.27000e-01 
 1.00000e+00 -1.95000e+00  1.50000e+00  7.27000e-01 
 1.00000e+00 -1.85000e+00  1.50000e+00  7.27000e-01 
 1.00000e+00 -1.75000e+00  1.50000e+00  7.27000e-01 
 1.00000e+00 -1.65000e+00  1.50000e+00  7.27000e-01 
 1.00000e+00 -1.55000e+00  1.50000e+00  7.27000e-01 
 1.00000e+00 -1.45000e+00  1.50000e+00  7.27000e-01 
 1.00000e+00 -1.35000e+00  1.50000e+00  7.27000e-01 
 1.00000e+00 -1.25000e+00  1.50000e+00  7.27000e-01 
 1.00000e+00 -1.15000e+00  1.50000e+00  7.27000e-01 
 1.00000e+00 -1.05000e+00  1.50000e+00  7.27000e-01 
 1.00000e+00 -9.50000e-01  1.50000e+00  7.27000e-01 
 1.00000e+00 -8.50000e-01  1.50000e+00  7.27000e-01 
 1.00000e+00 -7.50000e-01  1.50000e+00  7.27000e-01 
 1.00000e+00 -6.50000e-01  1.50000e+00  7.27000e-01 
 1.00000e+00 -5.50000e-01  1.50000e+00  7.27000e-01 
 1.00000e+00 -4.50000e-01  1.50000e+00  7.27000e-01 
 1.00000e+00 -3.50000e-01  1.50000e+00  7.27000e-01 
 1.00000e+00 -2.50000e-01  1.50000e+00  7.27000e-01 
 1.00000e+00 -1.50000e-01  1.50000e+00  7.27000e-01 
 1.00000e+00 -5.00000e-02  1.50000e+00  7.27000e-01 
 1.00000e+00  5.00000e-02  1.50000e+00  7.27000e-01 
 1.00000e+00  1.50000e-01  1.50000e+00  7.27000e-01 
 1.00000e+00  2.50000e-01  1.50000e+00  7.27000e-01 
 1.00000e+00  3.50000e-01  1.50000e+00  7.27000e-01 
 1.00000e+00  4.50000e-01  1.50000e+00  7.27000e-01 
 1.00000e+00  5.50000e-01  1.50000e+00  7.27000e-01 
 1.00000e+00  6.50000e-01  1.50000e+00  7.27000e-01 
 1.00000e+00  7.50000e-01  1.50000e+00  7.27000e-01 
 1.00000e+00  8.50000e-01  1.50000e+00  7.27000e-01 
 1.00000e+00  9.50000e-01  1.50000e+00  7.27000e-01 
 1.00000e+00  1.05000e+00  1.50000e+00  7.27000e-01 
 1.00000e+00  1.15000e+00  1.50000e+00  7.27000e-01 
 1.00000e+00  1.25000e+00  1.50000e+00  7.27000e-01 
 1.00000e+00  1.35000e+00  1.50000e+00  7.27000e-01 
 1.00000e+00  1.45000e+00  1.50000e+00  7.27000e-01 
 1.00000e+00  1.55000e+00  1.50000e+00  7.27000e-01 
 1.00000e+00  1.65000e+00  1.50000e+00  7.27000e-01 
 1.00000e+00  1.75000e+00  1.50000e+00  7.27000e-01 
 1.00000e+00  1.85000e+00  1.50000e+00  7.27000e-01 
 1.00000e+00  1.95000e+00  1.50000e+00  7.27000e-01 
 1.00000e+00  2.15000e+00  1.50000e+00  7.27000e-01 
 1.00000e+00  2.35000e+00  1.50000e+00  7.27000e-01 
 1.00000e+00  2.55000e+00  1.50000e+00  7.27000e-01 
 1.00000e+00  2.85000e+00  1.50000e+00  7.27000e-01 
 2.00000e+00 -2.85000e+00 -1.50000e+00  1.26700e+00 
 2.00000e+00 -1.95000e+00 -1.50000e+00  1.26700e+00 
 2.00000e+00 -1.35000e+00 -1.50000e+00  1.26700e+00 
 2.00000e+00 -9.50000e-01 -1.50000e+00  1.26700e+00 
 2.00000e+00 -6.50000e-01 -1.50000e+00  1.26700e+00 
 2.00000e+00 -4.50000e-01 -1.50000e+00  1.26700e+00 
 2.00000e+00 -2.50000e-01 -1.50000e+00  1.26700e+00 
 2.00000e+00 -5.00000e-02 -1.50000e+00  1.26700e+00 
 2.00000e+00  5.00000e-02 -1.50000e+00  1.26700e+00 
 2.00000e+00  2.50000e-01 -1.50000e+00  1.26700e+00 
 2.00000e+00  4.50000e-01 -1.50000e+00  1.26700e+00 
 2.00000e+00  6.50000e-01 -1.50000e+00  1.26700e+00 
 2.00000e+00  9.50000e-01 -1.50000e+00  1.26700e+00 
 2.00000e+00  1.35000e+00 -1.50000e+00  1.26700e+00 
 2.00000e+00  1.95000e+00 -1.50000e+00  1.26700e+00 
 2.00000e+00  2.85000e+00 -1.50000e+00  1.26700e+00 
 3.00000e+00 -2.85000e+00  1.50000e+00  1.26700e+00 
 3.00000e+00 -1.95000e+00  1.50000e+00  1.26700e+00 
 3.00000e+00 -1.35000e+00  1.50000e+00  1.26700e+00 
 3.00000e+00 -9.50000e-01  1.50000e+00  1.26700e+00 
 3.00000e+00 -6.50000e-01  1.50000e+00  1.26700e+00 
 3.00000e+00 -4.50000e-01  1.50000e+00  1.26700e+00 
 3.00000e+00 -2.50000e-01  1.50000e+00  1.26700e+00 
 3.00000e+00 -5.00000e-02  1.50000e+00  1.26700e+00 
 3.00000e+00  5.00000e-02  1.50000e+00  1.26700e+00 
 3.00000e+00  2.50000e-01  1.50000e+00  1.26700e+00 
 3.00000e+00  4.50000e-01  1.50000e+00  1.26700e+00 
 3.00000e+00  6.50000e-01  1.50000e+00  1.26700e+00 
 3.00000e+00  9.50000e-01  1.50000e+00  1.26700e+00 
 3.00000e+00  1.35000e+00  1.50000e+00  1.26700e+00 
 3.00000e+00  1.95000e+00  1.50000e+00  1.26700e+00 
 3.00000e+00  2.85000e+00  1.50000e+00  1.26700e+00 
 0.00000e+00  0.00000e+00 -3.47500e-01  0.00000e+00 
 0.00000e+00  0.00000e+00 -3.17500e-01  0.00000e+00 
 0.00000e+00  0.00000e+00 -2.87500e-01  0.00000e+00 
 0.00000e+00  0.00000e+00 -2.67500e-01  0.00000e+00 
 0.00000e+00  0.00000e+00 -2.47500e-01  0.00000e+00 
 0.00000e+00  0.00000e+00 -2.32500e-01  0.00000e+00 
 0.00000e+00  0.00000e+00 -2.17500e-01  0.00000e+00 
 0.00000e+00  0.00000e+00 -2.07500e-01  0.00000e+00 
 0.00000e+00  0.00000e+00 -1.97500e-01  0.00000e+00 
 0.00000e+00  0.00000e+00 -1.92500e-01  0.00000e+00 
 0.00000e+00  0.00000e+00 -1.87500e-01  0.00000e+00 
 0.00000e+00  0.00000e+00 -1.82500e-01  0.00000e+00 
 0.00000e+00  0.00000e+00 -1.77500e-01  0.00000e+00 
 0.00000e+00  0.00000e+00 -1.72500e-01  0.00000e+00 
 0.00000e+00  0.00000e+00 -1.67500e-01  0.00000e+00 
 0.00000e+00  0.00000e+00 -1.62500e-01  0.00000e+00 
 0.00000e+00  0.00000e+00 -1.57500e-01  0.00000e+00 
 0.00000e+00  0.00000e+00 -1.52500e-01  0.00000e+00 
 0.00000e+00  0.00000e+00 -1.47500e-01  0.00000e+00 
 0.00000e+00  0.00000e+00 -1.42500e-01  0.00000e+00 
 0.00000e+00  0.00000e+00 -1.37500e-01  0.00000e+00 
 0.00000e+00  0.00000e+00 -1.32500e-01  0.00000e+00 
 0.00000e+00  0.00000e+00 -1.27500e-01  0.00000e+00 
 0.00000e+00  0.00000e+00 -1.22500e-01  0.00000e+00 
 0.00000e+00  0.00000e+00 -1.17500e-01  0.00000e+00 
 0.00000e+00  0.00000e+00 -1.12500e-01  0.00000e+00 
 0.00000e+00  0.00000e+00 -1.07500e-01  0.00000e+00 
 0.00000e+00  0.00000e+00 -1.02500e-01  0.00000e+00 
 0.00000e+00  0.00000e+00 -9.75000e-02  0.00000e+00 
 0.00000e+00  0.00000e+00 -9.25000e-02  0.00000e+00 
 0.00000e+00  0.00000e+00 -8.75000e-02  0.00000e+00 
 0.00000e+00  0.00000e+00 -8.25000e-02  0.00000e+00 
 0.00000e+00  0.00000e+00 -7.75000e-02  0.00000e+00 
 0.00000e+00  0.00000e+00 -7.25000e-02  0.00000e+00 
 0.00000e+00  0.00000e+00 -6.75000e-02  0.00000e+00 
 0.00000e+00  0.00000e+00 -6.25000e-02  0.00000e+00 
 0.00000e+00  0.00000e+00 -5.75000e-02  0.00000e+00 
 0.00000e+00  0.00000e+00 -5.25000e-02  0.00000e+00 
 0.00000e+00  0.00000e+00 -4.75000e-02  0.00000e+00 
 0.00000e+00  0.00000e+00 -4.25000e-02  0.00000e+00 
 0.00000e+00  0.00000e+00 -3.75000e-02  0.00000e+00 
 0.00000e+00  0.00000e+00 -3.25000e-02  0.00000e+00 
 0.00000e+00  0.00000e+00 -2.75000e-02  0.00000e+00 
 0.00000e+00  0.00000e+00 -2.25000e-02  0.00000e+00 
 0.00000e+00  0.00000e+00 -1.75000e-02  0.00000e+00 
 0.00000e+00  0.00000e+00 -1.25000e-02  0.00000e+00 
 0.00000e+00  0.00000e+00 -7.50000e-03  0.00000e+00 
 0.00000e+00  0.00000e+00 -2.50000e-03  0.00000e+00 
 0.00000e+00  0.00000e+00  2.50000e-03  0.00000e+00 
 0.00000e+00  0.00000e+00  7.50000e-03  0.00000e+00 
 0.00000e+00  0.00000e+00  1.25000e-02  0.00000e+00 
 0.00000e+00  0.00000e+00  1.75000e-02  0.00000e+00 
 0.00000e+00  0.00000e+00  2.25000e-02  0.00000e+00 
 0.00000e+00  0.00000e+00  2.75000e-02  0.00000e+00 
 0.00000e+00  0.00000e+00  3.25000e-02  0.00000e+00 
 0.00000e+00  0.00000e+00  3.75000e-02  0.00000e+00 
 0.00000e+00  0.00000e+00  4.25000e-02  0.00000e+00 
 0.00000e+00  0.00000e+00  4.75000e-02  0.00000e+00 
 0.00000e+00  0.00000e+00  5.25000e-02  0.00000e+00 
 0.00000e+00  0.00000e+00  5.75000e-02  0.00000e+00 
 0.00000e+00  0.00000e+00  6.25000e-02  0.00000e+00 
 0.00000e+00  0.00000e+00  6.75000e-02  0.00000e+00 
 0.00000e+00  0.00000e+00  7.25000e-02  0.00000e+00 
 0.00000e+00  0.00000e+00  7.75000e-02  0.00000e+00 
 0.00000e+00  0.00000e+00  8.25000e-02  0.00000e+00 
 0.00000e+00  0.00000e+00  8.75000e-02  0.00000e+00 
 0.00000e+00  0.00000e+00  9.25000e-02  0.00000e+00 
 0.00000e+00  0.00000e+00  9.75000e-02  0.00000e+00 
 0.00000e+00  0.00000e+00  1.02500e-01  0.00000e+00 
 0.00000e+00  0.00000e+00  1.07500e-01  0.00000e+00 
 0.00000e+00  0.00000e+00  1.12500e-01  0.00000e+00 
 0.00000e+00  0.00000e+00  1.17500e-01  0.00000e+00 
 0.00000e+00  0.00000e+00  1.22500e-01  0.00000e+00 
 0.00000e+00  0.00000e+00  1.27500e-01  0.00000e+00 
 0.00000e+00  0.00000e+00  1.32500e-01  0.00000e+00 
 0.00000e+00  0.00000e+00  1.37500e-01  0.00000e+00 
 0.00000e+00  0.00000e+00  1.42500e-01  0.00000e+00 
 0.00000e+00  0.00000e+00  1.47500e-01  0.00000e+00 
 0.00000e+00  0.00000e+00  1.52500e-01  0.00000e+00 
 0.00000e+00  0.00000e+00  1.57500e-01  0.00000e+00 
 0.00000e+00  0.00000e+00  1.62500e-01  0.00000e+00 
 0.00000e+00  0.00000e+00  1.67500e-01  0.00000e+00 
 0.00000e+00  0.00000e+00  1.72500e-01  0.00000e+00 
 0.00000e+00  0.00000e+00  1.77500e-01  0.00000e+00 
 0.00000e+00  0.00000e+00  1.82500e-01  0.00000e+00 
 0.00000e+00  0.00000e+00  1.87500e-01  0.00000e+00 
 0.00000e+00  0.00000e+00  1.92500e-01  0.00000e+00 
 0.00000e+00  0.00000e+00  1.97500e-01  0.00000e+00 
 0.00000e+00  0.00000e+00  2.07500e-01  0.00000e+00 
 0.00000e+00  0.00000e+00  2.17500e-01  0.00000e+00 
 0.00000e+00  0.00000e+00  2.32500e-01  0.00000e+00 
 0.00000e+00  0.00000e+00  2.47500e-01  0.00000e+00 
 0.00000e+00  0.00000e+00  2.67500e-01  0.00000e+00 
 0.00000e+00  0.00000e+00  2.87500e-01  0.00000e+00 
 0.00000e+00  0.00000e+00  3.17500e-01  0.00000e+00 
 0.00000e+00  0.00000e+00  3.47500e-01  0.00000e+00 
