 2.97208e+00  7.97248e+00  1.49698e+01 
 4.89680e+01  4.87514e+01  4.89170e+01 
 9.12145e+00  9.27628e+00  9.62319e+00 
 3.14491e+06  3.12871e+06  3.13260e+06 
 1.50653e+03  1.49277e+03  1.50115e+03 
 1.02138e+05  1.02161e+05  1.02150e+05 
 1.75353e+02  1.23498e+02 -5.83868e+02 
 3.10127e+02  3.21437e+02 -3.40865e+01 
 3.03606e+02  3.34359e+02  5.22768e+01 
 2.70967e+02  3.15662e+02  7.13431e+01 
 2.20763e+02  2.80874e+02  7.35810e+01 
 1.81825e+02  2.58561e+02  8.53829e+01 
 1.23916e+02  2.18915e+02  8.32444e+01 
 4.87343e+01  1.66355e+02  7.17402e+01 
-2.56752e+01  1.17492e+02  5.59346e+01 
-1.06404e+02  6.84530e+01  3.80694e+01 
-1.91669e+02 -1.22183e+00  1.95072e+01 
-2.67382e+02 -7.26371e+01  4.17141e+00 
-3.29790e+02 -1.13992e+02 -7.29211e+00 
-4.69247e+02 -1.55768e+02 -1.19493e+01 
-5.30502e+02 -1.95278e+02 -1.08130e+01 
-5.91339e+02 -2.23311e+02  4.62881e+00 
-6.44823e+02 -2.36502e+02  3.57984e+01 
-6.83071e+02 -2.30519e+02  8.64452e+01 
-7.05546e+02 -2.07873e+02  1.54685e+02 
-6.75463e+02 -1.37347e+02  2.63998e+02 
-6.35728e+02 -6.20203e+01  3.70617e+02 
-5.95571e+02  1.49520e+01  4.76033e+02 
-5.44902e+02  9.74084e+01  5.81754e+02 
-4.84356e+02  1.87482e+02  6.89480e+02 
-4.25225e+02  2.73245e+02  7.89421e+02 
-3.61129e+02  3.62450e+02  8.85444e+02 
-3.09360e+02  4.37620e+02  9.67022e+02 
-2.60284e+02  5.06528e+02  1.03839e+03 
-2.17258e+02  5.65427e+02  1.09634e+03 
-1.64441e+02  6.28835e+02  1.15461e+03 
-1.12787e+02  6.94913e+02  1.21446e+03 
-6.16866e+01  7.59168e+02  1.26985e+03 
-3.38585e+00  8.30051e+02  1.32632e+03 
 5.80311e+01  9.01549e+02  1.37822e+03 
 1.30285e+02  9.79337e+02  1.42790e+03 
 2.06933e+02  1.05835e+03  1.46957e+03 
 2.95041e+02  1.14091e+03  1.50231e+03 
 3.93579e+02  1.22327e+03  1.51775e+03 
 4.96640e+02  1.29940e+03  1.51311e+03 
 6.12630e+02  1.37836e+03  1.48089e+03 
 7.21581e+02  1.44009e+03  1.39780e+03 
 8.45900e+02  1.48434e+03  1.22859e+03 
 1.01063e+03  1.48931e+03  9.36604e+02 
 1.18950e+03  1.41980e+03  4.72422e+02 
 1.35521e+03  1.22019e+03 -2.83355e+02 
 1.47402e+03  8.08511e+02 -1.46608e+03 
 1.49489e+03  8.38205e+01 -3.14448e+03 
 1.35415e+03 -8.72670e+02 -5.00193e+03 
 1.03642e+03 -1.96853e+03 -6.84285e+03 
 5.49657e+02 -3.06965e+03 -8.36428e+03 
-1.12279e+01 -4.00825e+03 -9.38983e+03 
-4.79416e+02 -4.41344e+03 -9.34698e+03 
-8.19642e+02 -4.51741e+03 -8.87524e+03 
-1.04669e+03 -4.44149e+03 -8.27573e+03 
-1.28209e+03 -4.44844e+03 -7.84124e+03 
-1.37866e+03 -4.24425e+03 -7.47928e+03 
-1.34932e+03 -3.93576e+03 -5.97519e+03 
-1.33781e+03 -3.72107e+03 -5.63162e+03 
-1.36095e+03 -3.55036e+03 -5.30292e+03 
-1.39205e+03 -3.41308e+03 -5.02391e+03 
-1.42059e+03 -3.17495e+03 -4.75806e+03 
-1.44016e+03 -3.09873e+03 -4.51006e+03 
-1.45250e+03 -3.04003e+03 -4.28273e+03 
-1.45569e+03 -2.95544e+03 -4.05949e+03 
-1.45953e+03 -2.88373e+03 -3.86958e+03 
-1.46376e+03 -2.81481e+03 -3.68975e+03 
-1.46648e+03 -2.74886e+03 -3.52469e+03 
-1.46808e+03 -2.68566e+03 -3.36690e+03 
-1.46877e+03 -2.62849e+03 -3.21829e+03 
-1.46718e+03 -2.56798e+03 -3.06972e+03 
-1.46506e+03 -2.50398e+03 -2.90285e+03 
-1.46148e+03 -2.43472e+03 -2.71581e+03 
-1.45969e+03 -2.35817e+03 -2.50923e+03 
-1.46002e+03 -2.28843e+03 -2.29546e+03 
-1.45351e+03 -2.20803e+03 -2.05388e+03 
-1.43750e+03 -2.11990e+03 -1.78354e+03 
-1.41918e+03 -2.03256e+03 -1.47364e+03 
-1.39471e+03 -1.94578e+03 -1.12479e+03 
-1.35556e+03 -1.83242e+03 -7.98718e+02 
-1.27880e+03 -1.67437e+03 -6.71233e+02 
-1.17847e+03 -1.50572e+03 -6.40401e+02 
-1.00933e+03 -1.33612e+03 -6.35885e+02 
-9.02398e+02 -1.16029e+03 -6.38680e+02 
-7.80302e+02 -9.89333e+02 -6.47320e+02 
-6.54586e+02 -8.23371e+02 -6.58268e+02 
-5.28996e+02 -6.66751e+02 -6.68171e+02 
-4.44812e+02 -5.43893e+02 -6.75354e+02 
-2.95733e+02 -3.96323e+02 -6.78523e+02 
-1.87270e+02 -2.79003e+02 -6.83719e+02 
-8.07283e+01 -1.78007e+02 -6.89044e+02 
-2.69962e+01 -1.03862e+02 -6.86642e+02 
 8.19532e+01 -3.49408e+01 -6.89597e+02 
 1.35430e+02  1.12577e+01 -6.89737e+02 
 1.87010e+02  5.32898e+01 -6.79544e+02 
 2.21150e+02  8.42457e+01 -6.70308e+02 
 2.41101e+02  1.11933e+02 -6.58836e+02 
-4.55911e+01 -2.28842e+01  1.97406e+01 
-5.43118e+01 -2.61368e+01  1.89411e+01 
-5.10323e+01 -1.83100e+01  2.92127e+01 
-4.65760e+01 -8.53899e+00  4.21601e+01 
-4.26191e+01  2.11625e+00  5.61422e+01 
-4.07230e+01  7.72490e+00  6.36517e+01 
-4.04730e+01  1.19593e+01  7.00844e+01 
-4.35241e+01  1.36222e+01  7.37975e+01 
-4.77546e+01  1.46520e+01  7.72306e+01 
-3.81725e+01  2.84607e+01  9.32647e+01 
-3.23286e+01  3.89046e+01  1.05901e+02 
-2.73885e+01  4.91708e+01  1.18278e+02 
-3.03707e+01  5.20968e+01  1.23727e+02 
-2.72564e+01  6.04820e+01  1.34027e+02 
-2.95284e+01  6.41171e+01  1.39734e+02 
-3.09829e+01  6.84344e+01  1.45497e+02 
-4.62347e+01  6.07714e+01  1.40062e+02 
-3.96505e+01  7.08490e+01  1.50577e+02 
-4.23357e+01  7.27888e+01  1.53109e+02 
-4.39079e+01  7.49778e+01  1.54788e+02 
-4.18595e+01  7.90844e+01  1.57698e+02 
-4.70503e+01  7.63919e+01  1.53870e+02 
-5.13695e+01  7.32840e+01  1.48327e+02 
-6.56217e+01  6.02438e+01  1.32570e+02 
-4.98395e+01  7.23191e+01  1.40594e+02 
-4.87414e+01  7.06521e+01  1.34531e+02 
-4.64795e+01  6.92136e+01  1.29016e+02 
-4.82106e+01  6.31545e+01  1.18640e+02 
-4.74643e+01  5.93544e+01  1.10321e+02 
-4.57709e+01  5.54732e+01  1.02141e+02 
-4.66310e+01  4.89986e+01  9.17942e+01 
-5.14616e+01  3.87722e+01  7.81552e+01 
-5.50219e+01  2.93950e+01  6.55945e+01 
-4.93828e+01  2.83905e+01  6.21129e+01 
-5.65628e+01  1.62044e+01  4.74013e+01 
-5.19708e+01  1.46126e+01  4.39529e+01 
-5.28835e+01  8.55534e+00  3.61423e+01 
-5.61880e+01  5.06432e-01  2.66192e+01 
-5.44760e+01 -2.86306e+00  2.20368e+01 
-5.55516e+01 -8.37213e+00  1.53243e+01 
-5.12549e+01 -8.34910e+00  1.40303e+01 
-5.43066e+01 -1.51546e+01  6.36445e+00 
-5.69777e+01 -2.11761e+01 -7.08499e-01 
-6.42625e+01 -3.17954e+01 -1.22622e+01 
-7.07404e+01 -4.38177e+01 -2.62189e+01 
-8.56789e+01 -6.41393e+01 -4.79925e+01 
-9.37818e+01 -7.69690e+01 -6.19490e+01 
-1.02073e+02 -9.20586e+01 -7.88560e+01 
-6.86672e+01 -7.71942e+01 -5.49761e+01 
-7.60539e+01 -9.04808e+01 -7.20106e+01 
-8.00696e+01 -9.93034e+01 -8.44010e+01 
-8.38752e+01 -1.09079e+02 -9.83374e+01 
-9.34538e+01 -1.26063e+02 -1.20484e+02 
-9.63719e+01 -1.32997e+02 -1.30364e+02 
-1.00955e+02 -1.42193e+02 -1.43113e+02 
-1.08357e+02 -1.54930e+02 -1.59607e+02 
-1.14232e+02 -1.66213e+02 -1.75033e+02 
-1.25293e+02 -1.83569e+02 -1.97107e+02 
-1.31692e+02 -1.96425e+02 -2.15241e+02 
-1.32590e+02 -2.04088e+02 -2.28206e+02 
-1.40758e+02 -2.18611e+02 -2.48907e+02 
-1.46570e+02 -2.32163e+02 -2.68679e+02 
-1.50750e+02 -2.43424e+02 -2.86536e+02 
-1.62381e+02 -2.63671e+02 -3.13976e+02 
-1.69573e+02 -2.78177e+02 -3.35382e+02 
-1.75499e+02 -2.90377e+02 -3.54396e+02 
-1.81353e+02 -3.02420e+02 -3.72832e+02 
-1.91098e+02 -3.17803e+02 -3.94569e+02 
-1.99826e+02 -3.30425e+02 -4.12949e+02 
-2.04379e+02 -3.37879e+02 -4.24488e+02 
-2.13611e+02 -3.48750e+02 -4.40259e+02 
-2.15118e+02 -3.49999e+02 -4.43479e+02 
-2.16160e+02 -3.47868e+02 -4.43085e+02 
-2.09894e+02 -3.38794e+02 -4.34123e+02 
-2.04551e+02 -3.28214e+02 -4.22779e+02 
-2.03767e+02 -3.22681e+02 -4.16041e+02 
-1.89836e+02 -3.01264e+02 -3.91377e+02 
-1.83784e+02 -2.89019e+02 -3.75653e+02 
-1.74009e+02 -2.71841e+02 -3.54250e+02 
-1.65839e+02 -2.56482e+02 -3.34341e+02 
-1.64167e+02 -2.49589e+02 -3.21244e+02 
-1.54298e+02 -2.32753e+02 -2.98788e+02 
-1.47469e+02 -2.19184e+02 -2.81277e+02 
-1.38361e+02 -2.02827e+02 -2.58189e+02 
-1.30381e+02 -1.89415e+02 -2.40864e+02 
-1.30200e+02 -1.83831e+02 -2.30377e+02 
-1.27475e+02 -1.75795e+02 -2.17519e+02 
-1.16541e+02 -1.59950e+02 -1.97133e+02 
-1.12697e+02 -1.51754e+02 -1.85272e+02 
-1.12271e+02 -1.47415e+02 -1.77447e+02 
-1.05759e+02 -1.37428e+02 -1.64128e+02 
-1.04368e+02 -1.32255e+02 -1.56206e+02 
-1.00180e+02 -1.22067e+02 -1.41022e+02 
-9.07917e+01 -1.07905e+02 -1.22835e+02 
-9.36775e+01 -1.06327e+02 -1.18162e+02 
-9.32026e+01 -1.00413e+02 -1.08603e+02 
-4.84135e+01 -2.55846e+01  1.66652e+01 
-4.52084e+01 -2.61440e-01  5.35977e+01 
-3.02113e+01  4.10507e+01  1.07680e+02 
-3.13383e+01  6.26316e+01  1.38241e+02 
-3.53075e+01  7.53397e+01  1.54808e+02 
-3.73885e+01  8.08127e+01  1.60348e+02 
-4.28252e+01  8.03043e+01  1.57393e+02 
-4.40236e+01  7.90346e+01  1.50622e+02 
-5.06177e+01  7.18421e+01  1.40099e+02 
-4.49636e+01  7.06055e+01  1.30422e+02 
-5.08473e+01  5.64458e+01  1.07568e+02 
-4.77589e+01  4.79999e+01  9.10972e+01 
-5.12232e+01  2.70748e+01  6.06354e+01 
-4.92613e+01  7.02425e+00  3.30108e+01 
-6.30220e+01 -3.05114e+01 -1.13593e+01 
-9.88821e+01 -8.86680e+01 -7.54154e+01 
-6.90153e+01 -7.76450e+01 -5.56418e+01 
-9.21792e+01 -1.24848e+02 -1.19191e+02 
-1.21949e+02 -1.86302e+02 -2.04666e+02 
-1.52792e+02 -2.46765e+02 -2.90247e+02 
-1.76974e+02 -2.90912e+02 -3.55135e+02 
-1.90017e+02 -3.15821e+02 -3.92537e+02 
-2.05972e+02 -3.38461e+02 -4.25698e+02 
-2.13087e+02 -3.47168e+02 -4.40801e+02 
-2.11559e+02 -3.43908e+02 -4.38749e+02 
-2.05125e+02 -3.29802e+02 -4.24667e+02 
-1.91331e+02 -3.04155e+02 -3.94609e+02 
-1.76140e+02 -2.75082e+02 -3.57985e+02 
-1.51419e+02 -2.29523e+02 -2.97316e+02 
-1.26230e+02 -1.79925e+02 -2.26277e+02 
-9.93865e+01 -1.27752e+02 -1.51295e+02 
-9.13375e+01 -9.85893e+01 -1.06417e+02 
 1.50375e+03  1.49356e+03  1.51797e+03 
 1.50340e+03  1.49302e+03  1.51963e+03 
 1.50471e+03  1.49415e+03  1.52034e+03 
 1.50410e+03  1.49334e+03  1.51992e+03 
 1.50442e+03  1.49344e+03  1.51950e+03 
 1.50279e+03  1.49180e+03  1.51781e+03 
 1.50397e+03  1.49332e+03  1.51803e+03 
 1.50297e+03  1.49216e+03  1.51560e+03 
 1.50485e+03  1.49422e+03  1.51571e+03 
 1.50340e+03  1.49277e+03  1.51499e+03 
 1.50460e+03  1.49418e+03  1.51453e+03 
 1.50344e+03  1.49304e+03  1.51264e+03 
 1.50531e+03  1.49496e+03  1.51448e+03 
 1.50293e+03  1.49280e+03  1.51025e+03 
 1.50432e+03  1.49405e+03  1.51027e+03 
 1.50316e+03  1.49280e+03  1.50721e+03 
 1.50406e+03  1.49357e+03  1.50659e+03 
 1.50319e+03  1.49286e+03  1.50648e+03 
 1.50460e+03  1.49434e+03  1.50463e+03 
 1.50333e+03  1.49319e+03  1.50206e+03 
 1.50425e+03  1.49358e+03  1.50119e+03 
 1.50324e+03  1.49261e+03  1.49741e+03 
 1.50453e+03  1.49384e+03  1.49657e+03 
 1.50375e+03  1.49310e+03  1.49371e+03 
 1.50368e+03  1.49315e+03  1.49176e+03 
 1.50390e+03  1.49307e+03  1.48978e+03 
 1.50444e+03  1.49375e+03  1.48803e+03 
 1.50458e+03  1.49354e+03  1.48438e+03 
 1.50369e+03  1.49244e+03  1.47938e+03 
 1.50320e+03  1.49204e+03  1.47792e+03 
 1.50397e+03  1.49222e+03  1.47433e+03 
 1.50291e+03  1.48953e+03  1.46906e+03 
 1.50457e+03  1.49009e+03  1.46861e+03 
 1.50421e+03  1.48789e+03  1.46373e+03 
 1.50403e+03  1.48329e+03  1.45599e+03 
 1.50382e+03  1.47865e+03  1.45338e+03 
 1.50212e+03  1.47228e+03  1.45227e+03 
 1.49818e+03  1.46261e+03  1.44569e+03 
 1.49157e+03  1.45255e+03  1.43796e+03 
 1.47888e+03  1.43787e+03  1.43190e+03 
 1.46699e+03  1.42558e+03  1.43046e+03 
 1.44164e+03  1.40519e+03  1.42339e+03 
 1.41866e+03  1.38835e+03  1.41532e+03 
 1.39230e+03  1.37098e+03  1.40750e+03 
 1.36314e+03  1.34918e+03  1.40244e+03 
 1.35028e+03  1.33716e+03  1.40050e+03 
 1.33555e+03  1.32263e+03  1.39203e+03 
 1.32790e+03  1.30944e+03  1.38121e+03 
 1.32965e+03  1.29711e+03  1.37189e+03 
 1.33903e+03  1.29319e+03  1.36910e+03 
 1.35671e+03  1.29081e+03  1.36299e+03 
 1.37706e+03  1.29181e+03  1.35366e+03 
 1.40274e+03  1.29774e+03  1.34608e+03 
 1.42360e+03  1.30393e+03  1.34173e+03 
 1.44752e+03  1.31540e+03  1.33510e+03 
 1.46621e+03  1.32745e+03  1.32698e+03 
 1.48065e+03  1.34200e+03  1.31712e+03 
 1.49001e+03  1.35603e+03  1.31004e+03 
 1.49820e+03  1.37691e+03  1.30248e+03 
 1.50078e+03  1.39165e+03  1.29464e+03 
 1.50253e+03  1.40752e+03  1.28447e+03 
 1.50328e+03  1.42260e+03  1.27762e+03 
 1.50363e+03  1.43601e+03  1.27124e+03 
 1.50382e+03  1.44790e+03  1.26438e+03 
 1.50412e+03  1.46034e+03  1.25285e+03 
 1.50368e+03  1.46751e+03  1.24646e+03 
 1.50367e+03  1.47497e+03  1.23680e+03 
 1.50299e+03  1.47971e+03  1.22964e+03 
 1.49538e+03  1.47722e+03  1.20849e+03 
 1.50384e+03  1.48825e+03  1.21244e+03 
 1.50211e+03  1.48839e+03  1.20195e+03 
 1.50305e+03  1.49059e+03  1.19389e+03 
 1.50327e+03  1.49108e+03  1.18650e+03 
 1.50368e+03  1.49224e+03  1.17806e+03 
 1.50333e+03  1.49207e+03  1.17132e+03 
 1.50357e+03  1.49257e+03  1.16399e+03 
 1.50247e+03  1.49164e+03  1.15719e+03 
 1.50395e+03  1.49305e+03  1.15244e+03 
 1.50297e+03  1.49218e+03  1.14013e+03 
 1.50363e+03  1.49305e+03  1.13721e+03 
 1.50250e+03  1.49155e+03  1.13297e+03 
 1.50274e+03  1.49245e+03  1.11852e+03 
 1.50363e+03  1.49317e+03  1.11967e+03 
 1.50361e+03  1.49316e+03  1.11347e+03 
 1.50272e+03  1.49222e+03  1.10646e+03 
 1.50327e+03  1.49253e+03  1.10170e+03 
 1.50336e+03  1.49258e+03  1.09432e+03 
 1.50347e+03  1.49305e+03  1.09449e+03 
 1.50290e+03  1.49214e+03  1.09182e+03 
 1.50431e+03  1.49365e+03  1.08691e+03 
 1.50244e+03  1.49154e+03  1.07598e+03 
 1.50411e+03  1.49336e+03  1.07956e+03 
 1.50249e+03  1.49168e+03  1.07492e+03 
 1.50323e+03  1.49238e+03  1.09014e+03 
 1.50284e+03  1.49186e+03  1.11353e+03 
 1.50073e+03  1.49025e+03  1.10323e+03 
 5.48605e+02  1.38281e+03  1.86653e+03 
-1.86141e+01 -1.98780e+02 -5.40961e+02 
 3.84353e+02  9.85933e+02  1.39125e+03 
-8.26425e+00 -9.72110e+01 -1.32280e+02 
 0.00000e+00  9.00000e-01  0.00000e+00  9.99540e-01 
 0.00000e+00  8.71299e-01 -1.84230e-03  9.70290e-01 
 0.00000e+00  8.48880e-01 -3.73860e-03  9.77130e-01 
 0.00000e+00  8.26542e-01 -6.47676e-03  9.83970e-01 
 0.00000e+00  7.99830e-01 -1.04112e-02  9.92160e-01 
 0.00000e+00  7.73172e-01 -1.46979e-02  1.00035e+00 
 0.00000e+00  7.42149e-01 -2.01222e-02  1.00980e+00 
 0.00000e+00  7.06761e-01 -2.67264e-02  1.02069e+00 
 0.00000e+00  6.71409e-01 -3.35484e-02  1.03149e+00 
 0.00000e+00  6.36075e-01 -4.04244e-02  1.04229e+00 
 0.00000e+00  6.00714e-01 -4.71789e-02  9.23040e-01 
 0.00000e+00  5.65308e-01 -5.36796e-02  9.33840e-01 
 0.00000e+00  5.29830e-01 -5.98023e-02  9.44730e-01 
 0.00000e+00  4.94271e-01 -6.54129e-02  9.55620e-01 
 0.00000e+00  4.58613e-01 -7.03890e-02  9.66510e-01 
 0.00000e+00  4.22865e-01 -7.45848e-02  9.77490e-01 
 0.00000e+00  3.87009e-01 -7.78491e-02  9.88470e-01 
 0.00000e+00  3.51081e-01 -8.00424e-02  9.99450e-01 
 0.00000e+00  3.15090e-01 -8.09991e-02  1.01043e+00 
 0.00000e+00  2.79099e-01 -8.05437e-02  1.02150e+00 
 0.00000e+00  2.48535e-01 -7.91271e-02  1.03086e+00 
 0.00000e+00  2.20716e-01 -7.70238e-02  1.03941e+00 
 0.00000e+00  1.95651e-01 -7.44201e-02  1.04706e+00 
 0.00000e+00  1.73340e-01 -7.14969e-02  1.05390e+00 
 0.00000e+00  1.53783e-01 -6.84324e-02  1.05984e+00 
 0.00000e+00  1.36953e-01 -6.54012e-02  1.06506e+00 
 0.00000e+00  1.22832e-01 -6.25581e-02  1.06938e+00 
 0.00000e+00  1.11411e-01 -6.00255e-02  1.07289e+00 
 0.00000e+00  1.02663e-01 -5.79258e-02  9.20880e-01 
 0.00000e+00  9.42030e-02 -5.57505e-02  9.23580e-01 
 0.00000e+00  8.60490e-02 -5.35050e-02  9.26460e-01 
 0.00000e+00  7.81929e-02 -5.11911e-02  9.29520e-01 
 0.00000e+00  7.06392e-02 -4.88106e-02  9.32760e-01 
 0.00000e+00  6.33897e-02 -4.63662e-02  9.36180e-01 
 0.00000e+00  5.64507e-02 -4.38552e-02  9.39780e-01 
 0.00000e+00  4.98267e-02 -4.12713e-02  9.43560e-01 
 0.00000e+00  4.35222e-02 -3.86172e-02  9.47430e-01 
 0.00000e+00  3.75426e-02 -3.58956e-02  9.51480e-01 
 0.00000e+00  3.18924e-02 -3.31101e-02  9.55710e-01 
 0.00000e+00  2.65734e-02 -3.02697e-02  9.60030e-01 
 0.00000e+00  2.15847e-02 -2.73915e-02  9.64440e-01 
 0.00000e+00  1.69605e-02 -2.44323e-02  9.68940e-01 
 0.00000e+00  1.27962e-02 -2.12868e-02  9.73440e-01 
 0.00000e+00  9.13770e-03 -1.79550e-02  9.77940e-01 
 0.00000e+00  5.96844e-03 -1.45125e-02  9.82530e-01 
 0.00000e+00  3.36672e-03 -1.09548e-02  9.87030e-01 
 0.00000e+00  1.47150e-03 -7.27821e-03  9.91440e-01 
 0.00000e+00  3.52197e-04 -3.57831e-03  9.95670e-01 
 0.00000e+00  0.00000e+00  0.00000e+00  9.99540e-01 
 9.00000e-01  3.52197e-04  3.57831e-03  1.00332e+00 
 9.00000e-01  1.47150e-03  7.27821e-03  1.00755e+00 
 9.00000e-01  3.36672e-03  1.09548e-02  1.01196e+00 
 9.00000e-01  5.96844e-03  1.45125e-02  1.01646e+00 
 9.00000e-01  9.13770e-03  1.79550e-02  1.02105e+00 
 9.00000e-01  1.27962e-02  2.12868e-02  1.02555e+00 
 9.00000e-01  1.69605e-02  2.44323e-02  1.03005e+00 
 9.00000e-01  2.15847e-02  2.73915e-02  1.03455e+00 
 9.00000e-01  2.65734e-02  3.02697e-02  1.03896e+00 
 9.00000e-01  3.18924e-02  3.31101e-02  1.04328e+00 
 9.00000e-01  3.75426e-02  3.58956e-02  1.04751e+00 
 9.00000e-01  4.35222e-02  3.86172e-02  1.05156e+00 
 9.00000e-01  4.98267e-02  4.12713e-02  1.05552e+00 
 9.00000e-01  5.64507e-02  4.38552e-02  1.05921e+00 
 9.00000e-01  6.33897e-02  4.63662e-02  1.06281e+00 
 9.00000e-01  7.06392e-02  4.88106e-02  1.06632e+00 
 9.00000e-01  7.81929e-02  5.11911e-02  1.06956e+00 
 9.00000e-01  8.60490e-02  5.35050e-02  1.07253e+00 
 9.00000e-01  9.42030e-02  5.57505e-02  1.07541e+00 
 9.00000e-01  1.02663e-01  5.79258e-02  1.07811e+00 
 9.00000e-01  1.11411e-01  6.00255e-02  9.26100e-01 
 9.00000e-01  1.22832e-01  6.25581e-02  9.29610e-01 
 9.00000e-01  1.36953e-01  6.54012e-02  9.33930e-01 
 9.00000e-01  1.53783e-01  6.84324e-02  9.39150e-01 
 9.00000e-01  1.73340e-01  7.14969e-02  9.45090e-01 
 9.00000e-01  1.95651e-01  7.44201e-02  9.51930e-01 
 9.00000e-01  2.20716e-01  7.70238e-02  9.59580e-01 
 9.00000e-01  2.48535e-01  7.91271e-02  9.68130e-01 
 9.00000e-01  2.79099e-01  8.05437e-02  9.77490e-01 
 9.00000e-01  3.15090e-01  8.09991e-02  9.88560e-01 
 9.00000e-01  3.51081e-01  8.00424e-02  9.99540e-01 
 9.00000e-01  3.87009e-01  7.78491e-02  1.01052e+00 
 9.00000e-01  4.22865e-01  7.45848e-02  1.02150e+00 
 9.00000e-01  4.58613e-01  7.03890e-02  1.03248e+00 
 9.00000e-01  4.94271e-01  6.54129e-02  1.04337e+00 
 9.00000e-01  5.29830e-01  5.98023e-02  1.05426e+00 
 9.00000e-01  5.65308e-01  5.36796e-02  1.06515e+00 
 9.00000e-01  6.00714e-01  4.71789e-02  1.07604e+00 
 9.00000e-01  6.36075e-01  4.04244e-02  9.56700e-01 
 9.00000e-01  6.71409e-01  3.35484e-02  9.67500e-01 
 9.00000e-01  7.06761e-01  2.67264e-02  9.78300e-01 
 9.00000e-01  7.42149e-01  2.01222e-02  9.89190e-01 
 9.00000e-01  7.73172e-01  1.46979e-02  9.98640e-01 
 9.00000e-01  7.99830e-01  1.04112e-02  1.00683e+00 
 9.00000e-01  8.26542e-01  6.47676e-03  1.01502e+00 
 9.00000e-01  8.48880e-01  3.73860e-03  1.02186e+00 
 9.00000e-01  8.71299e-01  1.84230e-03  1.02870e+00 
 0.00000e+00 -2.85000e+00 -1.50000e+00  7.27000e-01 
 0.00000e+00 -2.55000e+00 -1.50000e+00  7.27000e-01 
 0.00000e+00 -2.35000e+00 -1.50000e+00  7.27000e-01 
 0.00000e+00 -2.15000e+00 -1.50000e+00  7.27000e-01 
 0.00000e+00 -1.95000e+00 -1.50000e+00  7.27000e-01 
 0.00000e+00 -1.85000e+00 -1.50000e+00  7.27000e-01 
 0.00000e+00 -1.75000e+00 -1.50000e+00  7.27000e-01 
 0.00000e+00 -1.65000e+00 -1.50000e+00  7.27000e-01 
 0.00000e+00 -1.55000e+00 -1.50000e+00  7.27000e-01 
 0.00000e+00 -1.45000e+00 -1.50000e+00  7.27000e-01 
 0.00000e+00 -1.35000e+00 -1.50000e+00  7.27000e-01 
 0.00000e+00 -1.25000e+00 -1.50000e+00  7.27000e-01 
 0.00000e+00 -1.15000e+00 -1.50000e+00  7.27000e-01 
 0.00000e+00 -1.05000e+00 -1.50000e+00  7.27000e-01 
 0.00000e+00 -9.50000e-01 -1.50000e+00  7.27000e-01 
 0.00000e+00 -8.50000e-01 -1.50000e+00  7.27000e-01 
 0.00000e+00 -7.50000e-01 -1.50000e+00  7.27000e-01 
 0.00000e+00 -6.50000e-01 -1.50000e+00  7.27000e-01 
 0.00000e+00 -5.50000e-01 -1.50000e+00  7.27000e-01 
 0.00000e+00 -4.50000e-01 -1.50000e+00  7.27000e-01 
 0.00000e+00 -3.50000e-01 -1.50000e+00  7.27000e-01 
 0.00000e+00 -2.50000e-01 -1.50000e+00  7.27000e-01 
 0.00000e+00 -1.50000e-01 -1.50000e+00  7.27000e-01 
 0.00000e+00 -5.00000e-02 -1.50000e+00  7.27000e-01 
 0.00000e+00  5.00000e-02 -1.50000e+00  7.27000e-01 
 0.00000e+00  1.50000e-01 -1.50000e+00  7.27000e-01 
 0.00000e+00  2.50000e-01 -1.50000e+00  7.27000e-01 
 0.00000e+00  3.50000e-01 -1.50000e+00  7.27000e-01 
 0.00000e+00  4.50000e-01 -1.50000e+00  7.27000e-01 
 0.00000e+00  5.50000e-01 -1.50000e+00  7.27000e-01 
 0.00000e+00  6.50000e-01 -1.50000e+00  7.27000e-01 
 0.00000e+00  7.50000e-01 -1.50000e+00  7.27000e-01 
 0.00000e+00  8.50000e-01 -1.50000e+00  7.27000e-01 
 0.00000e+00  9.50000e-01 -1.50000e+00  7.27000e-01 
 0.00000e+00  1.05000e+00 -1.50000e+00  7.27000e-01 
 0.00000e+00  1.15000e+00 -1.50000e+00  7.27000e-01 
 0.00000e+00  1.25000e+00 -1.50000e+00  7.27000e-01 
 0.00000e+00  1.35000e+00 -1.50000e+00  7.27000e-01 
 0.00000e+00  1.45000e+00 -1.50000e+00  7.27000e-01 
 0.00000e+00  1.55000e+00 -1.50000e+00  7.27000e-01 
 0.00000e+00  1.65000e+00 -1.50000e+00  7.27000e-01 
 0.00000e+00  1.75000e+00 -1.50000e+00  7.27000e-01 
 0.00000e+00  1.85000e+00 -1.50000e+00  7.27000e-01 
 0.00000e+00  1.95000e+00 -1.50000e+00  7.27000e-01 
 0.00000e+00  2.15000e+00 -1.50000e+00  7.27000e-01 
 0.00000e+00  2.35000e+00 -1.50000e+00  7.27000e-01 
 0.00000e+00  2.55000e+00 -1.50000e+00  7.27000e-01 
 0.00000e+00  2.85000e+00 -1.50000e+00  7.27000e-01 
 1.00000e+00 -2.85000e+00  1.50000e+00  7.27000e-01 
 1.00000e+00 -2.55000e+00  1.50000e+00  7.27000e-01 
 1.00000e+00 -2.35000e+00  1.50000e+00  7.27000e-01 
 1.00000e+00 -2.15000e+00  1.50000e+00  7.27000e-01 
 1.00000e+00 -1.95000e+00  1.50000e+00  7.27000e-01 
 1.00000e+00 -1.85000e+00  1.50000e+00  7.27000e-01 
 1.00000e+00 -1.75000e+00  1.50000e+00  7.27000e-01 
 1.00000e+00 -1.65000e+00  1.50000e+00  7.27000e-01 
 1.00000e+00 -1.55000e+00  1.50000e+00  7.27000e-01 
 1.00000e+00 -1.45000e+00  1.50000e+00  7.27000e-01 
 1.00000e+00 -1.35000e+00  1.50000e+00  7.27000e-01 
 1.00000e+00 -1.25000e+00  1.50000e+00  7.27000e-01 
 1.00000e+00 -1.15000e+00  1.50000e+00  7.27000e-01 
 1.00000e+00 -1.05000e+00  1.50000e+00  7.27000e-01 
 1.00000e+00 -9.50000e-01  1.50000e+00  7.27000e-01 
 1.00000e+00 -8.50000e-01  1.50000e+00  7.27000e-01 
 1.00000e+00 -7.50000e-01  1.50000e+00  7.27000e-01 
 1.00000e+00 -6.50000e-01  1.50000e+00  7.27000e-01 
 1.00000e+00 -5.50000e-01  1.50000e+00  7.27000e-01 
 1.00000e+00 -4.50000e-01  1.50000e+00  7.27000e-01 
 1.00000e+00 -3.50000e-01  1.50000e+00  7.27000e-01 
 1.00000e+00 -2.50000e-01  1.50000e+00  7.27000e-01 
 1.00000e+00 -1.50000e-01  1.50000e+00  7.27000e-01 
 1.00000e+00 -5.00000e-02  1.50000e+00  7.27000e-01 
 1.00000e+00  5.00000e-02  1.50000e+00  7.27000e-01 
 1.00000e+00  1.50000e-01  1.50000e+00  7.27000e-01 
 1.00000e+00  2.50000e-01  1.50000e+00  7.27000e-01 
 1.00000e+00  3.50000e-01  1.50000e+00  7.27000e-01 
 1.00000e+00  4.50000e-01  1.50000e+00  7.27000e-01 
 1.00000e+00  5.50000e-01  1.50000e+00  7.27000e-01 
 1.00000e+00  6.50000e-01  1.50000e+00  7.27000e-01 
 1.00000e+00  7.50000e-01  1.50000e+00  7.27000e-01 
 1.00000e+00  8.50000e-01  1.50000e+00  7.27000e-01 
 1.00000e+00  9.50000e-01  1.50000e+00  7.27000e-01 
 1.00000e+00  1.05000e+00  1.50000e+00  7.27000e-01 
 1.00000e+00  1.15000e+00  1.50000e+00  7.27000e-01 
 1.00000e+00  1.25000e+00  1.50000e+00  7.27000e-01 
 1.00000e+00  1.35000e+00  1.50000e+00  7.27000e-01 
 1.00000e+00  1.45000e+00  1.50000e+00  7.27000e-01 
 1.00000e+00  1.55000e+00  1.50000e+00  7.27000e-01 
 1.00000e+00  1.65000e+00  1.50000e+00  7.27000e-01 
 1.00000e+00  1.75000e+00  1.50000e+00  7.27000e-01 
 1.00000e+00  1.85000e+00  1.50000e+00  7.27000e-01 
 1.00000e+00  1.95000e+00  1.50000e+00  7.27000e-01 
 1.00000e+00  2.15000e+00  1.50000e+00  7.27000e-01 
 1.00000e+00  2.35000e+00  1.50000e+00  7.27000e-01 
 1.00000e+00  2.55000e+00  1.50000e+00  7.27000e-01 
 1.00000e+00  2.85000e+00  1.50000e+00  7.27000e-01 
 2.00000e+00 -2.85000e+00 -1.50000e+00  1.26700e+00 
 2.00000e+00 -1.95000e+00 -1.50000e+00  1.26700e+00 
 2.00000e+00 -1.35000e+00 -1.50000e+00  1.26700e+00 
 2.00000e+00 -9.50000e-01 -1.50000e+00  1.26700e+00 
 2.00000e+00 -6.50000e-01 -1.50000e+00  1.26700e+00 
 2.00000e+00 -4.50000e-01 -1.50000e+00  1.26700e+00 
 2.00000e+00 -2.50000e-01 -1.50000e+00  1.26700e+00 
 2.00000e+00 -5.00000e-02 -1.50000e+00  1.26700e+00 
 2.00000e+00  5.00000e-02 -1.50000e+00  1.26700e+00 
 2.00000e+00  2.50000e-01 -1.50000e+00  1.26700e+00 
 2.00000e+00  4.50000e-01 -1.50000e+00  1.26700e+00 
 2.00000e+00  6.50000e-01 -1.50000e+00  1.26700e+00 
 2.00000e+00  9.50000e-01 -1.50000e+00  1.26700e+00 
 2.00000e+00  1.35000e+00 -1.50000e+00  1.26700e+00 
 2.00000e+00  1.95000e+00 -1.50000e+00  1.26700e+00 
 2.00000e+00  2.85000e+00 -1.50000e+00  1.26700e+00 
 3.00000e+00 -2.85000e+00  1.50000e+00  1.26700e+00 
 3.00000e+00 -1.95000e+00  1.50000e+00  1.26700e+00 
 3.00000e+00 -1.35000e+00  1.50000e+00  1.26700e+00 
 3.00000e+00 -9.50000e-01  1.50000e+00  1.26700e+00 
 3.00000e+00 -6.50000e-01  1.50000e+00  1.26700e+00 
 3.00000e+00 -4.50000e-01  1.50000e+00  1.26700e+00 
 3.00000e+00 -2.50000e-01  1.50000e+00  1.26700e+00 
 3.00000e+00 -5.00000e-02  1.50000e+00  1.26700e+00 
 3.00000e+00  5.00000e-02  1.50000e+00  1.26700e+00 
 3.00000e+00  2.50000e-01  1.50000e+00  1.26700e+00 
 3.00000e+00  4.50000e-01  1.50000e+00  1.26700e+00 
 3.00000e+00  6.50000e-01  1.50000e+00  1.26700e+00 
 3.00000e+00  9.50000e-01  1.50000e+00  1.26700e+00 
 3.00000e+00  1.35000e+00  1.50000e+00  1.26700e+00 
 3.00000e+00  1.95000e+00  1.50000e+00  1.26700e+00 
 3.00000e+00  2.85000e+00  1.50000e+00  1.26700e+00 
 0.00000e+00  0.00000e+00 -3.47500e-01  0.00000e+00 
 0.00000e+00  0.00000e+00 -3.17500e-01  0.00000e+00 
 0.00000e+00  0.00000e+00 -2.87500e-01  0.00000e+00 
 0.00000e+00  0.00000e+00 -2.67500e-01  0.00000e+00 
 0.00000e+00  0.00000e+00 -2.47500e-01  0.00000e+00 
 0.00000e+00  0.00000e+00 -2.32500e-01  0.00000e+00 
 0.00000e+00  0.00000e+00 -2.17500e-01  0.00000e+00 
 0.00000e+00  0.00000e+00 -2.07500e-01  0.00000e+00 
 0.00000e+00  0.00000e+00 -1.97500e-01  0.00000e+00 
 0.00000e+00  0.00000e+00 -1.92500e-01  0.00000e+00 
 0.00000e+00  0.00000e+00 -1.87500e-01  0.00000e+00 
 0.00000e+00  0.00000e+00 -1.82500e-01  0.00000e+00 
 0.00000e+00  0.00000e+00 -1.77500e-01  0.00000e+00 
 0.00000e+00  0.00000e+00 -1.72500e-01  0.00000e+00 
 0.00000e+00  0.00000e+00 -1.67500e-01  0.00000e+00 
 0.00000e+00  0.00000e+00 -1.62500e-01  0.00000e+00 
 0.00000e+00  0.00000e+00 -1.57500e-01  0.00000e+00 
 0.00000e+00  0.00000e+00 -1.52500e-01  0.00000e+00 
 0.00000e+00  0.00000e+00 -1.47500e-01  0.00000e+00 
 0.00000e+00  0.00000e+00 -1.42500e-01  0.00000e+00 
 0.00000e+00  0.00000e+00 -1.37500e-01  0.00000e+00 
 0.00000e+00  0.00000e+00 -1.32500e-01  0.00000e+00 
 0.00000e+00  0.00000e+00 -1.27500e-01  0.00000e+00 
 0.00000e+00  0.00000e+00 -1.22500e-01  0.00000e+00 
 0.00000e+00  0.00000e+00 -1.17500e-01  0.00000e+00 
 0.00000e+00  0.00000e+00 -1.12500e-01  0.00000e+00 
 0.00000e+00  0.00000e+00 -1.07500e-01  0.00000e+00 
 0.00000e+00  0.00000e+00 -1.02500e-01  0.00000e+00 
 0.00000e+00  0.00000e+00 -9.75000e-02  0.00000e+00 
 0.00000e+00  0.00000e+00 -9.25000e-02  0.00000e+00 
 0.00000e+00  0.00000e+00 -8.75000e-02  0.00000e+00 
 0.00000e+00  0.00000e+00 -8.25000e-02  0.00000e+00 
 0.00000e+00  0.00000e+00 -7.75000e-02  0.00000e+00 
 0.00000e+00  0.00000e+00 -7.25000e-02  0.00000e+00 
 0.00000e+00  0.00000e+00 -6.75000e-02  0.00000e+00 
 0.00000e+00  0.00000e+00 -6.25000e-02  0.00000e+00 
 0.00000e+00  0.00000e+00 -5.75000e-02  0.00000e+00 
 0.00000e+00  0.00000e+00 -5.25000e-02  0.00000e+00 
 0.00000e+00  0.00000e+00 -4.75000e-02  0.00000e+00 
 0.00000e+00  0.00000e+00 -4.25000e-02  0.00000e+00 
 0.00000e+00  0.00000e+00 -3.75000e-02  0.00000e+00 
 0.00000e+00  0.00000e+00 -3.25000e-02  0.00000e+00 
 0.00000e+00  0.00000e+00 -2.75000e-02  0.00000e+00 
 0.00000e+00  0.00000e+00 -2.25000e-02  0.00000e+00 
 0.00000e+00  0.00000e+00 -1.75000e-02  0.00000e+00 
 0.00000e+00  0.00000e+00 -1.25000e-02  0.00000e+00 
 0.00000e+00  0.00000e+00 -7.50000e-03  0.00000e+00 
 0.00000e+00  0.00000e+00 -2.50000e-03  0.00000e+00 
 0.00000e+00  0.00000e+00  2.50000e-03  0.00000e+00 
 0.00000e+00  0.00000e+00  7.50000e-03  0.00000e+00 
 0.00000e+00  0.00000e+00  1.25000e-02  0.00000e+00 
 0.00000e+00  0.00000e+00  1.75000e-02  0.00000e+00 
 0.00000e+00  0.00000e+00  2.25000e-02  0.00000e+00 
 0.00000e+00  0.00000e+00  2.75000e-02  0.00000e+00 
 0.00000e+00  0.00000e+00  3.25000e-02  0.00000e+00 
 0.00000e+00  0.00000e+00  3.75000e-02  0.00000e+00 
 0.00000e+00  0.00000e+00  4.25000e-02  0.00000e+00 
 0.00000e+00  0.00000e+00  4.75000e-02  0.00000e+00 
 0.00000e+00  0.00000e+00  5.25000e-02  0.00000e+00 
 0.00000e+00  0.00000e+00  5.75000e-02  0.00000e+00 
 0.00000e+00  0.00000e+00  6.25000e-02  0.00000e+00 
 0.00000e+00  0.00000e+00  6.75000e-02  0.00000e+00 
 0.00000e+00  0.00000e+00  7.25000e-02  0.00000e+00 
 0.00000e+00  0.00000e+00  7.75000e-02  0.00000e+00 
 0.00000e+00  0.00000e+00  8.25000e-02  0.00000e+00 
 0.00000e+00  0.00000e+00  8.75000e-02  0.00000e+00 
 0.00000e+00  0.00000e+00  9.25000e-02  0.00000e+00 
 0.00000e+00  0.00000e+00  9.75000e-02  0.00000e+00 
 0.00000e+00  0.00000e+00  1.02500e-01  0.00000e+00 
 0.00000e+00  0.00000e+00  1.07500e-01  0.00000e+00 
 0.00000e+00  0.00000e+00  1.12500e-01  0.00000e+00 
 0.00000e+00  0.00000e+00  1.17500e-01  0.00000e+00 
 0.00000e+00  0.00000e+00  1.22500e-01  0.00000e+00 
 0.00000e+00  0.00000e+00  1.27500e-01  0.00000e+00 
 0.00000e+00  0.00000e+00  1.32500e-01  0.00000e+00 
 0.00000e+00  0.00000e+00  1.37500e-01  0.00000e+00 
 0.00000e+00  0.00000e+00  1.42500e-01  0.00000e+00 
 0.00000e+00  0.00000e+00  1.47500e-01  0.00000e+00 
 0.00000e+00  0.00000e+00  1.52500e-01  0.00000e+00 
 0.00000e+00  0.00000e+00  1.57500e-01  0.00000e+00 
 0.00000e+00  0.00000e+00  1.62500e-01  0.00000e+00 
 0.00000e+00  0.00000e+00  1.67500e-01  0.00000e+00 
 0.00000e+00  0.00000e+00  1.72500e-01  0.00000e+00 
 0.00000e+00  0.00000e+00  1.77500e-01  0.00000e+00 
 0.00000e+00  0.00000e+00  1.82500e-01  0.00000e+00 
 0.00000e+00  0.00000e+00  1.87500e-01  0.00000e+00 
 0.00000e+00  0.00000e+00  1.92500e-01  0.00000e+00 
 0.00000e+00  0.00000e+00  1.97500e-01  0.00000e+00 
 0.00000e+00  0.00000e+00  2.07500e-01  0.00000e+00 
 0.00000e+00  0.00000e+00  2.17500e-01  0.00000e+00 
 0.00000e+00  0.00000e+00  2.32500e-01  0.00000e+00 
 0.00000e+00  0.00000e+00  2.47500e-01  0.00000e+00 
 0.00000e+00  0.00000e+00  2.67500e-01  0.00000e+00 
 0.00000e+00  0.00000e+00  2.87500e-01  0.00000e+00 
 0.00000e+00  0.00000e+00  3.17500e-01  0.00000e+00 
 0.00000e+00  0.00000e+00  3.47500e-01  0.00000e+00 
