 1.97257e+00  6.97154e+00  1.39674e+01 
 8.47039e+01  8.41699e+01  8.40962e+01 
 1.26753e+01  1.46732e+01  1.46640e+01 
 5.32661e+06  5.22756e+06  5.22596e+06 
 4.45705e+03  4.37022e+03  4.36495e+03 
 1.02282e+05  1.02283e+05  1.02297e+05 
 5.53124e+02  4.78192e+02 -1.31983e+03 
 9.42397e+02  9.97955e+02  2.20985e+02 
 9.12289e+02  1.01690e+03  4.52478e+02 
 8.11621e+02  9.55021e+02  5.25683e+02 
 6.55115e+02  8.42033e+02  5.34817e+02 
 5.30433e+02  7.65701e+02  5.77533e+02 
 3.48134e+02  6.38299e+02  5.63407e+02 
 1.12632e+02  4.70240e+02  5.21898e+02 
-1.22381e+02  3.09857e+02  4.09295e+02 
-3.79523e+02  1.33434e+02  3.40608e+02 
-6.53710e+02 -5.03118e+01  2.44210e+02 
-9.15650e+02 -1.98248e+02  1.89536e+02 
-1.16206e+03 -3.98512e+02  1.46122e+02 
-1.38696e+03 -5.64341e+02  1.23315e+02 
-1.64356e+03 -6.89798e+02  1.14823e+02 
-1.96759e+03 -7.87482e+02  1.49824e+02 
-2.13978e+03 -8.44217e+02  2.30926e+02 
-2.27905e+03 -8.46476e+02  3.68443e+02 
-2.37565e+03 -7.98467e+02  5.55882e+02 
-2.30931e+03 -6.04588e+02  8.64443e+02 
-2.21206e+03 -3.94720e+02  1.16630e+03 
-2.11233e+03 -1.82627e+02  1.46494e+03 
-1.98803e+03  4.99114e+01  1.76663e+03 
-1.82816e+03  3.05540e+02  2.07467e+03 
-1.67217e+03  5.50933e+02  2.36145e+03 
-1.50350e+03  7.99912e+02  2.63474e+03 
-1.36477e+03  1.01708e+03  2.87063e+03 
-1.23349e+03  1.21549e+03  3.07676e+03 
-1.12206e+03  1.38227e+03  3.23246e+03 
-9.76220e+02  1.56880e+03  3.39930e+03 
-8.36154e+02  1.75934e+03  3.56979e+03 
-6.99179e+02  1.94840e+03  3.73142e+03 
-5.43461e+02  2.15380e+03  3.89236e+03 
-3.76330e+02  2.36578e+03  4.04313e+03 
-1.76693e+02  2.59752e+03  4.18340e+03 
 3.52473e+01  2.83549e+03  4.30486e+03 
 2.83160e+02  3.08622e+03  4.39589e+03 
 5.65751e+02  3.34866e+03  4.44490e+03 
 8.60938e+02  3.60046e+03  4.43502e+03 
 1.19772e+03  3.85755e+03  4.33816e+03 
 1.50155e+03  4.08468e+03  4.10285e+03 
 1.85283e+03  4.28488e+03  3.62420e+03 
 2.36360e+03  4.40547e+03  2.79400e+03 
 2.96329e+03  4.36093e+03  1.47236e+03 
 3.56339e+03  4.01570e+03 -6.81541e+02 
 4.09357e+03  3.15896e+03 -4.08361e+03 
 4.44933e+03  1.49602e+03 -9.00044e+03 
 4.39490e+03 -8.33228e+02 -1.46047e+04 
 3.85920e+03 -3.65546e+03 -2.04544e+04 
 2.80415e+03 -6.66730e+03 -2.56690e+04 
 1.43212e+03 -9.39872e+03 -2.95946e+04 
 1.47885e+02 -1.07891e+04 -2.97984e+04 
-8.71805e+02 -1.13527e+04 -2.83864e+04 
-1.62079e+03 -1.13790e+04 -2.65828e+04 
-2.37854e+03 -1.16189e+04 -2.53836e+04 
-2.76359e+03 -1.12008e+04 -2.36475e+04 
-2.79894e+03 -1.03807e+04 -1.96613e+04 
-2.86050e+03 -9.79162e+03 -1.82388e+04 
-3.01222e+03 -9.38835e+03 -1.70690e+04 
-3.15973e+03 -9.15097e+03 -1.61674e+04 
-3.30139e+03 -8.71385e+03 -1.53694e+04 
-3.41155e+03 -8.37590e+03 -1.46128e+04 
-3.49556e+03 -8.27082e+03 -1.39280e+04 
-3.54468e+03 -8.06971e+03 -1.32571e+04 
-3.59736e+03 -7.90972e+03 -1.26985e+04 
-3.64748e+03 -7.73700e+03 -1.21645e+04 
-3.68552e+03 -7.58137e+03 -1.16832e+04 
-3.72353e+03 -7.42983e+03 -1.12299e+04 
-3.75415e+03 -7.28634e+03 -1.08117e+04 
-3.77499e+03 -7.13853e+03 -1.02052e+04 
-3.80134e+03 -6.97926e+03 -9.73716e+03 
-3.82373e+03 -6.81627e+03 -9.23771e+03 
-3.85738e+03 -6.62178e+03 -8.68971e+03 
-3.89216e+03 -6.45051e+03 -8.15895e+03 
-3.90640e+03 -6.24502e+03 -7.57710e+03 
-3.89125e+03 -6.01884e+03 -6.96738e+03 
-3.86960e+03 -5.79573e+03 -6.33353e+03 
-3.83063e+03 -5.56931e+03 -5.65777e+03 
-3.74905e+03 -5.25815e+03 -4.81530e+03 
-3.54516e+03 -4.81771e+03 -3.89832e+03 
-3.12134e+03 -4.34355e+03 -3.13236e+03 
-2.84733e+03 -3.85856e+03 -2.62432e+03 
-2.51567e+03 -3.36039e+03 -2.33908e+03 
-2.16256e+03 -2.86996e+03 -2.20663e+03 
-1.79894e+03 -2.39268e+03 -2.14699e+03 
-1.44622e+03 -1.94718e+03 -2.11770e+03 
-1.18735e+03 -1.58666e+03 -2.08425e+03 
-7.70385e+02 -1.14368e+03 -2.11530e+03 
-4.54861e+02 -7.84285e+02 -2.08748e+03 
-1.49703e+02 -4.64932e+02 -2.06070e+03 
 6.17830e+00 -2.36785e+02 -1.96631e+03 
 3.21216e+02  9.16415e+00 -1.90418e+03 
 4.77956e+02  1.65993e+02 -1.84826e+03 
 6.25827e+02  3.04203e+02 -1.75648e+03 
 7.32003e+02  4.05276e+02 -1.68136e+03 
 7.81857e+02  4.87025e+02 -1.57515e+03 
-1.12901e+02 -6.06855e+01  4.01134e+01 
-1.46273e+02 -7.65709e+01  3.70139e+01 
-1.41356e+02 -5.68072e+01  6.78285e+01 
-1.30274e+02 -2.88726e+01  1.09923e+02 
-1.20176e+02  1.78946e+00  1.55853e+02 
-1.16172e+02  1.78763e+01  1.79960e+02 
-1.16360e+02  3.11986e+01  2.02902e+02 
-1.33304e+02  3.06232e+01  2.13280e+02 
-1.48306e+02  3.15982e+01  2.24869e+02 
-1.18064e+02  7.54074e+01  2.77964e+02 
-1.02147e+02  1.06341e+02  3.20082e+02 
-9.10737e+01  1.34058e+02  3.59333e+02 
-1.11003e+02  1.34896e+02  3.73122e+02 
-9.81724e+01  1.64333e+02  4.13219e+02 
-1.10308e+02  1.72528e+02  4.33251e+02 
-1.16556e+02  1.84986e+02  4.56087e+02 
-1.86154e+02  1.44042e+02  4.30961e+02 
-1.51995e+02  1.87412e+02  4.77754e+02 
-1.61189e+02  1.93898e+02  4.90546e+02 
-1.69451e+02  1.98899e+02  5.00026e+02 
-1.61903e+02  2.13760e+02  5.14824e+02 
-1.86154e+02  1.99519e+02  5.01980e+02 
-2.00253e+02  1.89331e+02  4.88483e+02 
-2.51136e+02  1.43783e+02  4.40527e+02 
-1.83731e+02  1.95525e+02  4.77097e+02 
-1.79027e+02  1.92287e+02  4.63290e+02 
-1.70142e+02  1.88839e+02  4.47913e+02 
-1.75736e+02  1.69842e+02  4.15387e+02 
-1.73920e+02  1.57051e+02  3.88835e+02 
-1.60197e+02  1.50785e+02  3.66963e+02 
-1.60730e+02  1.32436e+02  3.34072e+02 
-1.75724e+02  9.98184e+01  2.87976e+02 
-1.83991e+02  7.30674e+01  2.47902e+02 
-1.57409e+02  7.82619e+01  2.39517e+02 
-1.79976e+02  3.86787e+01  1.88562e+02 
-1.55531e+02  4.27384e+01  1.80191e+02 
-1.55364e+02  2.67290e+01  1.53102e+02 
-1.62317e+02  3.65249e+00  1.19751e+02 
-1.53349e+02 -2.37079e+00  1.04011e+02 
-1.54966e+02 -1.86964e+01  7.91145e+01 
-1.37215e+02 -1.42936e+01  7.59825e+01 
-1.45375e+02 -3.42715e+01  4.85667e+01 
-1.52245e+02 -5.19473e+01  2.40364e+01 
-1.74688e+02 -8.44041e+01 -1.45918e+01 
-1.87333e+02 -1.15313e+02 -5.67056e+01 
-2.38488e+02 -1.81995e+02 -1.33175e+02 
-2.62016e+02 -2.20086e+02 -1.79592e+02 
-2.81493e+02 -2.60284e+02 -2.29597e+02 
-1.66390e+02 -2.07121e+02 -1.86299e+02 
-1.82910e+02 -2.41194e+02 -2.35361e+02 
-1.91280e+02 -2.64963e+02 -2.72843e+02 
-2.00577e+02 -2.92802e+02 -3.17345e+02 
-2.24364e+02 -3.39369e+02 -3.85163e+02 
-2.29636e+02 -3.57232e+02 -4.14827e+02 
-2.39060e+02 -3.80628e+02 -4.51782e+02 
-2.61326e+02 -4.18005e+02 -5.04069e+02 
-2.75415e+02 -4.48600e+02 -5.51040e+02 
-3.04756e+02 -4.97299e+02 -6.19575e+02 
-3.22553e+02 -5.37384e+02 -6.80360e+02 
-3.19756e+02 -5.56492e+02 -7.21345e+02 
-3.42987e+02 -6.04089e+02 -7.94167e+02 
-3.56781e+02 -6.42934e+02 -8.58202e+02 
-3.62735e+02 -6.72548e+02 -9.12973e+02 
-4.00464e+02 -7.36750e+02 -1.00569e+03 
-4.22276e+02 -7.83396e+02 -1.08059e+03 
-4.34001e+02 -8.16080e+02 -1.13803e+03 
-4.50450e+02 -8.52417e+02 -1.19808e+03 
-4.80292e+02 -9.00401e+02 -1.26919e+03 
-5.05221e+02 -9.37929e+02 -1.32413e+03 
-5.15763e+02 -9.56021e+02 -1.35432e+03 
-5.43193e+02 -9.87066e+02 -1.39390e+03 
-5.45761e+02 -9.84845e+02 -1.39344e+03 
-5.47199e+02 -9.79977e+02 -1.38709e+03 
-5.34436e+02 -9.57307e+02 -1.35887e+03 
-5.15966e+02 -9.24154e+02 -1.31436e+03 
-5.20177e+02 -9.11357e+02 -1.28976e+03 
-4.72652e+02 -8.41683e+02 -1.19992e+03 
-4.59976e+02 -8.07649e+02 -1.14658e+03 
-4.31781e+02 -7.56236e+02 -1.07396e+03 
-4.07723e+02 -7.08694e+02 -1.00490e+03 
-4.13018e+02 -6.91591e+02 -9.67527e+02 
-3.83239e+02 -6.38877e+02 -8.92509e+02 
-3.65270e+02 -5.99744e+02 -8.33066e+02 
-3.40522e+02 -5.51688e+02 -7.61435e+02 
-3.15215e+02 -5.07924e+02 -6.98583e+02 
-3.17198e+02 -4.91140e+02 -6.63913e+02 
-3.14709e+02 -4.70666e+02 -6.26304e+02 
-2.78982e+02 -4.19993e+02 -5.59527e+02 
-2.72736e+02 -4.01017e+02 -5.27295e+02 
-2.76602e+02 -3.93054e+02 -5.07486e+02 
-2.55845e+02 -3.61304e+02 -4.64658e+02 
-2.58119e+02 -3.53188e+02 -4.46325e+02 
-2.59074e+02 -3.35134e+02 -4.10641e+02 
-2.18277e+02 -2.80138e+02 -3.42781e+02 
-2.35139e+02 -2.82821e+02 -3.34201e+02 
-2.29197e+02 -2.59999e+02 -2.99008e+02 
-1.24799e+02 -7.26816e+01  2.79337e+01 
-1.29103e+02 -5.85071e+00  1.48755e+02 
-9.32923e+01  1.14607e+02  3.29503e+02 
-1.13734e+02  1.69803e+02  4.34290e+02 
-1.38931e+02  2.00474e+02  4.94956e+02 
-1.50941e+02  2.15976e+02  5.22277e+02 
-1.69385e+02  2.14602e+02  5.23333e+02 
-1.65641e+02  2.16939e+02  5.15018e+02 
-1.86242e+02  1.94256e+02  4.86199e+02 
-1.64060e+02  1.95035e+02  4.63500e+02 
-1.81498e+02  1.49961e+02  3.92840e+02 
-1.61807e+02  1.31318e+02  3.43101e+02 
-1.64284e+02  7.20546e+01  2.40903e+02 
-1.36676e+02  2.80489e+01  1.47493e+02 
-1.68420e+02 -7.84449e+01 -8.28619e+00 
-2.64852e+02 -2.43780e+02 -2.17936e+02 
-1.73533e+02 -2.13378e+02 -1.92726e+02 
-2.20518e+02 -3.35434e+02 -3.82538e+02 
-2.87005e+02 -4.99987e+02 -6.45212e+02 
-3.75778e+02 -6.87456e+02 -9.37178e+02 
-4.35340e+02 -8.17866e+02 -1.14944e+03 
-4.72342e+02 -8.91839e+02 -1.27103e+03 
-5.16969e+02 -9.57766e+02 -1.36790e+03 
-5.38667e+02 -9.78123e+02 -1.39674e+03 
-5.36931e+02 -9.69727e+02 -1.38487e+03 
-5.20755e+02 -9.29662e+02 -1.32665e+03 
-4.84946e+02 -8.55908e+02 -1.21975e+03 
-4.43908e+02 -7.68375e+02 -1.08937e+03 
-3.72497e+02 -6.27557e+02 -8.80782e+02 
-3.03542e+02 -4.77920e+02 -6.49754e+02 
-2.41061e+02 -3.37105e+02 -4.29834e+02 
-2.21575e+02 -2.52830e+02 -2.88520e+02 
 4.47278e+03  4.38609e+03  4.41417e+03 
 4.47368e+03  4.38509e+03  4.41520e+03 
 4.47587e+03  4.38684e+03  4.41559e+03 
 4.47457e+03  4.38445e+03  4.41367e+03 
 4.47533e+03  4.38603e+03  4.41089e+03 
 4.47196e+03  4.38174e+03  4.39970e+03 
 4.47439e+03  4.38511e+03  4.38969e+03 
 4.47241e+03  4.38249e+03  4.37402e+03 
 4.47532e+03  4.38667e+03  4.35851e+03 
 4.47329e+03  4.38420e+03  4.34711e+03 
 4.47535e+03  4.38685e+03  4.33809e+03 
 4.47320e+03  4.38420e+03  4.32084e+03 
 4.47514e+03  4.38790e+03  4.30427e+03 
 4.47255e+03  4.38403e+03  4.29139e+03 
 4.47374e+03  4.38580e+03  4.27035e+03 
 4.47256e+03  4.38372e+03  4.25664e+03 
 4.47341e+03  4.38596e+03  4.23835e+03 
 4.47088e+03  4.38252e+03  4.21282e+03 
 4.47414e+03  4.38638e+03  4.19600e+03 
 4.47247e+03  4.38404e+03  4.17801e+03 
 4.47453e+03  4.38682e+03  4.16244e+03 
 4.47093e+03  4.38248e+03  4.13634e+03 
 4.47374e+03  4.38561e+03  4.12413e+03 
 4.47239e+03  4.38317e+03  4.10941e+03 
 4.47212e+03  4.38424e+03  4.09467e+03 
 4.47324e+03  4.38410e+03  4.08117e+03 
 4.47336e+03  4.38514e+03  4.07198e+03 
 4.47403e+03  4.38411e+03  4.05929e+03 
 4.47308e+03  4.38480e+03  4.05096e+03 
 4.47312e+03  4.38336e+03  4.03732e+03 
 4.47313e+03  4.38394e+03  4.02811e+03 
 4.47222e+03  4.38101e+03  4.01722e+03 
 4.47393e+03  4.38324e+03  4.01061e+03 
 4.47386e+03  4.38126e+03  4.00962e+03 
 4.47338e+03  4.37693e+03  4.00387e+03 
 4.47271e+03  4.36963e+03  3.99928e+03 
 4.46976e+03  4.36116e+03  3.98716e+03 
 4.46330e+03  4.34322e+03  3.98598e+03 
 4.45022e+03  4.32276e+03  3.98118e+03 
 4.42129e+03  4.28729e+03  3.97333e+03 
 4.39019e+03  4.25848e+03  3.96667e+03 
 4.32687e+03  4.20383e+03  3.96102e+03 
 4.26620e+03  4.15696e+03  3.95839e+03 
 4.19004e+03  4.09932e+03  3.94893e+03 
 4.10078e+03  4.03112e+03  3.94404e+03 
 4.05683e+03  3.99372e+03  3.94039e+03 
 4.00339e+03  3.94070e+03  3.93558e+03 
 3.96788e+03  3.89617e+03  3.92151e+03 
 3.95663e+03  3.85080e+03  3.90905e+03 
 3.97407e+03  3.82737e+03  3.91265e+03 
 4.01655e+03  3.81513e+03  3.90097e+03 
 4.07173e+03  3.81305e+03  3.89281e+03 
 4.14388e+03  3.82563e+03  3.87288e+03 
 4.20785e+03  3.84273e+03  3.87380e+03 
 4.28103e+03  3.87994e+03  3.86542e+03 
 4.34093e+03  3.92073e+03  3.85346e+03 
 4.38748e+03  3.96740e+03  3.83757e+03 
 4.42168e+03  4.00864e+03  3.83405e+03 
 4.44919e+03  4.07661e+03  3.82927e+03 
 4.46046e+03  4.12391e+03  3.82135e+03 
 4.46746e+03  4.17777e+03  3.80644e+03 
 4.46963e+03  4.21854e+03  3.80029e+03 
 4.47142e+03  4.25524e+03  3.80083e+03 
 4.47160e+03  4.28931e+03  3.79693e+03 
 4.47396e+03  4.32423e+03  3.78582e+03 
 4.47241e+03  4.33977e+03  3.77497e+03 
 4.47168e+03  4.35470e+03  3.76760e+03 
 4.47103e+03  4.36454e+03  3.76401e+03 
 4.45039e+03  4.35145e+03  3.73245e+03 
 4.47237e+03  4.37840e+03  3.75476e+03 
 4.46954e+03  4.37665e+03  3.74323e+03 
 4.47089e+03  4.38087e+03  3.74682e+03 
 4.47357e+03  4.38310e+03  3.73955e+03 
 4.47131e+03  4.38227e+03  3.73266e+03 
 4.47333e+03  4.38338e+03  3.72939e+03 
 4.47134e+03  4.38295e+03  3.72446e+03 
 4.46975e+03  4.38113e+03  3.72073e+03 
 4.47155e+03  4.38346e+03  3.72232e+03 
 4.47066e+03  4.38146e+03  3.71334e+03 
 4.47144e+03  4.38366e+03  3.71662e+03 
 4.47021e+03  4.38226e+03  3.71166e+03 
 4.46859e+03  4.38141e+03  3.70215e+03 
 4.47080e+03  4.38242e+03  3.70881e+03 
 4.47154e+03  4.38393e+03  3.71154e+03 
 4.47019e+03  4.38192e+03  3.71091e+03 
 4.47140e+03  4.38336e+03  3.71087e+03 
 4.47150e+03  4.38246e+03  3.71066e+03 
 4.47097e+03  4.38304e+03  3.71853e+03 
 4.47049e+03  4.38179e+03  3.72552e+03 
 4.47328e+03  4.38448e+03  3.73545e+03 
 4.47027e+03  4.38119e+03  3.74869e+03 
 4.47356e+03  4.38438e+03  3.78554e+03 
 4.47202e+03  4.38242e+03  3.81485e+03 
 4.47137e+03  4.38220e+03  3.86212e+03 
 4.47072e+03  4.38145e+03  3.93672e+03 
 4.46328e+03  4.37559e+03  3.97970e+03 
 1.16246e+03  3.80582e+03  5.94142e+03 
-9.19163e+01 -6.64142e+02 -1.61328e+03 
 8.18022e+02  2.67838e+03  4.24322e+03 
 7.36580e+01 -7.18271e+01 -5.56294e+02 
 0.00000e+00  9.00000e-01  0.00000e+00  9.99540e-01 
 0.00000e+00  8.71299e-01 -1.84230e-03  9.70290e-01 
 0.00000e+00  8.48880e-01 -3.73860e-03  9.77130e-01 
 0.00000e+00  8.26542e-01 -6.47676e-03  9.83970e-01 
 0.00000e+00  7.99830e-01 -1.04112e-02  9.92160e-01 
 0.00000e+00  7.73172e-01 -1.46979e-02  1.00035e+00 
 0.00000e+00  7.42149e-01 -2.01222e-02  1.00980e+00 
 0.00000e+00  7.06761e-01 -2.67264e-02  1.02069e+00 
 0.00000e+00  6.71409e-01 -3.35484e-02  1.03149e+00 
 0.00000e+00  6.36075e-01 -4.04244e-02  1.04229e+00 
 0.00000e+00  6.00714e-01 -4.71789e-02  9.23040e-01 
 0.00000e+00  5.65308e-01 -5.36796e-02  9.33840e-01 
 0.00000e+00  5.29830e-01 -5.98023e-02  9.44730e-01 
 0.00000e+00  4.94271e-01 -6.54129e-02  9.55620e-01 
 0.00000e+00  4.58613e-01 -7.03890e-02  9.66510e-01 
 0.00000e+00  4.22865e-01 -7.45848e-02  9.77490e-01 
 0.00000e+00  3.87009e-01 -7.78491e-02  9.88470e-01 
 0.00000e+00  3.51081e-01 -8.00424e-02  9.99450e-01 
 0.00000e+00  3.15090e-01 -8.09991e-02  1.01043e+00 
 0.00000e+00  2.79099e-01 -8.05437e-02  1.02150e+00 
 0.00000e+00  2.48535e-01 -7.91271e-02  1.03086e+00 
 0.00000e+00  2.20716e-01 -7.70238e-02  1.03941e+00 
 0.00000e+00  1.95651e-01 -7.44201e-02  1.04706e+00 
 0.00000e+00  1.73340e-01 -7.14969e-02  1.05390e+00 
 0.00000e+00  1.53783e-01 -6.84324e-02  1.05984e+00 
 0.00000e+00  1.36953e-01 -6.54012e-02  1.06506e+00 
 0.00000e+00  1.22832e-01 -6.25581e-02  1.06938e+00 
 0.00000e+00  1.11411e-01 -6.00255e-02  1.07289e+00 
 0.00000e+00  1.02663e-01 -5.79258e-02  9.20880e-01 
 0.00000e+00  9.42030e-02 -5.57505e-02  9.23580e-01 
 0.00000e+00  8.60490e-02 -5.35050e-02  9.26460e-01 
 0.00000e+00  7.81929e-02 -5.11911e-02  9.29520e-01 
 0.00000e+00  7.06392e-02 -4.88106e-02  9.32760e-01 
 0.00000e+00  6.33897e-02 -4.63662e-02  9.36180e-01 
 0.00000e+00  5.64507e-02 -4.38552e-02  9.39780e-01 
 0.00000e+00  4.98267e-02 -4.12713e-02  9.43560e-01 
 0.00000e+00  4.35222e-02 -3.86172e-02  9.47430e-01 
 0.00000e+00  3.75426e-02 -3.58956e-02  9.51480e-01 
 0.00000e+00  3.18924e-02 -3.31101e-02  9.55710e-01 
 0.00000e+00  2.65734e-02 -3.02697e-02  9.60030e-01 
 0.00000e+00  2.15847e-02 -2.73915e-02  9.64440e-01 
 0.00000e+00  1.69605e-02 -2.44323e-02  9.68940e-01 
 0.00000e+00  1.27962e-02 -2.12868e-02  9.73440e-01 
 0.00000e+00  9.13770e-03 -1.79550e-02  9.77940e-01 
 0.00000e+00  5.96844e-03 -1.45125e-02  9.82530e-01 
 0.00000e+00  3.36672e-03 -1.09548e-02  9.87030e-01 
 0.00000e+00  1.47150e-03 -7.27821e-03  9.91440e-01 
 0.00000e+00  3.52197e-04 -3.57831e-03  9.95670e-01 
 0.00000e+00  0.00000e+00  0.00000e+00  9.99540e-01 
 9.00000e-01  3.52197e-04  3.57831e-03  1.00332e+00 
 9.00000e-01  1.47150e-03  7.27821e-03  1.00755e+00 
 9.00000e-01  3.36672e-03  1.09548e-02  1.01196e+00 
 9.00000e-01  5.96844e-03  1.45125e-02  1.01646e+00 
 9.00000e-01  9.13770e-03  1.79550e-02  1.02105e+00 
 9.00000e-01  1.27962e-02  2.12868e-02  1.02555e+00 
 9.00000e-01  1.69605e-02  2.44323e-02  1.03005e+00 
 9.00000e-01  2.15847e-02  2.73915e-02  1.03455e+00 
 9.00000e-01  2.65734e-02  3.02697e-02  1.03896e+00 
 9.00000e-01  3.18924e-02  3.31101e-02  1.04328e+00 
 9.00000e-01  3.75426e-02  3.58956e-02  1.04751e+00 
 9.00000e-01  4.35222e-02  3.86172e-02  1.05156e+00 
 9.00000e-01  4.98267e-02  4.12713e-02  1.05552e+00 
 9.00000e-01  5.64507e-02  4.38552e-02  1.05921e+00 
 9.00000e-01  6.33897e-02  4.63662e-02  1.06281e+00 
 9.00000e-01  7.06392e-02  4.88106e-02  1.06632e+00 
 9.00000e-01  7.81929e-02  5.11911e-02  1.06956e+00 
 9.00000e-01  8.60490e-02  5.35050e-02  1.07253e+00 
 9.00000e-01  9.42030e-02  5.57505e-02  1.07541e+00 
 9.00000e-01  1.02663e-01  5.79258e-02  1.07811e+00 
 9.00000e-01  1.11411e-01  6.00255e-02  9.26100e-01 
 9.00000e-01  1.22832e-01  6.25581e-02  9.29610e-01 
 9.00000e-01  1.36953e-01  6.54012e-02  9.33930e-01 
 9.00000e-01  1.53783e-01  6.84324e-02  9.39150e-01 
 9.00000e-01  1.73340e-01  7.14969e-02  9.45090e-01 
 9.00000e-01  1.95651e-01  7.44201e-02  9.51930e-01 
 9.00000e-01  2.20716e-01  7.70238e-02  9.59580e-01 
 9.00000e-01  2.48535e-01  7.91271e-02  9.68130e-01 
 9.00000e-01  2.79099e-01  8.05437e-02  9.77490e-01 
 9.00000e-01  3.15090e-01  8.09991e-02  9.88560e-01 
 9.00000e-01  3.51081e-01  8.00424e-02  9.99540e-01 
 9.00000e-01  3.87009e-01  7.78491e-02  1.01052e+00 
 9.00000e-01  4.22865e-01  7.45848e-02  1.02150e+00 
 9.00000e-01  4.58613e-01  7.03890e-02  1.03248e+00 
 9.00000e-01  4.94271e-01  6.54129e-02  1.04337e+00 
 9.00000e-01  5.29830e-01  5.98023e-02  1.05426e+00 
 9.00000e-01  5.65308e-01  5.36796e-02  1.06515e+00 
 9.00000e-01  6.00714e-01  4.71789e-02  1.07604e+00 
 9.00000e-01  6.36075e-01  4.04244e-02  9.56700e-01 
 9.00000e-01  6.71409e-01  3.35484e-02  9.67500e-01 
 9.00000e-01  7.06761e-01  2.67264e-02  9.78300e-01 
 9.00000e-01  7.42149e-01  2.01222e-02  9.89190e-01 
 9.00000e-01  7.73172e-01  1.46979e-02  9.98640e-01 
 9.00000e-01  7.99830e-01  1.04112e-02  1.00683e+00 
 9.00000e-01  8.26542e-01  6.47676e-03  1.01502e+00 
 9.00000e-01  8.48880e-01  3.73860e-03  1.02186e+00 
 9.00000e-01  8.71299e-01  1.84230e-03  1.02870e+00 
 0.00000e+00 -2.85000e+00 -1.50000e+00  7.27000e-01 
 0.00000e+00 -2.55000e+00 -1.50000e+00  7.27000e-01 
 0.00000e+00 -2.35000e+00 -1.50000e+00  7.27000e-01 
 0.00000e+00 -2.15000e+00 -1.50000e+00  7.27000e-01 
 0.00000e+00 -1.95000e+00 -1.50000e+00  7.27000e-01 
 0.00000e+00 -1.85000e+00 -1.50000e+00  7.27000e-01 
 0.00000e+00 -1.75000e+00 -1.50000e+00  7.27000e-01 
 0.00000e+00 -1.65000e+00 -1.50000e+00  7.27000e-01 
 0.00000e+00 -1.55000e+00 -1.50000e+00  7.27000e-01 
 0.00000e+00 -1.45000e+00 -1.50000e+00  7.27000e-01 
 0.00000e+00 -1.35000e+00 -1.50000e+00  7.27000e-01 
 0.00000e+00 -1.25000e+00 -1.50000e+00  7.27000e-01 
 0.00000e+00 -1.15000e+00 -1.50000e+00  7.27000e-01 
 0.00000e+00 -1.05000e+00 -1.50000e+00  7.27000e-01 
 0.00000e+00 -9.50000e-01 -1.50000e+00  7.27000e-01 
 0.00000e+00 -8.50000e-01 -1.50000e+00  7.27000e-01 
 0.00000e+00 -7.50000e-01 -1.50000e+00  7.27000e-01 
 0.00000e+00 -6.50000e-01 -1.50000e+00  7.27000e-01 
 0.00000e+00 -5.50000e-01 -1.50000e+00  7.27000e-01 
 0.00000e+00 -4.50000e-01 -1.50000e+00  7.27000e-01 
 0.00000e+00 -3.50000e-01 -1.50000e+00  7.27000e-01 
 0.00000e+00 -2.50000e-01 -1.50000e+00  7.27000e-01 
 0.00000e+00 -1.50000e-01 -1.50000e+00  7.27000e-01 
 0.00000e+00 -5.00000e-02 -1.50000e+00  7.27000e-01 
 0.00000e+00  5.00000e-02 -1.50000e+00  7.27000e-01 
 0.00000e+00  1.50000e-01 -1.50000e+00  7.27000e-01 
 0.00000e+00  2.50000e-01 -1.50000e+00  7.27000e-01 
 0.00000e+00  3.50000e-01 -1.50000e+00  7.27000e-01 
 0.00000e+00  4.50000e-01 -1.50000e+00  7.27000e-01 
 0.00000e+00  5.50000e-01 -1.50000e+00  7.27000e-01 
 0.00000e+00  6.50000e-01 -1.50000e+00  7.27000e-01 
 0.00000e+00  7.50000e-01 -1.50000e+00  7.27000e-01 
 0.00000e+00  8.50000e-01 -1.50000e+00  7.27000e-01 
 0.00000e+00  9.50000e-01 -1.50000e+00  7.27000e-01 
 0.00000e+00  1.05000e+00 -1.50000e+00  7.27000e-01 
 0.00000e+00  1.15000e+00 -1.50000e+00  7.27000e-01 
 0.00000e+00  1.25000e+00 -1.50000e+00  7.27000e-01 
 0.00000e+00  1.35000e+00 -1.50000e+00  7.27000e-01 
 0.00000e+00  1.45000e+00 -1.50000e+00  7.27000e-01 
 0.00000e+00  1.55000e+00 -1.50000e+00  7.27000e-01 
 0.00000e+00  1.65000e+00 -1.50000e+00  7.27000e-01 
 0.00000e+00  1.75000e+00 -1.50000e+00  7.27000e-01 
 0.00000e+00  1.85000e+00 -1.50000e+00  7.27000e-01 
 0.00000e+00  1.95000e+00 -1.50000e+00  7.27000e-01 
 0.00000e+00  2.15000e+00 -1.50000e+00  7.27000e-01 
 0.00000e+00  2.35000e+00 -1.50000e+00  7.27000e-01 
 0.00000e+00  2.55000e+00 -1.50000e+00  7.27000e-01 
 0.00000e+00  2.85000e+00 -1.50000e+00  7.27000e-01 
 1.00000e+00 -2.85000e+00  1.50000e+00  7.27000e-01 
 1.00000e+00 -2.55000e+00  1.50000e+00  7.27000e-01 
 1.00000e+00 -2.35000e+00  1.50000e+00  7.27000e-01 
 1.00000e+00 -2.15000e+00  1.50000e+00  7.27000e-01 
 1.00000e+00 -1.95000e+00  1.50000e+00  7.27000e-01 
 1.00000e+00 -1.85000e+00  1.50000e+00  7.27000e-01 
 1.00000e+00 -1.75000e+00  1.50000e+00  7.27000e-01 
 1.00000e+00 -1.65000e+00  1.50000e+00  7.27000e-01 
 1.00000e+00 -1.55000e+00  1.50000e+00  7.27000e-01 
 1.00000e+00 -1.45000e+00  1.50000e+00  7.27000e-01 
 1.00000e+00 -1.35000e+00  1.50000e+00  7.27000e-01 
 1.00000e+00 -1.25000e+00  1.50000e+00  7.27000e-01 
 1.00000e+00 -1.15000e+00  1.50000e+00  7.27000e-01 
 1.00000e+00 -1.05000e+00  1.50000e+00  7.27000e-01 
 1.00000e+00 -9.50000e-01  1.50000e+00  7.27000e-01 
 1.00000e+00 -8.50000e-01  1.50000e+00  7.27000e-01 
 1.00000e+00 -7.50000e-01  1.50000e+00  7.27000e-01 
 1.00000e+00 -6.50000e-01  1.50000e+00  7.27000e-01 
 1.00000e+00 -5.50000e-01  1.50000e+00  7.27000e-01 
 1.00000e+00 -4.50000e-01  1.50000e+00  7.27000e-01 
 1.00000e+00 -3.50000e-01  1.50000e+00  7.27000e-01 
 1.00000e+00 -2.50000e-01  1.50000e+00  7.27000e-01 
 1.00000e+00 -1.50000e-01  1.50000e+00  7.27000e-01 
 1.00000e+00 -5.00000e-02  1.50000e+00  7.27000e-01 
 1.00000e+00  5.00000e-02  1.50000e+00  7.27000e-01 
 1.00000e+00  1.50000e-01  1.50000e+00  7.27000e-01 
 1.00000e+00  2.50000e-01  1.50000e+00  7.27000e-01 
 1.00000e+00  3.50000e-01  1.50000e+00  7.27000e-01 
 1.00000e+00  4.50000e-01  1.50000e+00  7.27000e-01 
 1.00000e+00  5.50000e-01  1.50000e+00  7.27000e-01 
 1.00000e+00  6.50000e-01  1.50000e+00  7.27000e-01 
 1.00000e+00  7.50000e-01  1.50000e+00  7.27000e-01 
 1.00000e+00  8.50000e-01  1.50000e+00  7.27000e-01 
 1.00000e+00  9.50000e-01  1.50000e+00  7.27000e-01 
 1.00000e+00  1.05000e+00  1.50000e+00  7.27000e-01 
 1.00000e+00  1.15000e+00  1.50000e+00  7.27000e-01 
 1.00000e+00  1.25000e+00  1.50000e+00  7.27000e-01 
 1.00000e+00  1.35000e+00  1.50000e+00  7.27000e-01 
 1.00000e+00  1.45000e+00  1.50000e+00  7.27000e-01 
 1.00000e+00  1.55000e+00  1.50000e+00  7.27000e-01 
 1.00000e+00  1.65000e+00  1.50000e+00  7.27000e-01 
 1.00000e+00  1.75000e+00  1.50000e+00  7.27000e-01 
 1.00000e+00  1.85000e+00  1.50000e+00  7.27000e-01 
 1.00000e+00  1.95000e+00  1.50000e+00  7.27000e-01 
 1.00000e+00  2.15000e+00  1.50000e+00  7.27000e-01 
 1.00000e+00  2.35000e+00  1.50000e+00  7.27000e-01 
 1.00000e+00  2.55000e+00  1.50000e+00  7.27000e-01 
 1.00000e+00  2.85000e+00  1.50000e+00  7.27000e-01 
 2.00000e+00 -2.85000e+00 -1.50000e+00  1.26700e+00 
 2.00000e+00 -1.95000e+00 -1.50000e+00  1.26700e+00 
 2.00000e+00 -1.35000e+00 -1.50000e+00  1.26700e+00 
 2.00000e+00 -9.50000e-01 -1.50000e+00  1.26700e+00 
 2.00000e+00 -6.50000e-01 -1.50000e+00  1.26700e+00 
 2.00000e+00 -4.50000e-01 -1.50000e+00  1.26700e+00 
 2.00000e+00 -2.50000e-01 -1.50000e+00  1.26700e+00 
 2.00000e+00 -5.00000e-02 -1.50000e+00  1.26700e+00 
 2.00000e+00  5.00000e-02 -1.50000e+00  1.26700e+00 
 2.00000e+00  2.50000e-01 -1.50000e+00  1.26700e+00 
 2.00000e+00  4.50000e-01 -1.50000e+00  1.26700e+00 
 2.00000e+00  6.50000e-01 -1.50000e+00  1.26700e+00 
 2.00000e+00  9.50000e-01 -1.50000e+00  1.26700e+00 
 2.00000e+00  1.35000e+00 -1.50000e+00  1.26700e+00 
 2.00000e+00  1.95000e+00 -1.50000e+00  1.26700e+00 
 2.00000e+00  2.85000e+00 -1.50000e+00  1.26700e+00 
 3.00000e+00 -2.85000e+00  1.50000e+00  1.26700e+00 
 3.00000e+00 -1.95000e+00  1.50000e+00  1.26700e+00 
 3.00000e+00 -1.35000e+00  1.50000e+00  1.26700e+00 
 3.00000e+00 -9.50000e-01  1.50000e+00  1.26700e+00 
 3.00000e+00 -6.50000e-01  1.50000e+00  1.26700e+00 
 3.00000e+00 -4.50000e-01  1.50000e+00  1.26700e+00 
 3.00000e+00 -2.50000e-01  1.50000e+00  1.26700e+00 
 3.00000e+00 -5.00000e-02  1.50000e+00  1.26700e+00 
 3.00000e+00  5.00000e-02  1.50000e+00  1.26700e+00 
 3.00000e+00  2.50000e-01  1.50000e+00  1.26700e+00 
 3.00000e+00  4.50000e-01  1.50000e+00  1.26700e+00 
 3.00000e+00  6.50000e-01  1.50000e+00  1.26700e+00 
 3.00000e+00  9.50000e-01  1.50000e+00  1.26700e+00 
 3.00000e+00  1.35000e+00  1.50000e+00  1.26700e+00 
 3.00000e+00  1.95000e+00  1.50000e+00  1.26700e+00 
 3.00000e+00  2.85000e+00  1.50000e+00  1.26700e+00 
 0.00000e+00  0.00000e+00 -3.47500e-01  0.00000e+00 
 0.00000e+00  0.00000e+00 -3.17500e-01  0.00000e+00 
 0.00000e+00  0.00000e+00 -2.87500e-01  0.00000e+00 
 0.00000e+00  0.00000e+00 -2.67500e-01  0.00000e+00 
 0.00000e+00  0.00000e+00 -2.47500e-01  0.00000e+00 
 0.00000e+00  0.00000e+00 -2.32500e-01  0.00000e+00 
 0.00000e+00  0.00000e+00 -2.17500e-01  0.00000e+00 
 0.00000e+00  0.00000e+00 -2.07500e-01  0.00000e+00 
 0.00000e+00  0.00000e+00 -1.97500e-01  0.00000e+00 
 0.00000e+00  0.00000e+00 -1.92500e-01  0.00000e+00 
 0.00000e+00  0.00000e+00 -1.87500e-01  0.00000e+00 
 0.00000e+00  0.00000e+00 -1.82500e-01  0.00000e+00 
 0.00000e+00  0.00000e+00 -1.77500e-01  0.00000e+00 
 0.00000e+00  0.00000e+00 -1.72500e-01  0.00000e+00 
 0.00000e+00  0.00000e+00 -1.67500e-01  0.00000e+00 
 0.00000e+00  0.00000e+00 -1.62500e-01  0.00000e+00 
 0.00000e+00  0.00000e+00 -1.57500e-01  0.00000e+00 
 0.00000e+00  0.00000e+00 -1.52500e-01  0.00000e+00 
 0.00000e+00  0.00000e+00 -1.47500e-01  0.00000e+00 
 0.00000e+00  0.00000e+00 -1.42500e-01  0.00000e+00 
 0.00000e+00  0.00000e+00 -1.37500e-01  0.00000e+00 
 0.00000e+00  0.00000e+00 -1.32500e-01  0.00000e+00 
 0.00000e+00  0.00000e+00 -1.27500e-01  0.00000e+00 
 0.00000e+00  0.00000e+00 -1.22500e-01  0.00000e+00 
 0.00000e+00  0.00000e+00 -1.17500e-01  0.00000e+00 
 0.00000e+00  0.00000e+00 -1.12500e-01  0.00000e+00 
 0.00000e+00  0.00000e+00 -1.07500e-01  0.00000e+00 
 0.00000e+00  0.00000e+00 -1.02500e-01  0.00000e+00 
 0.00000e+00  0.00000e+00 -9.75000e-02  0.00000e+00 
 0.00000e+00  0.00000e+00 -9.25000e-02  0.00000e+00 
 0.00000e+00  0.00000e+00 -8.75000e-02  0.00000e+00 
 0.00000e+00  0.00000e+00 -8.25000e-02  0.00000e+00 
 0.00000e+00  0.00000e+00 -7.75000e-02  0.00000e+00 
 0.00000e+00  0.00000e+00 -7.25000e-02  0.00000e+00 
 0.00000e+00  0.00000e+00 -6.75000e-02  0.00000e+00 
 0.00000e+00  0.00000e+00 -6.25000e-02  0.00000e+00 
 0.00000e+00  0.00000e+00 -5.75000e-02  0.00000e+00 
 0.00000e+00  0.00000e+00 -5.25000e-02  0.00000e+00 
 0.00000e+00  0.00000e+00 -4.75000e-02  0.00000e+00 
 0.00000e+00  0.00000e+00 -4.25000e-02  0.00000e+00 
 0.00000e+00  0.00000e+00 -3.75000e-02  0.00000e+00 
 0.00000e+00  0.00000e+00 -3.25000e-02  0.00000e+00 
 0.00000e+00  0.00000e+00 -2.75000e-02  0.00000e+00 
 0.00000e+00  0.00000e+00 -2.25000e-02  0.00000e+00 
 0.00000e+00  0.00000e+00 -1.75000e-02  0.00000e+00 
 0.00000e+00  0.00000e+00 -1.25000e-02  0.00000e+00 
 0.00000e+00  0.00000e+00 -7.50000e-03  0.00000e+00 
 0.00000e+00  0.00000e+00 -2.50000e-03  0.00000e+00 
 0.00000e+00  0.00000e+00  2.50000e-03  0.00000e+00 
 0.00000e+00  0.00000e+00  7.50000e-03  0.00000e+00 
 0.00000e+00  0.00000e+00  1.25000e-02  0.00000e+00 
 0.00000e+00  0.00000e+00  1.75000e-02  0.00000e+00 
 0.00000e+00  0.00000e+00  2.25000e-02  0.00000e+00 
 0.00000e+00  0.00000e+00  2.75000e-02  0.00000e+00 
 0.00000e+00  0.00000e+00  3.25000e-02  0.00000e+00 
 0.00000e+00  0.00000e+00  3.75000e-02  0.00000e+00 
 0.00000e+00  0.00000e+00  4.25000e-02  0.00000e+00 
 0.00000e+00  0.00000e+00  4.75000e-02  0.00000e+00 
 0.00000e+00  0.00000e+00  5.25000e-02  0.00000e+00 
 0.00000e+00  0.00000e+00  5.75000e-02  0.00000e+00 
 0.00000e+00  0.00000e+00  6.25000e-02  0.00000e+00 
 0.00000e+00  0.00000e+00  6.75000e-02  0.00000e+00 
 0.00000e+00  0.00000e+00  7.25000e-02  0.00000e+00 
 0.00000e+00  0.00000e+00  7.75000e-02  0.00000e+00 
 0.00000e+00  0.00000e+00  8.25000e-02  0.00000e+00 
 0.00000e+00  0.00000e+00  8.75000e-02  0.00000e+00 
 0.00000e+00  0.00000e+00  9.25000e-02  0.00000e+00 
 0.00000e+00  0.00000e+00  9.75000e-02  0.00000e+00 
 0.00000e+00  0.00000e+00  1.02500e-01  0.00000e+00 
 0.00000e+00  0.00000e+00  1.07500e-01  0.00000e+00 
 0.00000e+00  0.00000e+00  1.12500e-01  0.00000e+00 
 0.00000e+00  0.00000e+00  1.17500e-01  0.00000e+00 
 0.00000e+00  0.00000e+00  1.22500e-01  0.00000e+00 
 0.00000e+00  0.00000e+00  1.27500e-01  0.00000e+00 
 0.00000e+00  0.00000e+00  1.32500e-01  0.00000e+00 
 0.00000e+00  0.00000e+00  1.37500e-01  0.00000e+00 
 0.00000e+00  0.00000e+00  1.42500e-01  0.00000e+00 
 0.00000e+00  0.00000e+00  1.47500e-01  0.00000e+00 
 0.00000e+00  0.00000e+00  1.52500e-01  0.00000e+00 
 0.00000e+00  0.00000e+00  1.57500e-01  0.00000e+00 
 0.00000e+00  0.00000e+00  1.62500e-01  0.00000e+00 
 0.00000e+00  0.00000e+00  1.67500e-01  0.00000e+00 
 0.00000e+00  0.00000e+00  1.72500e-01  0.00000e+00 
 0.00000e+00  0.00000e+00  1.77500e-01  0.00000e+00 
 0.00000e+00  0.00000e+00  1.82500e-01  0.00000e+00 
 0.00000e+00  0.00000e+00  1.87500e-01  0.00000e+00 
 0.00000e+00  0.00000e+00  1.92500e-01  0.00000e+00 
 0.00000e+00  0.00000e+00  1.97500e-01  0.00000e+00 
 0.00000e+00  0.00000e+00  2.07500e-01  0.00000e+00 
 0.00000e+00  0.00000e+00  2.17500e-01  0.00000e+00 
 0.00000e+00  0.00000e+00  2.32500e-01  0.00000e+00 
 0.00000e+00  0.00000e+00  2.47500e-01  0.00000e+00 
 0.00000e+00  0.00000e+00  2.67500e-01  0.00000e+00 
 0.00000e+00  0.00000e+00  2.87500e-01  0.00000e+00 
 0.00000e+00  0.00000e+00  3.17500e-01  0.00000e+00 
 0.00000e+00  0.00000e+00  3.47500e-01  0.00000e+00 
