 3.30025e+00  8.97056e+00  1.59707e+01 
 8.45355e+01  8.40051e+01  8.38178e+01 
 1.34923e+01  1.46203e+01  1.46835e+01 
 5.28870e+06  5.21992e+06  5.20977e+06 
 4.42636e+03  4.35466e+03  4.33725e+03 
 1.02279e+05  1.02293e+05  1.02305e+05 
 5.60861e+02  3.59400e+02 -1.81385e+03 
 9.67694e+02  9.95935e+02 -1.42168e+02 
 9.47933e+02  1.04247e+03  1.12317e+02 
 8.56334e+02  9.99537e+02  2.03584e+02 
 7.10222e+02  9.06516e+02  2.34193e+02 
 5.97483e+02  8.50831e+02  3.10121e+02 
 4.29842e+02  7.46304e+02  2.68142e+02 
 2.12611e+02  6.05114e+02  2.37017e+02 
-1.75484e+00  4.73820e+02  2.03809e+02 
-2.36711e+02  3.31569e+02  1.59861e+02 
-4.86291e+02  2.02520e+02  1.14184e+02 
-7.19857e+02 -6.41644e+00  8.17742e+01 
-9.29259e+02 -1.21044e+02  6.21676e+01 
-1.09623e+03 -2.23053e+02  6.43774e+01 
-1.46097e+03 -3.16952e+02  8.17898e+01 
-1.62485e+03 -3.72823e+02  1.44399e+02 
-1.76997e+03 -3.86542e+02  2.53651e+02 
-1.87043e+03 -3.43258e+02  4.19393e+02 
-1.92465e+03 -2.47771e+02  6.33897e+02 
-1.81902e+03 -1.61457e+01  9.66288e+02 
-1.68665e+03  2.25172e+02  1.28568e+03 
-1.55055e+03  4.69410e+02  1.60034e+03 
-1.39037e+03  7.27183e+02  1.91262e+03 
-1.19808e+03  1.00398e+03  2.22743e+03 
-1.01184e+03  1.26583e+03  2.51760e+03 
-8.14805e+02  1.53023e+03  2.79288e+03 
-6.48081e+02  1.76006e+03  3.02755e+03 
-4.92901e+02  1.96703e+03  3.23051e+03 
-3.59943e+02  2.14011e+03  3.39157e+03 
-1.96084e+02  2.32507e+03  3.55184e+03 
-3.47730e+01  2.51657e+03  3.71403e+03 
 1.25105e+02  2.70463e+03  3.86606e+03 
 3.03138e+02  2.90375e+03  4.01410e+03 
 4.93238e+02  3.10635e+03  4.14903e+03 
 7.13727e+02  3.31762e+03  4.26978e+03 
 9.46942e+02  3.52986e+03  4.36647e+03 
 1.21149e+03  3.74030e+03  4.42900e+03 
 1.50645e+03  3.94625e+03  4.44251e+03 
 1.81087e+03  4.12770e+03  4.39043e+03 
 2.15452e+03  4.28384e+03  4.23911e+03 
 2.47530e+03  4.38211e+03  3.93264e+03 
 2.83780e+03  4.39297e+03  3.35457e+03 
 3.29947e+03  4.23904e+03  2.39767e+03 
 3.77879e+03  3.80262e+03  9.23376e+02 
 4.19244e+03  2.89166e+03 -1.43377e+03 
 4.43466e+03  1.23210e+03 -5.10544e+03 
 4.34625e+03 -1.48676e+03 -1.03248e+04 
 3.75561e+03 -4.90558e+03 -1.61872e+04 
 2.63688e+03 -8.73669e+03 -2.22301e+04 
 1.03888e+03 -1.25050e+04 -2.74946e+04 
-7.47203e+02 -1.56769e+04 -3.13147e+04 
-2.17255e+03 -1.68146e+04 -3.11529e+04 
-3.18009e+03 -1.68858e+04 -2.93574e+04 
-3.83108e+03 -1.63542e+04 -2.75040e+04 
-4.52301e+03 -1.61518e+04 -2.62035e+04 
-4.76032e+03 -1.52311e+04 -2.23332e+04 
-4.60107e+03 -1.43573e+04 -1.99707e+04 
-4.51808e+03 -1.29945e+04 -1.82018e+04 
-4.56049e+03 -1.17051e+04 -1.68848e+04 
-4.61907e+03 -1.15032e+04 -1.58715e+04 
-4.68058e+03 -1.11718e+04 -1.49778e+04 
-4.71836e+03 -1.08062e+04 -1.41358e+04 
-4.73557e+03 -1.04589e+04 -1.33752e+04 
-4.72041e+03 -1.00937e+04 -1.26360e+04 
-4.71643e+03 -9.80111e+03 -1.20088e+04 
-4.71319e+03 -9.51512e+03 -1.14084e+04 
-4.70305e+03 -9.25438e+03 -1.08642e+04 
-4.69402e+03 -9.00623e+03 -1.03439e+04 
-4.68685e+03 -8.77816e+03 -9.86079e+03 
-4.66561e+03 -8.55105e+03 -9.36275e+03 
-4.64333e+03 -8.29862e+03 -8.81049e+03 
-4.61404e+03 -8.03799e+03 -8.20180e+03 
-4.59430e+03 -7.74269e+03 -7.52276e+03 
-4.57726e+03 -7.47331e+03 -6.82290e+03 
-4.53937e+03 -7.16947e+03 -6.02785e+03 
-4.47336e+03 -6.84855e+03 -5.14304e+03 
-4.40310e+03 -6.53284e+03 -4.15231e+03 
-4.31981e+03 -6.21424e+03 -3.13727e+03 
-4.10931e+03 -5.80690e+03 -2.33627e+03 
-3.83720e+03 -5.27754e+03 -2.02139e+03 
-3.52038e+03 -4.72383e+03 -1.93313e+03 
-3.16200e+03 -4.16692e+03 -1.91947e+03 
-2.77295e+03 -3.60442e+03 -1.92711e+03 
-2.37912e+03 -3.05905e+03 -1.94722e+03 
-1.98468e+03 -2.53402e+03 -1.96901e+03 
-1.60628e+03 -2.05008e+03 -2.00242e+03 
-1.32002e+03 -1.65124e+03 -2.00930e+03 
-8.92048e+02 -1.20707e+03 -2.01396e+03 
-5.59064e+02 -8.49497e+02 -2.02936e+03 
-2.43482e+02 -5.44880e+02 -2.05735e+03 
-6.42701e+01 -3.21745e+02 -2.03801e+03 
 2.43350e+02 -1.21389e+02 -2.04960e+03 
 4.04682e+02  1.74896e+01 -2.06477e+03 
 5.53585e+02  1.40473e+02 -2.02258e+03 
 6.59951e+02  2.31208e+02 -2.00659e+03 
 7.21428e+02  3.16657e+02 -1.98189e+03 
-9.97716e+01 -3.49832e+01  7.80402e+01 
-1.28260e+02 -4.44872e+01  7.32789e+01 
-1.19128e+02 -1.95337e+01  1.02858e+02 
-1.03335e+02  1.45442e+01  1.43570e+02 
-8.73447e+01  5.25489e+01  1.87384e+02 
-8.00862e+01  7.25299e+01  2.10233e+02 
-7.60192e+01  9.04227e+01  2.31928e+02 
-8.84021e+01  9.52429e+01  2.40680e+02 
-9.88915e+01  1.01525e+02  2.50476e+02 
-6.44498e+01  1.50008e+02  3.01940e+02 
-4.39123e+01  1.86465e+02  3.42007e+02 
-2.82381e+01  2.20063e+02  3.78707e+02 
-4.21418e+01  2.27563e+02  3.89713e+02 
-2.43352e+01  2.62773e+02  4.27223e+02 
-3.05988e+01  2.77495e+02  4.44057e+02 
-3.12836e+01  2.96081e+02  4.63289e+02 
-9.30311e+01  2.64349e+02  4.34148e+02 
-5.55277e+01  3.10889e+02  4.77084e+02 
-6.00450e+01  3.21989e+02  4.85444e+02 
-6.44094e+01  3.31337e+02  4.90131e+02 
-5.43645e+01  3.48374e+02  4.99272e+02 
-7.58673e+01  3.37270e+02  4.81163e+02 
-8.89882e+01  3.28160e+02  4.62254e+02 
-1.38060e+02  2.84391e+02  4.07460e+02 
-7.54339e+01  3.30803e+02  4.40057e+02 
-7.28327e+01  3.24976e+02  4.21211e+02 
-6.78993e+01  3.18025e+02  4.00808e+02 
-7.71890e+01  2.94422e+02  3.64248e+02 
-7.95835e+01  2.76702e+02  3.34290e+02 
-7.19157e+01  2.63919e+02  3.10811e+02 
-7.74368e+01  2.39356e+02  2.76597e+02 
-9.78132e+01  2.00901e+02  2.30200e+02 
-1.11015e+02  1.67748e+02  1.90956e+02 
-9.04627e+01  1.65879e+02  1.85582e+02 
-1.18158e+02  1.20538e+02  1.36465e+02 
-9.95646e+01  1.17576e+02  1.32413e+02 
-1.03957e+02  9.54344e+01  1.09369e+02 
-1.15580e+02  6.66916e+01  7.99032e+01 
-1.10566e+02  5.52054e+01  6.83855e+01 
-1.16221e+02  3.40164e+01  4.72426e+01 
-1.02554e+02  3.39327e+01  4.79541e+01 
-1.14077e+02  9.85712e+00  2.39748e+01 
-1.23759e+02 -1.13983e+01  2.48689e+00 
-1.48984e+02 -4.73677e+01 -3.33021e+01 
-1.66712e+02 -8.46714e+01 -6.99147e+01 
-2.22144e+02 -1.56759e+02 -1.40838e+02 
-2.49671e+02 -2.00058e+02 -1.80657e+02 
-2.74534e+02 -2.48077e+02 -2.19746e+02 
-1.79020e+02 -2.15603e+02 -1.44651e+02 
-2.00312e+02 -2.56362e+02 -1.92624e+02 
-2.12945e+02 -2.85942e+02 -2.29347e+02 
-2.27185e+02 -3.20817e+02 -2.73003e+02 
-2.57127e+02 -3.76466e+02 -3.39839e+02 
-2.65651e+02 -3.99207e+02 -3.69554e+02 
-2.78978e+02 -4.28238e+02 -4.06264e+02 
-3.05385e+02 -4.71799e+02 -4.58110e+02 
-3.23813e+02 -5.08925e+02 -5.04868e+02 
-3.58007e+02 -5.65593e+02 -5.73442e+02 
-3.82085e+02 -6.14121e+02 -6.34249e+02 
-3.85015e+02 -6.42077e+02 -6.75611e+02 
-4.14734e+02 -6.99420e+02 -7.49147e+02 
-4.35012e+02 -7.48671e+02 -8.14469e+02 
-4.46975e+02 -7.87735e+02 -8.70022e+02 
-4.91749e+02 -8.62252e+02 -9.64022e+02 
-5.20060e+02 -9.19766e+02 -1.04139e+03 
-5.37384e+02 -9.61441e+02 -1.10176e+03 
-5.58763e+02 -1.00605e+03 -1.16511e+03 
-5.93430e+02 -1.06205e+03 -1.23996e+03 
-6.21449e+02 -1.10482e+03 -1.29942e+03 
-6.34219e+02 -1.12588e+03 -1.33475e+03 
-6.62320e+02 -1.15842e+03 -1.37957e+03 
-6.63518e+02 -1.15443e+03 -1.38486e+03 
-6.63375e+02 -1.14707e+03 -1.38499e+03 
-6.48183e+02 -1.12003e+03 -1.36287e+03 
-6.26035e+02 -1.08002e+03 -1.32441e+03 
-6.25680e+02 -1.06026e+03 -1.30516e+03 
-5.72370e+02 -9.80949e+02 -1.21961e+03 
-5.54048e+02 -9.37345e+02 -1.17011e+03 
-5.19606e+02 -8.76431e+02 -1.09970e+03 
-4.89532e+02 -8.20472e+02 -1.03198e+03 
-4.88863e+02 -7.94086e+02 -9.95848e+02 
-4.53264e+02 -7.32712e+02 -9.20123e+02 
-4.29253e+02 -6.84705e+02 -8.59597e+02 
-3.98472e+02 -6.27703e+02 -7.85663e+02 
-3.67847e+02 -5.76962e+02 -7.20531e+02 
-3.64795e+02 -5.53200e+02 -6.83914e+02 
-3.57245e+02 -5.26469e+02 -6.44425e+02 
-3.17537e+02 -4.69749e+02 -5.75065e+02 
-3.07933e+02 -4.45908e+02 -5.40850e+02 
-3.08617e+02 -4.33465e+02 -5.19692e+02 
-2.84789e+02 -3.97449e+02 -4.75259e+02 
-2.84182e+02 -3.85322e+02 -4.55962e+02 
-2.79991e+02 -3.60146e+02 -4.18880e+02 
-2.35231e+02 -2.99992e+02 -3.49954e+02 
-2.48176e+02 -2.97544e+02 -3.42748e+02 
-2.37419e+02 -2.68611e+02 -3.10071e+02 
-1.11641e+02 -4.68809e+01  6.51848e+01 
-9.59344e+01  4.49425e+01  1.79839e+02 
-3.53397e+01  1.94600e+02  3.49451e+02 
-3.37892e+01  2.75235e+02  4.41921e+02 
-4.23819e+01  3.23582e+02  4.89560e+02 
-4.62222e+01  3.47775e+02  5.06281e+02 
-5.92722e+01  3.51646e+02  4.95528e+02 
-5.59795e+01  3.53292e+02  4.74978e+02 
-7.74649e+01  3.30045e+02  4.40387e+02 
-6.11989e+01  3.23673e+02  4.07537e+02 
-8.71101e+01  2.69692e+02  3.28638e+02 
-7.83670e+01  2.38319e+02  2.76597e+02 
-9.73720e+01  1.59700e+02  1.79737e+02 
-9.02597e+01  9.05184e+01  1.04430e+02 
-1.42888e+02 -4.13471e+01 -2.72262e+01 
-2.58040e+02 -2.31664e+02 -2.03612e+02 
-1.85857e+02 -2.22194e+02 -1.49981e+02 
-2.53208e+02 -3.72400e+02 -3.36016e+02 
-3.46050e+02 -5.76103e+02 -5.96008e+02 
-4.60614e+02 -8.03115e+02 -8.87462e+02 
-5.38407e+02 -9.62677e+02 -1.10398e+03 
-5.85393e+02 -1.05303e+03 -1.23177e+03 
-6.35681e+02 -1.12778e+03 -1.33794e+03 
-6.56850e+02 -1.14815e+03 -1.37944e+03 
-6.53231e+02 -1.13647e+03 -1.37519e+03 
-6.31072e+02 -1.08564e+03 -1.33125e+03 
-5.85262e+02 -9.95645e+02 -1.23662e+03 
-5.32116e+02 -8.89275e+02 -1.11385e+03 
-4.42166e+02 -7.20803e+02 -9.08238e+02 
-3.51184e+02 -5.39887e+02 -6.70006e+02 
-2.67597e+02 -3.69356e+02 -4.39849e+02 
-2.29981e+02 -2.61661e+02 -3.02417e+02 
 4.44114e+03  4.37477e+03  4.36475e+03 
 4.44074e+03  4.37359e+03  4.36072e+03 
 4.44306e+03  4.37543e+03  4.31829e+03 
 4.44142e+03  4.37328e+03  4.27928e+03 
 4.44312e+03  4.37507e+03  4.23514e+03 
 4.43929e+03  4.37016e+03  4.19171e+03 
 4.44220e+03  4.37356e+03  4.14771e+03 
 4.43975e+03  4.37064e+03  4.10639e+03 
 4.44342e+03  4.37461e+03  4.07085e+03 
 4.44099e+03  4.37202e+03  4.06474e+03 
 4.44327e+03  4.37490e+03  4.04392e+03 
 4.44064e+03  4.37190e+03  4.01966e+03 
 4.44381e+03  4.37593e+03  3.99401e+03 
 4.44015e+03  4.37187e+03  3.98229e+03 
 4.44148e+03  4.37385e+03  3.96282e+03 
 4.43973e+03  4.37170e+03  3.93573e+03 
 4.44140e+03  4.37383e+03  3.91697e+03 
 4.43843e+03  4.37035e+03  3.89496e+03 
 4.44186e+03  4.37447e+03  3.87020e+03 
 4.43978e+03  4.37224e+03  3.83723e+03 
 4.44254e+03  4.37515e+03  3.81425e+03 
 4.43815e+03  4.37067e+03  3.79130e+03 
 4.44135e+03  4.37408e+03  3.78170e+03 
 4.43969e+03  4.37149e+03  3.75675e+03 
 4.44009e+03  4.37295e+03  3.73845e+03 
 4.44077e+03  4.37270e+03  3.71452e+03 
 4.44113e+03  4.37382e+03  3.68415e+03 
 4.44125e+03  4.37282e+03  3.65218e+03 
 4.44086e+03  4.37351e+03  3.63316e+03 
 4.44027e+03  4.37184e+03  3.61906e+03 
 4.44072e+03  4.37222e+03  3.59081e+03 
 4.43923e+03  4.36818e+03  3.57707e+03 
 4.44124e+03  4.36949e+03  3.56028e+03 
 4.44104e+03  4.36553e+03  3.53134e+03 
 4.44064e+03  4.35878e+03  3.47740e+03 
 4.43938e+03  4.35054e+03  3.46563e+03 
 4.43601e+03  4.33834e+03  3.46016e+03 
 4.42828e+03  4.32006e+03  3.43798e+03 
 4.41378e+03  4.29711e+03  3.39481e+03 
 4.38552e+03  4.26629e+03  3.37997e+03 
 4.35798e+03  4.23829e+03  3.36505e+03 
 4.29870e+03  4.18949e+03  3.35302e+03 
 4.24010e+03  4.14724e+03  3.32286e+03 
 4.17131e+03  4.09753e+03  3.30074e+03 
 4.08766e+03  4.03519e+03  3.27808e+03 
 4.04446e+03  4.00043e+03  3.27933e+03 
 3.98769e+03  3.95006e+03  3.25830e+03 
 3.94835e+03  3.90372e+03  3.23066e+03 
 3.92471e+03  3.85090e+03  3.20566e+03 
 3.92916e+03  3.82271e+03  3.19642e+03 
 3.95533e+03  3.79414e+03  3.18328e+03 
 3.99662e+03  3.77640e+03  3.15660e+03 
 4.05629e+03  3.76537e+03  3.14472e+03 
 4.11339e+03  3.76880e+03  3.15253e+03 
 4.18246e+03  3.77883e+03  3.13504e+03 
 4.24561e+03  3.79933e+03  3.12448e+03 
 4.29887e+03  3.82488e+03  3.10051e+03 
 4.34215e+03  3.85685e+03  3.09934e+03 
 4.38664e+03  3.90890e+03  3.09840e+03 
 4.40808e+03  3.94889e+03  3.08820e+03 
 4.42385e+03  3.99781e+03  3.07902e+03 
 4.43155e+03  4.04255e+03  3.07726e+03 
 4.43647e+03  4.08464e+03  3.08103e+03 
 4.43826e+03  4.12952e+03  3.07939e+03 
 4.44127e+03  4.18063e+03  3.07432e+03 
 4.44005e+03  4.21143e+03  3.07418e+03 
 4.43966e+03  4.24413e+03  3.07297e+03 
 4.43897e+03  4.27276e+03  3.07133e+03 
 4.41817e+03  4.27890e+03  3.03830e+03 
 4.44056e+03  4.31986e+03  3.07912e+03 
 4.43700e+03  4.33338e+03  3.08925e+03 
 4.43890e+03  4.34870e+03  3.09812e+03 
 4.44123e+03  4.35632e+03  3.09712e+03 
 4.43923e+03  4.36315e+03  3.11780e+03 
 4.44106e+03  4.36657e+03  3.12629e+03 
 4.43942e+03  4.36845e+03  3.12338e+03 
 4.43759e+03  4.36760e+03  3.13107e+03 
 4.43958e+03  4.37099e+03  3.14803e+03 
 4.43826e+03  4.36912e+03  3.14827e+03 
 4.43936e+03  4.37122e+03  3.16644e+03 
 4.43801e+03  4.36964e+03  3.18630e+03 
 4.43665e+03  4.36925e+03  3.17945e+03 
 4.43875e+03  4.36979e+03  3.21709e+03 
 4.43945e+03  4.37154e+03  3.22990e+03 
 4.43795e+03  4.36945e+03  3.24497e+03 
 4.43924e+03  4.37174e+03  3.27147e+03 
 4.43920e+03  4.37089e+03  3.28374e+03 
 4.43874e+03  4.37167e+03  3.30298e+03 
 4.43806e+03  4.37067e+03  3.35654e+03 
 4.44070e+03  4.37330e+03  3.39215e+03 
 4.43800e+03  4.36979e+03  3.44017e+03 
 4.44107e+03  4.37311e+03  3.53362e+03 
 4.43952e+03  4.37097e+03  3.62503e+03 
 4.43920e+03  4.37055e+03  3.71021e+03 
 4.43850e+03  4.36917e+03  3.83271e+03 
 4.43119e+03  4.36412e+03  3.88057e+03 
 1.89476e+03  4.77635e+03  5.74740e+03 
-2.68195e+02 -9.62011e+02 -1.63485e+03 
 1.33918e+03  3.34144e+03  4.17970e+03 
 1.28334e+02 -2.48739e+02 -5.93022e+02 
 0.00000e+00  9.00000e-01  0.00000e+00  9.99540e-01 
 0.00000e+00  8.71299e-01 -1.84230e-03  9.70290e-01 
 0.00000e+00  8.48880e-01 -3.73860e-03  9.77130e-01 
 0.00000e+00  8.26542e-01 -6.47676e-03  9.83970e-01 
 0.00000e+00  7.99830e-01 -1.04112e-02  9.92160e-01 
 0.00000e+00  7.73172e-01 -1.46979e-02  1.00035e+00 
 0.00000e+00  7.42149e-01 -2.01222e-02  1.00980e+00 
 0.00000e+00  7.06761e-01 -2.67264e-02  1.02069e+00 
 0.00000e+00  6.71409e-01 -3.35484e-02  1.03149e+00 
 0.00000e+00  6.36075e-01 -4.04244e-02  1.04229e+00 
 0.00000e+00  6.00714e-01 -4.71789e-02  9.23040e-01 
 0.00000e+00  5.65308e-01 -5.36796e-02  9.33840e-01 
 0.00000e+00  5.29830e-01 -5.98023e-02  9.44730e-01 
 0.00000e+00  4.94271e-01 -6.54129e-02  9.55620e-01 
 0.00000e+00  4.58613e-01 -7.03890e-02  9.66510e-01 
 0.00000e+00  4.22865e-01 -7.45848e-02  9.77490e-01 
 0.00000e+00  3.87009e-01 -7.78491e-02  9.88470e-01 
 0.00000e+00  3.51081e-01 -8.00424e-02  9.99450e-01 
 0.00000e+00  3.15090e-01 -8.09991e-02  1.01043e+00 
 0.00000e+00  2.79099e-01 -8.05437e-02  1.02150e+00 
 0.00000e+00  2.48535e-01 -7.91271e-02  1.03086e+00 
 0.00000e+00  2.20716e-01 -7.70238e-02  1.03941e+00 
 0.00000e+00  1.95651e-01 -7.44201e-02  1.04706e+00 
 0.00000e+00  1.73340e-01 -7.14969e-02  1.05390e+00 
 0.00000e+00  1.53783e-01 -6.84324e-02  1.05984e+00 
 0.00000e+00  1.36953e-01 -6.54012e-02  1.06506e+00 
 0.00000e+00  1.22832e-01 -6.25581e-02  1.06938e+00 
 0.00000e+00  1.11411e-01 -6.00255e-02  1.07289e+00 
 0.00000e+00  1.02663e-01 -5.79258e-02  9.20880e-01 
 0.00000e+00  9.42030e-02 -5.57505e-02  9.23580e-01 
 0.00000e+00  8.60490e-02 -5.35050e-02  9.26460e-01 
 0.00000e+00  7.81929e-02 -5.11911e-02  9.29520e-01 
 0.00000e+00  7.06392e-02 -4.88106e-02  9.32760e-01 
 0.00000e+00  6.33897e-02 -4.63662e-02  9.36180e-01 
 0.00000e+00  5.64507e-02 -4.38552e-02  9.39780e-01 
 0.00000e+00  4.98267e-02 -4.12713e-02  9.43560e-01 
 0.00000e+00  4.35222e-02 -3.86172e-02  9.47430e-01 
 0.00000e+00  3.75426e-02 -3.58956e-02  9.51480e-01 
 0.00000e+00  3.18924e-02 -3.31101e-02  9.55710e-01 
 0.00000e+00  2.65734e-02 -3.02697e-02  9.60030e-01 
 0.00000e+00  2.15847e-02 -2.73915e-02  9.64440e-01 
 0.00000e+00  1.69605e-02 -2.44323e-02  9.68940e-01 
 0.00000e+00  1.27962e-02 -2.12868e-02  9.73440e-01 
 0.00000e+00  9.13770e-03 -1.79550e-02  9.77940e-01 
 0.00000e+00  5.96844e-03 -1.45125e-02  9.82530e-01 
 0.00000e+00  3.36672e-03 -1.09548e-02  9.87030e-01 
 0.00000e+00  1.47150e-03 -7.27821e-03  9.91440e-01 
 0.00000e+00  3.52197e-04 -3.57831e-03  9.95670e-01 
 0.00000e+00  0.00000e+00  0.00000e+00  9.99540e-01 
 9.00000e-01  3.52197e-04  3.57831e-03  1.00332e+00 
 9.00000e-01  1.47150e-03  7.27821e-03  1.00755e+00 
 9.00000e-01  3.36672e-03  1.09548e-02  1.01196e+00 
 9.00000e-01  5.96844e-03  1.45125e-02  1.01646e+00 
 9.00000e-01  9.13770e-03  1.79550e-02  1.02105e+00 
 9.00000e-01  1.27962e-02  2.12868e-02  1.02555e+00 
 9.00000e-01  1.69605e-02  2.44323e-02  1.03005e+00 
 9.00000e-01  2.15847e-02  2.73915e-02  1.03455e+00 
 9.00000e-01  2.65734e-02  3.02697e-02  1.03896e+00 
 9.00000e-01  3.18924e-02  3.31101e-02  1.04328e+00 
 9.00000e-01  3.75426e-02  3.58956e-02  1.04751e+00 
 9.00000e-01  4.35222e-02  3.86172e-02  1.05156e+00 
 9.00000e-01  4.98267e-02  4.12713e-02  1.05552e+00 
 9.00000e-01  5.64507e-02  4.38552e-02  1.05921e+00 
 9.00000e-01  6.33897e-02  4.63662e-02  1.06281e+00 
 9.00000e-01  7.06392e-02  4.88106e-02  1.06632e+00 
 9.00000e-01  7.81929e-02  5.11911e-02  1.06956e+00 
 9.00000e-01  8.60490e-02  5.35050e-02  1.07253e+00 
 9.00000e-01  9.42030e-02  5.57505e-02  1.07541e+00 
 9.00000e-01  1.02663e-01  5.79258e-02  1.07811e+00 
 9.00000e-01  1.11411e-01  6.00255e-02  9.26100e-01 
 9.00000e-01  1.22832e-01  6.25581e-02  9.29610e-01 
 9.00000e-01  1.36953e-01  6.54012e-02  9.33930e-01 
 9.00000e-01  1.53783e-01  6.84324e-02  9.39150e-01 
 9.00000e-01  1.73340e-01  7.14969e-02  9.45090e-01 
 9.00000e-01  1.95651e-01  7.44201e-02  9.51930e-01 
 9.00000e-01  2.20716e-01  7.70238e-02  9.59580e-01 
 9.00000e-01  2.48535e-01  7.91271e-02  9.68130e-01 
 9.00000e-01  2.79099e-01  8.05437e-02  9.77490e-01 
 9.00000e-01  3.15090e-01  8.09991e-02  9.88560e-01 
 9.00000e-01  3.51081e-01  8.00424e-02  9.99540e-01 
 9.00000e-01  3.87009e-01  7.78491e-02  1.01052e+00 
 9.00000e-01  4.22865e-01  7.45848e-02  1.02150e+00 
 9.00000e-01  4.58613e-01  7.03890e-02  1.03248e+00 
 9.00000e-01  4.94271e-01  6.54129e-02  1.04337e+00 
 9.00000e-01  5.29830e-01  5.98023e-02  1.05426e+00 
 9.00000e-01  5.65308e-01  5.36796e-02  1.06515e+00 
 9.00000e-01  6.00714e-01  4.71789e-02  1.07604e+00 
 9.00000e-01  6.36075e-01  4.04244e-02  9.56700e-01 
 9.00000e-01  6.71409e-01  3.35484e-02  9.67500e-01 
 9.00000e-01  7.06761e-01  2.67264e-02  9.78300e-01 
 9.00000e-01  7.42149e-01  2.01222e-02  9.89190e-01 
 9.00000e-01  7.73172e-01  1.46979e-02  9.98640e-01 
 9.00000e-01  7.99830e-01  1.04112e-02  1.00683e+00 
 9.00000e-01  8.26542e-01  6.47676e-03  1.01502e+00 
 9.00000e-01  8.48880e-01  3.73860e-03  1.02186e+00 
 9.00000e-01  8.71299e-01  1.84230e-03  1.02870e+00 
 0.00000e+00 -2.85000e+00 -1.50000e+00  7.27000e-01 
 0.00000e+00 -2.55000e+00 -1.50000e+00  7.27000e-01 
 0.00000e+00 -2.35000e+00 -1.50000e+00  7.27000e-01 
 0.00000e+00 -2.15000e+00 -1.50000e+00  7.27000e-01 
 0.00000e+00 -1.95000e+00 -1.50000e+00  7.27000e-01 
 0.00000e+00 -1.85000e+00 -1.50000e+00  7.27000e-01 
 0.00000e+00 -1.75000e+00 -1.50000e+00  7.27000e-01 
 0.00000e+00 -1.65000e+00 -1.50000e+00  7.27000e-01 
 0.00000e+00 -1.55000e+00 -1.50000e+00  7.27000e-01 
 0.00000e+00 -1.45000e+00 -1.50000e+00  7.27000e-01 
 0.00000e+00 -1.35000e+00 -1.50000e+00  7.27000e-01 
 0.00000e+00 -1.25000e+00 -1.50000e+00  7.27000e-01 
 0.00000e+00 -1.15000e+00 -1.50000e+00  7.27000e-01 
 0.00000e+00 -1.05000e+00 -1.50000e+00  7.27000e-01 
 0.00000e+00 -9.50000e-01 -1.50000e+00  7.27000e-01 
 0.00000e+00 -8.50000e-01 -1.50000e+00  7.27000e-01 
 0.00000e+00 -7.50000e-01 -1.50000e+00  7.27000e-01 
 0.00000e+00 -6.50000e-01 -1.50000e+00  7.27000e-01 
 0.00000e+00 -5.50000e-01 -1.50000e+00  7.27000e-01 
 0.00000e+00 -4.50000e-01 -1.50000e+00  7.27000e-01 
 0.00000e+00 -3.50000e-01 -1.50000e+00  7.27000e-01 
 0.00000e+00 -2.50000e-01 -1.50000e+00  7.27000e-01 
 0.00000e+00 -1.50000e-01 -1.50000e+00  7.27000e-01 
 0.00000e+00 -5.00000e-02 -1.50000e+00  7.27000e-01 
 0.00000e+00  5.00000e-02 -1.50000e+00  7.27000e-01 
 0.00000e+00  1.50000e-01 -1.50000e+00  7.27000e-01 
 0.00000e+00  2.50000e-01 -1.50000e+00  7.27000e-01 
 0.00000e+00  3.50000e-01 -1.50000e+00  7.27000e-01 
 0.00000e+00  4.50000e-01 -1.50000e+00  7.27000e-01 
 0.00000e+00  5.50000e-01 -1.50000e+00  7.27000e-01 
 0.00000e+00  6.50000e-01 -1.50000e+00  7.27000e-01 
 0.00000e+00  7.50000e-01 -1.50000e+00  7.27000e-01 
 0.00000e+00  8.50000e-01 -1.50000e+00  7.27000e-01 
 0.00000e+00  9.50000e-01 -1.50000e+00  7.27000e-01 
 0.00000e+00  1.05000e+00 -1.50000e+00  7.27000e-01 
 0.00000e+00  1.15000e+00 -1.50000e+00  7.27000e-01 
 0.00000e+00  1.25000e+00 -1.50000e+00  7.27000e-01 
 0.00000e+00  1.35000e+00 -1.50000e+00  7.27000e-01 
 0.00000e+00  1.45000e+00 -1.50000e+00  7.27000e-01 
 0.00000e+00  1.55000e+00 -1.50000e+00  7.27000e-01 
 0.00000e+00  1.65000e+00 -1.50000e+00  7.27000e-01 
 0.00000e+00  1.75000e+00 -1.50000e+00  7.27000e-01 
 0.00000e+00  1.85000e+00 -1.50000e+00  7.27000e-01 
 0.00000e+00  1.95000e+00 -1.50000e+00  7.27000e-01 
 0.00000e+00  2.15000e+00 -1.50000e+00  7.27000e-01 
 0.00000e+00  2.35000e+00 -1.50000e+00  7.27000e-01 
 0.00000e+00  2.55000e+00 -1.50000e+00  7.27000e-01 
 0.00000e+00  2.85000e+00 -1.50000e+00  7.27000e-01 
 1.00000e+00 -2.85000e+00  1.50000e+00  7.27000e-01 
 1.00000e+00 -2.55000e+00  1.50000e+00  7.27000e-01 
 1.00000e+00 -2.35000e+00  1.50000e+00  7.27000e-01 
 1.00000e+00 -2.15000e+00  1.50000e+00  7.27000e-01 
 1.00000e+00 -1.95000e+00  1.50000e+00  7.27000e-01 
 1.00000e+00 -1.85000e+00  1.50000e+00  7.27000e-01 
 1.00000e+00 -1.75000e+00  1.50000e+00  7.27000e-01 
 1.00000e+00 -1.65000e+00  1.50000e+00  7.27000e-01 
 1.00000e+00 -1.55000e+00  1.50000e+00  7.27000e-01 
 1.00000e+00 -1.45000e+00  1.50000e+00  7.27000e-01 
 1.00000e+00 -1.35000e+00  1.50000e+00  7.27000e-01 
 1.00000e+00 -1.25000e+00  1.50000e+00  7.27000e-01 
 1.00000e+00 -1.15000e+00  1.50000e+00  7.27000e-01 
 1.00000e+00 -1.05000e+00  1.50000e+00  7.27000e-01 
 1.00000e+00 -9.50000e-01  1.50000e+00  7.27000e-01 
 1.00000e+00 -8.50000e-01  1.50000e+00  7.27000e-01 
 1.00000e+00 -7.50000e-01  1.50000e+00  7.27000e-01 
 1.00000e+00 -6.50000e-01  1.50000e+00  7.27000e-01 
 1.00000e+00 -5.50000e-01  1.50000e+00  7.27000e-01 
 1.00000e+00 -4.50000e-01  1.50000e+00  7.27000e-01 
 1.00000e+00 -3.50000e-01  1.50000e+00  7.27000e-01 
 1.00000e+00 -2.50000e-01  1.50000e+00  7.27000e-01 
 1.00000e+00 -1.50000e-01  1.50000e+00  7.27000e-01 
 1.00000e+00 -5.00000e-02  1.50000e+00  7.27000e-01 
 1.00000e+00  5.00000e-02  1.50000e+00  7.27000e-01 
 1.00000e+00  1.50000e-01  1.50000e+00  7.27000e-01 
 1.00000e+00  2.50000e-01  1.50000e+00  7.27000e-01 
 1.00000e+00  3.50000e-01  1.50000e+00  7.27000e-01 
 1.00000e+00  4.50000e-01  1.50000e+00  7.27000e-01 
 1.00000e+00  5.50000e-01  1.50000e+00  7.27000e-01 
 1.00000e+00  6.50000e-01  1.50000e+00  7.27000e-01 
 1.00000e+00  7.50000e-01  1.50000e+00  7.27000e-01 
 1.00000e+00  8.50000e-01  1.50000e+00  7.27000e-01 
 1.00000e+00  9.50000e-01  1.50000e+00  7.27000e-01 
 1.00000e+00  1.05000e+00  1.50000e+00  7.27000e-01 
 1.00000e+00  1.15000e+00  1.50000e+00  7.27000e-01 
 1.00000e+00  1.25000e+00  1.50000e+00  7.27000e-01 
 1.00000e+00  1.35000e+00  1.50000e+00  7.27000e-01 
 1.00000e+00  1.45000e+00  1.50000e+00  7.27000e-01 
 1.00000e+00  1.55000e+00  1.50000e+00  7.27000e-01 
 1.00000e+00  1.65000e+00  1.50000e+00  7.27000e-01 
 1.00000e+00  1.75000e+00  1.50000e+00  7.27000e-01 
 1.00000e+00  1.85000e+00  1.50000e+00  7.27000e-01 
 1.00000e+00  1.95000e+00  1.50000e+00  7.27000e-01 
 1.00000e+00  2.15000e+00  1.50000e+00  7.27000e-01 
 1.00000e+00  2.35000e+00  1.50000e+00  7.27000e-01 
 1.00000e+00  2.55000e+00  1.50000e+00  7.27000e-01 
 1.00000e+00  2.85000e+00  1.50000e+00  7.27000e-01 
 2.00000e+00 -2.85000e+00 -1.50000e+00  1.26700e+00 
 2.00000e+00 -1.95000e+00 -1.50000e+00  1.26700e+00 
 2.00000e+00 -1.35000e+00 -1.50000e+00  1.26700e+00 
 2.00000e+00 -9.50000e-01 -1.50000e+00  1.26700e+00 
 2.00000e+00 -6.50000e-01 -1.50000e+00  1.26700e+00 
 2.00000e+00 -4.50000e-01 -1.50000e+00  1.26700e+00 
 2.00000e+00 -2.50000e-01 -1.50000e+00  1.26700e+00 
 2.00000e+00 -5.00000e-02 -1.50000e+00  1.26700e+00 
 2.00000e+00  5.00000e-02 -1.50000e+00  1.26700e+00 
 2.00000e+00  2.50000e-01 -1.50000e+00  1.26700e+00 
 2.00000e+00  4.50000e-01 -1.50000e+00  1.26700e+00 
 2.00000e+00  6.50000e-01 -1.50000e+00  1.26700e+00 
 2.00000e+00  9.50000e-01 -1.50000e+00  1.26700e+00 
 2.00000e+00  1.35000e+00 -1.50000e+00  1.26700e+00 
 2.00000e+00  1.95000e+00 -1.50000e+00  1.26700e+00 
 2.00000e+00  2.85000e+00 -1.50000e+00  1.26700e+00 
 3.00000e+00 -2.85000e+00  1.50000e+00  1.26700e+00 
 3.00000e+00 -1.95000e+00  1.50000e+00  1.26700e+00 
 3.00000e+00 -1.35000e+00  1.50000e+00  1.26700e+00 
 3.00000e+00 -9.50000e-01  1.50000e+00  1.26700e+00 
 3.00000e+00 -6.50000e-01  1.50000e+00  1.26700e+00 
 3.00000e+00 -4.50000e-01  1.50000e+00  1.26700e+00 
 3.00000e+00 -2.50000e-01  1.50000e+00  1.26700e+00 
 3.00000e+00 -5.00000e-02  1.50000e+00  1.26700e+00 
 3.00000e+00  5.00000e-02  1.50000e+00  1.26700e+00 
 3.00000e+00  2.50000e-01  1.50000e+00  1.26700e+00 
 3.00000e+00  4.50000e-01  1.50000e+00  1.26700e+00 
 3.00000e+00  6.50000e-01  1.50000e+00  1.26700e+00 
 3.00000e+00  9.50000e-01  1.50000e+00  1.26700e+00 
 3.00000e+00  1.35000e+00  1.50000e+00  1.26700e+00 
 3.00000e+00  1.95000e+00  1.50000e+00  1.26700e+00 
 3.00000e+00  2.85000e+00  1.50000e+00  1.26700e+00 
 0.00000e+00  0.00000e+00 -3.47500e-01  0.00000e+00 
 0.00000e+00  0.00000e+00 -3.17500e-01  0.00000e+00 
 0.00000e+00  0.00000e+00 -2.87500e-01  0.00000e+00 
 0.00000e+00  0.00000e+00 -2.67500e-01  0.00000e+00 
 0.00000e+00  0.00000e+00 -2.47500e-01  0.00000e+00 
 0.00000e+00  0.00000e+00 -2.32500e-01  0.00000e+00 
 0.00000e+00  0.00000e+00 -2.17500e-01  0.00000e+00 
 0.00000e+00  0.00000e+00 -2.07500e-01  0.00000e+00 
 0.00000e+00  0.00000e+00 -1.97500e-01  0.00000e+00 
 0.00000e+00  0.00000e+00 -1.92500e-01  0.00000e+00 
 0.00000e+00  0.00000e+00 -1.87500e-01  0.00000e+00 
 0.00000e+00  0.00000e+00 -1.82500e-01  0.00000e+00 
 0.00000e+00  0.00000e+00 -1.77500e-01  0.00000e+00 
 0.00000e+00  0.00000e+00 -1.72500e-01  0.00000e+00 
 0.00000e+00  0.00000e+00 -1.67500e-01  0.00000e+00 
 0.00000e+00  0.00000e+00 -1.62500e-01  0.00000e+00 
 0.00000e+00  0.00000e+00 -1.57500e-01  0.00000e+00 
 0.00000e+00  0.00000e+00 -1.52500e-01  0.00000e+00 
 0.00000e+00  0.00000e+00 -1.47500e-01  0.00000e+00 
 0.00000e+00  0.00000e+00 -1.42500e-01  0.00000e+00 
 0.00000e+00  0.00000e+00 -1.37500e-01  0.00000e+00 
 0.00000e+00  0.00000e+00 -1.32500e-01  0.00000e+00 
 0.00000e+00  0.00000e+00 -1.27500e-01  0.00000e+00 
 0.00000e+00  0.00000e+00 -1.22500e-01  0.00000e+00 
 0.00000e+00  0.00000e+00 -1.17500e-01  0.00000e+00 
 0.00000e+00  0.00000e+00 -1.12500e-01  0.00000e+00 
 0.00000e+00  0.00000e+00 -1.07500e-01  0.00000e+00 
 0.00000e+00  0.00000e+00 -1.02500e-01  0.00000e+00 
 0.00000e+00  0.00000e+00 -9.75000e-02  0.00000e+00 
 0.00000e+00  0.00000e+00 -9.25000e-02  0.00000e+00 
 0.00000e+00  0.00000e+00 -8.75000e-02  0.00000e+00 
 0.00000e+00  0.00000e+00 -8.25000e-02  0.00000e+00 
 0.00000e+00  0.00000e+00 -7.75000e-02  0.00000e+00 
 0.00000e+00  0.00000e+00 -7.25000e-02  0.00000e+00 
 0.00000e+00  0.00000e+00 -6.75000e-02  0.00000e+00 
 0.00000e+00  0.00000e+00 -6.25000e-02  0.00000e+00 
 0.00000e+00  0.00000e+00 -5.75000e-02  0.00000e+00 
 0.00000e+00  0.00000e+00 -5.25000e-02  0.00000e+00 
 0.00000e+00  0.00000e+00 -4.75000e-02  0.00000e+00 
 0.00000e+00  0.00000e+00 -4.25000e-02  0.00000e+00 
 0.00000e+00  0.00000e+00 -3.75000e-02  0.00000e+00 
 0.00000e+00  0.00000e+00 -3.25000e-02  0.00000e+00 
 0.00000e+00  0.00000e+00 -2.75000e-02  0.00000e+00 
 0.00000e+00  0.00000e+00 -2.25000e-02  0.00000e+00 
 0.00000e+00  0.00000e+00 -1.75000e-02  0.00000e+00 
 0.00000e+00  0.00000e+00 -1.25000e-02  0.00000e+00 
 0.00000e+00  0.00000e+00 -7.50000e-03  0.00000e+00 
 0.00000e+00  0.00000e+00 -2.50000e-03  0.00000e+00 
 0.00000e+00  0.00000e+00  2.50000e-03  0.00000e+00 
 0.00000e+00  0.00000e+00  7.50000e-03  0.00000e+00 
 0.00000e+00  0.00000e+00  1.25000e-02  0.00000e+00 
 0.00000e+00  0.00000e+00  1.75000e-02  0.00000e+00 
 0.00000e+00  0.00000e+00  2.25000e-02  0.00000e+00 
 0.00000e+00  0.00000e+00  2.75000e-02  0.00000e+00 
 0.00000e+00  0.00000e+00  3.25000e-02  0.00000e+00 
 0.00000e+00  0.00000e+00  3.75000e-02  0.00000e+00 
 0.00000e+00  0.00000e+00  4.25000e-02  0.00000e+00 
 0.00000e+00  0.00000e+00  4.75000e-02  0.00000e+00 
 0.00000e+00  0.00000e+00  5.25000e-02  0.00000e+00 
 0.00000e+00  0.00000e+00  5.75000e-02  0.00000e+00 
 0.00000e+00  0.00000e+00  6.25000e-02  0.00000e+00 
 0.00000e+00  0.00000e+00  6.75000e-02  0.00000e+00 
 0.00000e+00  0.00000e+00  7.25000e-02  0.00000e+00 
 0.00000e+00  0.00000e+00  7.75000e-02  0.00000e+00 
 0.00000e+00  0.00000e+00  8.25000e-02  0.00000e+00 
 0.00000e+00  0.00000e+00  8.75000e-02  0.00000e+00 
 0.00000e+00  0.00000e+00  9.25000e-02  0.00000e+00 
 0.00000e+00  0.00000e+00  9.75000e-02  0.00000e+00 
 0.00000e+00  0.00000e+00  1.02500e-01  0.00000e+00 
 0.00000e+00  0.00000e+00  1.07500e-01  0.00000e+00 
 0.00000e+00  0.00000e+00  1.12500e-01  0.00000e+00 
 0.00000e+00  0.00000e+00  1.17500e-01  0.00000e+00 
 0.00000e+00  0.00000e+00  1.22500e-01  0.00000e+00 
 0.00000e+00  0.00000e+00  1.27500e-01  0.00000e+00 
 0.00000e+00  0.00000e+00  1.32500e-01  0.00000e+00 
 0.00000e+00  0.00000e+00  1.37500e-01  0.00000e+00 
 0.00000e+00  0.00000e+00  1.42500e-01  0.00000e+00 
 0.00000e+00  0.00000e+00  1.47500e-01  0.00000e+00 
 0.00000e+00  0.00000e+00  1.52500e-01  0.00000e+00 
 0.00000e+00  0.00000e+00  1.57500e-01  0.00000e+00 
 0.00000e+00  0.00000e+00  1.62500e-01  0.00000e+00 
 0.00000e+00  0.00000e+00  1.67500e-01  0.00000e+00 
 0.00000e+00  0.00000e+00  1.72500e-01  0.00000e+00 
 0.00000e+00  0.00000e+00  1.77500e-01  0.00000e+00 
 0.00000e+00  0.00000e+00  1.82500e-01  0.00000e+00 
 0.00000e+00  0.00000e+00  1.87500e-01  0.00000e+00 
 0.00000e+00  0.00000e+00  1.92500e-01  0.00000e+00 
 0.00000e+00  0.00000e+00  1.97500e-01  0.00000e+00 
 0.00000e+00  0.00000e+00  2.07500e-01  0.00000e+00 
 0.00000e+00  0.00000e+00  2.17500e-01  0.00000e+00 
 0.00000e+00  0.00000e+00  2.32500e-01  0.00000e+00 
 0.00000e+00  0.00000e+00  2.47500e-01  0.00000e+00 
 0.00000e+00  0.00000e+00  2.67500e-01  0.00000e+00 
 0.00000e+00  0.00000e+00  2.87500e-01  0.00000e+00 
 0.00000e+00  0.00000e+00  3.17500e-01  0.00000e+00 
 0.00000e+00  0.00000e+00  3.47500e-01  0.00000e+00 
