 3.62913e+00  1.09696e+01  1.69745e+01 
 8.44816e+01  8.38536e+01  8.31820e+01 
 1.37020e+01  1.46758e+01  1.46781e+01 
 5.27853e+06  5.20911e+06  5.17171e+06 
 4.41755e+03  4.33846e+03  4.27284e+03 
 1.02281e+05  1.02296e+05  1.02310e+05 
 5.63545e+02  7.41275e+01 -1.89222e+03 
 9.70579e+02  9.12313e+02 -2.31248e+02 
 9.53848e+02  1.00042e+03  2.07008e+01 
 8.64513e+02  9.84471e+02  1.12463e+02 
 7.21446e+02  9.17239e+02  1.42518e+02 
 6.11790e+02  8.87642e+02  1.83802e+02 
 4.47682e+02  8.08899e+02  1.72741e+02 
 2.35242e+02  6.96658e+02  1.51980e+02 
 2.59320e+01  5.99829e+02  1.22383e+02 
-2.03286e+02  5.08595e+02  8.40451e+01 
-4.46945e+02  3.07900e+02  4.46059e+01 
-6.73136e+02  2.17463e+02  1.98944e+01 
-8.73764e+02  1.29788e+02  8.42655e+00 
-1.04154e+03  5.83209e+01  1.91713e+01 
-1.38548e+03 -4.25700e-01  4.57900e+01 
-1.54519e+03 -1.87049e+01  1.17525e+02 
-1.68206e+03  8.96759e+00  2.35676e+02 
-1.77312e+03  9.26888e+01  4.09993e+02 
-1.81756e+03  2.27671e+02  6.32340e+02 
-1.70240e+03  4.89975e+02  9.70685e+02 
-1.56205e+03  7.55641e+02  1.29381e+03 
-1.41785e+03  1.02285e+03  1.61067e+03 
-1.24983e+03  1.29746e+03  1.92412e+03 
-1.05080e+03  1.58814e+03  2.23836e+03 
-8.57904e+02  1.86169e+03  2.52714e+03 
-6.55513e+02  2.12950e+03  2.80029e+03 
-4.82750e+02  2.36232e+03  3.03175e+03 
-3.21756e+02  2.57052e+03  3.23206e+03 
-1.84313e+02  2.74081e+03  3.38974e+03 
-1.75480e+01  2.91742e+03  3.54633e+03 
 1.48187e+02  3.09956e+03  3.70501e+03 
 3.12316e+02  3.27617e+03  3.85282e+03 
 4.94730e+02  3.45843e+03  3.99628e+03 
 6.88952e+02  3.63776e+03  4.12607e+03 
 9.13092e+02  3.81679e+03  4.24054e+03 
 1.14997e+03  3.98700e+03  4.33104e+03 
 1.41669e+03  4.14133e+03  4.38619e+03 
 1.71322e+03  4.27239e+03  4.39160e+03 
 2.01750e+03  4.36122e+03  4.33148e+03 
 2.35872e+03  4.39264e+03  4.17164e+03 
 2.67944e+03  4.33441e+03  3.85585e+03 
 3.03851e+03  4.11428e+03  3.26698e+03 
 3.48133e+03  3.62880e+03  2.30301e+03 
 3.92463e+03  2.75363e+03  8.27132e+02 
 4.28296e+03  1.22245e+03 -1.52124e+03 
 4.44403e+03 -1.30887e+03 -5.16499e+03 
 4.24084e+03 -5.14367e+03 -1.03199e+04 
 3.50853e+03 -9.68070e+03 -1.60775e+04 
 2.24365e+03 -1.45398e+04 -2.19716e+04 
 5.16114e+02 -1.90606e+04 -2.70440e+04 
-1.36460e+03 -2.26424e+04 -3.06393e+04 
-2.81044e+03 -2.33918e+04 -3.03510e+04 
-3.80251e+03 -2.28088e+04 -2.85041e+04 
-4.41847e+03 -2.16177e+04 -2.67360e+04 
-5.08576e+03 -2.08718e+04 -2.51692e+04 
-5.27931e+03 -1.97279e+04 -2.15695e+04 
-5.06720e+03 -1.85230e+04 -1.91701e+04 
-4.94359e+03 -1.53675e+04 -1.73950e+04 
-4.95559e+03 -1.47592e+04 -1.60750e+04 
-4.98989e+03 -1.41590e+04 -1.50546e+04 
-5.03030e+03 -1.35909e+04 -1.41518e+04 
-5.04810e+03 -1.30358e+04 -1.33021e+04 
-5.04761e+03 -1.25230e+04 -1.25326e+04 
-5.01553e+03 -1.20109e+04 -1.17851e+04 
-4.99546e+03 -1.15902e+04 -1.11466e+04 
-4.97821e+03 -1.11855e+04 -1.05326e+04 
-4.95564e+03 -1.08201e+04 -9.97368e+03 
-4.93427e+03 -1.04751e+04 -9.43382e+03 
-4.91173e+03 -1.01602e+04 -8.92867e+03 
-4.88418e+03 -9.85238e+03 -8.39885e+03 
-4.84970e+03 -9.50459e+03 -7.80933e+03 
-4.80732e+03 -9.14398e+03 -7.14281e+03 
-4.77379e+03 -8.74485e+03 -6.38667e+03 
-4.74358e+03 -8.37564e+03 -5.58350e+03 
-4.69428e+03 -7.97082e+03 -4.64362e+03 
-4.61740e+03 -7.55144e+03 -3.67329e+03 
-4.52219e+03 -7.13829e+03 -2.83465e+03 
-4.38048e+03 -6.72435e+03 -2.31156e+03 
-4.23714e+03 -6.21619e+03 -2.06463e+03 
-3.94247e+03 -5.59366e+03 -1.99409e+03 
-3.60012e+03 -4.95493e+03 -1.98328e+03 
-3.22943e+03 -4.31976e+03 -1.99574e+03 
-2.83021e+03 -3.68663e+03 -2.01814e+03 
-2.42813e+03 -3.07811e+03 -2.04694e+03 
-2.02660e+03 -2.49942e+03 -2.07584e+03 
-1.64249e+03 -1.97720e+03 -2.11516e+03 
-1.34900e+03 -1.55057e+03 -2.12012e+03 
-9.20842e+02 -1.14798e+03 -2.13154e+03 
-5.84589e+02 -8.50104e+02 -2.14754e+03 
-2.67895e+02 -6.23697e+02 -2.17663e+03 
-8.11944e+01 -4.65538e+02 -2.14957e+03 
 2.18455e+02 -3.46088e+02 -2.15536e+03 
 3.80123e+02 -2.53254e+02 -2.16555e+03 
 5.29062e+02 -1.64818e+02 -2.11247e+03 
 6.34568e+02 -1.01766e+02 -2.08974e+03 
 6.98658e+02 -2.61603e+01 -2.06189e+03 
-9.68593e+01 -1.04552e+01  1.03853e+02 
-1.24249e+02 -1.47550e+01  9.74214e+01 
-1.13974e+02  1.45304e+01  1.25158e+02 
-9.72344e+01  5.41631e+01  1.63612e+02 
-7.98561e+01  9.79673e+01  2.04696e+02 
-7.16905e+01  1.21398e+02  2.25899e+02 
-6.66507e+01  1.42956e+02  2.45884e+02 
-7.77264e+01  1.52298e+02  2.52962e+02 
-8.72488e+01  1.62952e+02  2.60905e+02 
-5.18727e+01  2.15284e+02  3.09593e+02 
-3.05742e+01  2.56370e+02  3.47180e+02 
-1.38640e+01  2.94580e+02  3.81124e+02 
-2.61681e+01  3.07548e+02  3.89383e+02 
-7.39877e+00  3.47344e+02  4.23754e+02 
-1.21753e+01  3.67387e+02  4.37440e+02 
-1.15506e+01  3.90601e+02  4.53273e+02 
-7.07314e+01  3.66224e+02  4.20766e+02 
-3.32153e+01  4.14987e+02  4.59857e+02 
-3.66222e+01  4.30004e+02  4.64332e+02 
-4.00322e+01  4.42218e+02  4.65072e+02 
-2.97414e+01  4.59831e+02  4.69973e+02 
-5.02361e+01  4.51285e+02  4.47803e+02 
-6.28591e+01  4.43164e+02  4.24689e+02 
-1.11698e+02  4.00213e+02  3.65725e+02 
-5.03095e+01  4.42475e+02  3.95215e+02 
-4.81446e+01  4.34022e+02  3.73128e+02 
-4.41935e+01  4.23768e+02  3.49700e+02 
-5.45111e+01  3.96493e+02  3.10645e+02 
-5.79382e+01  3.74725e+02  2.79323e+02 
-5.15165e+01  3.56525e+02  2.55344e+02 
-5.84191e+01  3.26789e+02  2.21251e+02 
-7.98812e+01  2.83410e+02  1.75476e+02 
-9.44264e+01  2.45051e+02  1.38009e+02 
-7.53227e+01  2.37257e+02  1.35501e+02 
-1.04144e+02  1.87103e+02  8.93518e+01 
-8.68861e+01  1.78530e+02  8.91524e+01 
-9.23464e+01  1.51486e+02  7.00721e+01 
-1.05132e+02  1.18243e+02  4.46286e+01 
-1.01007e+02  1.02142e+02  3.69451e+01 
-1.07832e+02  7.69408e+01  1.96311e+01 
-9.50708e+01  7.31300e+01  2.39392e+01 
-1.07409e+02  4.59768e+01  3.19108e+00 
-1.17892e+02  2.12890e+01 -1.50961e+01 
-1.43873e+02 -1.72787e+01 -4.78912e+01 
-1.62789e+02 -5.97979e+01 -7.95805e+01 
-2.19380e+02 -1.36429e+02 -1.45919e+02 
-2.47809e+02 -1.84285e+02 -1.82478e+02 
-2.74276e+02 -2.39534e+02 -2.17930e+02 
-1.82244e+02 -2.21169e+02 -1.09375e+02 
-2.04781e+02 -2.67679e+02 -1.54763e+02 
-2.18280e+02 -3.02382e+02 -1.89782e+02 
-2.33787e+02 -3.43652e+02 -2.31446e+02 
-2.65187e+02 -4.07059e+02 -2.95931e+02 
-2.74584e+02 -4.34286e+02 -3.24445e+02 
-2.88687e+02 -4.68447e+02 -3.59741e+02 
-3.16125e+02 -5.17379e+02 -4.09694e+02 
-3.35457e+02 -5.60610e+02 -4.55121e+02 
-3.71074e+02 -6.24504e+02 -5.21540e+02 
-3.96552e+02 -6.80731e+02 -5.80172e+02 
-4.00998e+02 -7.16628e+02 -6.20196e+02 
-4.32196e+02 -7.83420e+02 -6.91542e+02 
-4.54324e+02 -8.41142e+02 -7.55201e+02 
-4.67902e+02 -8.89630e+02 -8.10122e+02 
-5.14123e+02 -9.74532e+02 -9.01972e+02 
-5.44429e+02 -1.04190e+03 -9.77970e+02 
-5.62863e+02 -1.09191e+03 -1.03841e+03 
-5.85628e+02 -1.14460e+03 -1.10218e+03 
-6.21405e+02 -1.20795e+03 -1.17802e+03 
-6.50256e+02 -1.25568e+03 -1.23937e+03 
-6.63268e+02 -1.27975e+03 -1.27782e+03 
-6.91847e+02 -1.31343e+03 -1.32672e+03 
-6.92766e+02 -1.30840e+03 -1.33716e+03 
-6.92265e+02 -1.29770e+03 -1.34266e+03 
-6.76463e+02 -1.26658e+03 -1.32668e+03 
-6.53298e+02 -1.22055e+03 -1.29480e+03 
-6.51876e+02 -1.19436e+03 -1.28152e+03 
-5.97238e+02 -1.10615e+03 -1.20143e+03 
-5.77349e+02 -1.05427e+03 -1.15759e+03 
-5.41529e+02 -9.84626e+02 -1.09133e+03 
-5.09808e+02 -9.19158e+02 -1.02691e+03 
-5.07684e+02 -8.86079e+02 -9.93139e+02 
-4.70384e+02 -8.16367e+02 -9.19305e+02 
-4.45331e+02 -7.60917e+02 -8.59867e+02 
-4.12754e+02 -6.95917e+02 -7.86342e+02 
-3.81164e+02 -6.38734e+02 -7.21430e+02 
-3.76870e+02 -6.08851e+02 -6.84291e+02 
-3.67968e+02 -5.76445e+02 -6.44167e+02 
-3.27230e+02 -5.14493e+02 -5.74526e+02 
-3.16728e+02 -4.86073e+02 -5.39729e+02 
-3.16821e+02 -4.69555e+02 -5.17977e+02 
-2.92354e+02 -4.30049e+02 -4.73050e+02 
-2.90873e+02 -4.14357e+02 -4.53355e+02 
-2.85364e+02 -3.82785e+02 -4.15672e+02 
-2.39712e+02 -3.18035e+02 -3.47082e+02 
-2.51624e+02 -3.11221e+02 -3.39718e+02 
-2.39580e+02 -2.76899e+02 -3.07475e+02 
-1.08643e+02 -2.22435e+01  9.10825e+01 
-8.82881e+01  9.07337e+01  1.97212e+02 
-2.18837e+01  2.64108e+02  3.54551e+02 
-1.54166e+01  3.65047e+02  4.35460e+02 
-2.01605e+01  4.26891e+02  4.72392e+02 
-2.19439e+01  4.57409e+02  4.81141e+02 
-3.39661e+01  4.64715e+02  4.62360e+02 
-3.05334e+01  4.65076e+02  4.34495e+02 
-5.23266e+01  4.41646e+02  3.95951e+02 
-3.74040e+01  4.29097e+02  3.57123e+02 
-6.54049e+01  3.67780e+02  2.74126e+02 
-5.93446e+01  3.25617e+02  2.21804e+02 
-8.20900e+01  2.30930e+02  1.30321e+02 
-7.98227e+01  1.41543e+02  6.95315e+01 
-1.37595e+02 -1.15144e+01 -4.17531e+01 
-2.57759e+02 -2.22827e+02 -2.02375e+02 
-1.89044e+02 -2.27370e+02 -1.14408e+02 
-2.61517e+02 -4.03093e+02 -2.92257e+02 
-3.60370e+02 -6.42303e+02 -5.43019e+02 
-4.81833e+02 -9.05777e+02 -8.26762e+02 
-5.63868e+02 -1.09310e+03 -1.04085e+03 
-6.13377e+02 -1.19851e+03 -1.17017e+03 
-6.64670e+02 -1.28151e+03 -1.28165e+03 
-6.85808e+02 -1.30151e+03 -1.33216e+03 
-6.81831e+02 -1.28681e+03 -1.33363e+03 
-6.58327e+02 -1.22595e+03 -1.30193e+03 
-6.10219e+02 -1.12122e+03 -1.21909e+03 
-5.53891e+02 -9.97674e+02 -1.10570e+03 
-4.59432e+02 -8.04268e+02 -9.07774e+02 
-3.63246e+02 -5.95288e+02 -6.70706e+02 
-2.74374e+02 -3.98352e+02 -4.37380e+02 
-2.32159e+02 -2.70213e+02 -2.99726e+02 
 4.43177e+03  4.36294e+03  4.27916e+03 
 4.43134e+03  4.36170e+03  4.26316e+03 
 4.43339e+03  4.36396e+03  4.20671e+03 
 4.43191e+03  4.36140e+03  4.15724e+03 
 4.43329e+03  4.36360e+03  4.10441e+03 
 4.42986e+03  4.35887e+03  4.04646e+03 
 4.43251e+03  4.36241e+03  3.99124e+03 
 4.43034e+03  4.35914e+03  3.95537e+03 
 4.43396e+03  4.36305e+03  3.92336e+03 
 4.43160e+03  4.36040e+03  3.90231e+03 
 4.43396e+03  4.36323e+03  3.88303e+03 
 4.43143e+03  4.35995e+03  3.86565e+03 
 4.43437e+03  4.36386e+03  3.84543e+03 
 4.43085e+03  4.35983e+03  3.81835e+03 
 4.43204e+03  4.36148e+03  3.78641e+03 
 4.43045e+03  4.35919e+03  3.77227e+03 
 4.43195e+03  4.36127e+03  3.74991e+03 
 4.42907e+03  4.35791e+03  3.72118e+03 
 4.43250e+03  4.36220e+03  3.70317e+03 
 4.43040e+03  4.35950e+03  3.68735e+03 
 4.43294e+03  4.36246e+03  3.66851e+03 
 4.42874e+03  4.35813e+03  3.63066e+03 
 4.43191e+03  4.36149e+03  3.61236e+03 
 4.43003e+03  4.35870e+03  3.58624e+03 
 4.43052e+03  4.36027e+03  3.56429e+03 
 4.43122e+03  4.36015e+03  3.55033e+03 
 4.43155e+03  4.36143e+03  3.52400e+03 
 4.43174e+03  4.36000e+03  3.50502e+03 
 4.43138e+03  4.36055e+03  3.48855e+03 
 4.43060e+03  4.35779e+03  3.45224e+03 
 4.43120e+03  4.35747e+03  3.41942e+03 
 4.42955e+03  4.35213e+03  3.39895e+03 
 4.43165e+03  4.35275e+03  3.38389e+03 
 4.43145e+03  4.34775e+03  3.35927e+03 
 4.43058e+03  4.33850e+03  3.34014e+03 
 4.42859e+03  4.32957e+03  3.30789e+03 
 4.42454e+03  4.31765e+03  3.29139e+03 
 4.41501e+03  4.30068e+03  3.27134e+03 
 4.39963e+03  4.27914e+03  3.26132e+03 
 4.36761e+03  4.25346e+03  3.23393e+03 
 4.33845e+03  4.23332e+03  3.20643e+03 
 4.27793e+03  4.19552e+03  3.19208e+03 
 4.21932e+03  4.15669e+03  3.18480e+03 
 4.15157e+03  4.11776e+03  3.15509e+03 
 4.06931e+03  4.06740e+03  3.12208e+03 
 4.02803e+03  4.04161e+03  3.12319e+03 
 3.97443e+03  3.99159e+03  3.11768e+03 
 3.93495e+03  3.94946e+03  3.09061e+03 
 3.91052e+03  3.89558e+03  3.06856e+03 
 3.91347e+03  3.86004e+03  3.05878e+03 
 3.93874e+03  3.81961e+03  3.03852e+03 
 3.97496e+03  3.78502e+03  3.01673e+03 
 4.03141e+03  3.75707e+03  3.01021e+03 
 4.08713e+03  3.73836e+03  3.01727e+03 
 4.15534e+03  3.71953e+03  2.98838e+03 
 4.21481e+03  3.70775e+03  2.98710e+03 
 4.26996e+03  3.70731e+03  2.96901e+03 
 4.31618e+03  3.71308e+03  2.96217e+03 
 4.36437e+03  3.72832e+03  2.95577e+03 
 4.38857e+03  3.74158e+03  2.95204e+03 
 4.40823e+03  3.76835e+03  2.94704e+03 
 4.41892e+03  3.79893e+03  2.93596e+03 
 4.42489e+03  3.82993e+03  2.93320e+03 
 4.42788e+03  3.85982e+03  2.94015e+03 
 4.43112e+03  3.90832e+03  2.93256e+03 
 4.43025e+03  3.94212e+03  2.92864e+03 
 4.43017e+03  3.98192e+03  2.92795e+03 
 4.42942e+03  4.01918e+03  2.92705e+03 
 4.40804e+03  4.04452e+03  2.87743e+03 
 4.43091e+03  4.10027e+03  2.91962e+03 
 4.42744e+03  4.13245e+03  2.92825e+03 
 4.42926e+03  4.17363e+03  2.93425e+03 
 4.43155e+03  4.20088e+03  2.92499e+03 
 4.42978e+03  4.23177e+03  2.93247e+03 
 4.43144e+03  4.24846e+03  2.93248e+03 
 4.42996e+03  4.27381e+03  2.94209e+03 
 4.42807e+03  4.29285e+03  2.94200e+03 
 4.42997e+03  4.30805e+03  2.96521e+03 
 4.42864e+03  4.31853e+03  2.96445e+03 
 4.42989e+03  4.33108e+03  2.97827e+03 
 4.42856e+03  4.33735e+03  2.98879e+03 
 4.42728e+03  4.34168e+03  2.96361e+03 
 4.42922e+03  4.34764e+03  2.99559e+03 
 4.43000e+03  4.35332e+03  3.01606e+03 
 4.42838e+03  4.35341e+03  3.02742e+03 
 4.42959e+03  4.35644e+03  3.05864e+03 
 4.42956e+03  4.35618e+03  3.06915e+03 
 4.42918e+03  4.35772e+03  3.07526e+03 
 4.42849e+03  4.35729e+03  3.13031e+03 
 4.43106e+03  4.36041e+03  3.15280e+03 
 4.42816e+03  4.35746e+03  3.18362e+03 
 4.43148e+03  4.36137e+03  3.27739e+03 
 4.42987e+03  4.35921e+03  3.33743e+03 
 4.42958e+03  4.35868e+03  3.45437e+03 
 4.42899e+03  4.35704e+03  3.58739e+03 
 4.42175e+03  4.35166e+03  3.59429e+03 
 2.07000e+03  5.60059e+03  5.44385e+03 
-3.50244e+02 -1.28351e+03 -1.53510e+03 
 1.46443e+03  3.90001e+03  4.02504e+03 
 1.73373e+02 -4.59038e+02 -5.82209e+02 
 0.00000e+00  9.00000e-01  0.00000e+00  9.99540e-01 
 0.00000e+00  8.71299e-01 -1.84230e-03  9.70290e-01 
 0.00000e+00  8.48880e-01 -3.73860e-03  9.77130e-01 
 0.00000e+00  8.26542e-01 -6.47676e-03  9.83970e-01 
 0.00000e+00  7.99830e-01 -1.04112e-02  9.92160e-01 
 0.00000e+00  7.73172e-01 -1.46979e-02  1.00035e+00 
 0.00000e+00  7.42149e-01 -2.01222e-02  1.00980e+00 
 0.00000e+00  7.06761e-01 -2.67264e-02  1.02069e+00 
 0.00000e+00  6.71409e-01 -3.35484e-02  1.03149e+00 
 0.00000e+00  6.36075e-01 -4.04244e-02  1.04229e+00 
 0.00000e+00  6.00714e-01 -4.71789e-02  9.23040e-01 
 0.00000e+00  5.65308e-01 -5.36796e-02  9.33840e-01 
 0.00000e+00  5.29830e-01 -5.98023e-02  9.44730e-01 
 0.00000e+00  4.94271e-01 -6.54129e-02  9.55620e-01 
 0.00000e+00  4.58613e-01 -7.03890e-02  9.66510e-01 
 0.00000e+00  4.22865e-01 -7.45848e-02  9.77490e-01 
 0.00000e+00  3.87009e-01 -7.78491e-02  9.88470e-01 
 0.00000e+00  3.51081e-01 -8.00424e-02  9.99450e-01 
 0.00000e+00  3.15090e-01 -8.09991e-02  1.01043e+00 
 0.00000e+00  2.79099e-01 -8.05437e-02  1.02150e+00 
 0.00000e+00  2.48535e-01 -7.91271e-02  1.03086e+00 
 0.00000e+00  2.20716e-01 -7.70238e-02  1.03941e+00 
 0.00000e+00  1.95651e-01 -7.44201e-02  1.04706e+00 
 0.00000e+00  1.73340e-01 -7.14969e-02  1.05390e+00 
 0.00000e+00  1.53783e-01 -6.84324e-02  1.05984e+00 
 0.00000e+00  1.36953e-01 -6.54012e-02  1.06506e+00 
 0.00000e+00  1.22832e-01 -6.25581e-02  1.06938e+00 
 0.00000e+00  1.11411e-01 -6.00255e-02  1.07289e+00 
 0.00000e+00  1.02663e-01 -5.79258e-02  9.20880e-01 
 0.00000e+00  9.42030e-02 -5.57505e-02  9.23580e-01 
 0.00000e+00  8.60490e-02 -5.35050e-02  9.26460e-01 
 0.00000e+00  7.81929e-02 -5.11911e-02  9.29520e-01 
 0.00000e+00  7.06392e-02 -4.88106e-02  9.32760e-01 
 0.00000e+00  6.33897e-02 -4.63662e-02  9.36180e-01 
 0.00000e+00  5.64507e-02 -4.38552e-02  9.39780e-01 
 0.00000e+00  4.98267e-02 -4.12713e-02  9.43560e-01 
 0.00000e+00  4.35222e-02 -3.86172e-02  9.47430e-01 
 0.00000e+00  3.75426e-02 -3.58956e-02  9.51480e-01 
 0.00000e+00  3.18924e-02 -3.31101e-02  9.55710e-01 
 0.00000e+00  2.65734e-02 -3.02697e-02  9.60030e-01 
 0.00000e+00  2.15847e-02 -2.73915e-02  9.64440e-01 
 0.00000e+00  1.69605e-02 -2.44323e-02  9.68940e-01 
 0.00000e+00  1.27962e-02 -2.12868e-02  9.73440e-01 
 0.00000e+00  9.13770e-03 -1.79550e-02  9.77940e-01 
 0.00000e+00  5.96844e-03 -1.45125e-02  9.82530e-01 
 0.00000e+00  3.36672e-03 -1.09548e-02  9.87030e-01 
 0.00000e+00  1.47150e-03 -7.27821e-03  9.91440e-01 
 0.00000e+00  3.52197e-04 -3.57831e-03  9.95670e-01 
 0.00000e+00  0.00000e+00  0.00000e+00  9.99540e-01 
 9.00000e-01  3.52197e-04  3.57831e-03  1.00332e+00 
 9.00000e-01  1.47150e-03  7.27821e-03  1.00755e+00 
 9.00000e-01  3.36672e-03  1.09548e-02  1.01196e+00 
 9.00000e-01  5.96844e-03  1.45125e-02  1.01646e+00 
 9.00000e-01  9.13770e-03  1.79550e-02  1.02105e+00 
 9.00000e-01  1.27962e-02  2.12868e-02  1.02555e+00 
 9.00000e-01  1.69605e-02  2.44323e-02  1.03005e+00 
 9.00000e-01  2.15847e-02  2.73915e-02  1.03455e+00 
 9.00000e-01  2.65734e-02  3.02697e-02  1.03896e+00 
 9.00000e-01  3.18924e-02  3.31101e-02  1.04328e+00 
 9.00000e-01  3.75426e-02  3.58956e-02  1.04751e+00 
 9.00000e-01  4.35222e-02  3.86172e-02  1.05156e+00 
 9.00000e-01  4.98267e-02  4.12713e-02  1.05552e+00 
 9.00000e-01  5.64507e-02  4.38552e-02  1.05921e+00 
 9.00000e-01  6.33897e-02  4.63662e-02  1.06281e+00 
 9.00000e-01  7.06392e-02  4.88106e-02  1.06632e+00 
 9.00000e-01  7.81929e-02  5.11911e-02  1.06956e+00 
 9.00000e-01  8.60490e-02  5.35050e-02  1.07253e+00 
 9.00000e-01  9.42030e-02  5.57505e-02  1.07541e+00 
 9.00000e-01  1.02663e-01  5.79258e-02  1.07811e+00 
 9.00000e-01  1.11411e-01  6.00255e-02  9.26100e-01 
 9.00000e-01  1.22832e-01  6.25581e-02  9.29610e-01 
 9.00000e-01  1.36953e-01  6.54012e-02  9.33930e-01 
 9.00000e-01  1.53783e-01  6.84324e-02  9.39150e-01 
 9.00000e-01  1.73340e-01  7.14969e-02  9.45090e-01 
 9.00000e-01  1.95651e-01  7.44201e-02  9.51930e-01 
 9.00000e-01  2.20716e-01  7.70238e-02  9.59580e-01 
 9.00000e-01  2.48535e-01  7.91271e-02  9.68130e-01 
 9.00000e-01  2.79099e-01  8.05437e-02  9.77490e-01 
 9.00000e-01  3.15090e-01  8.09991e-02  9.88560e-01 
 9.00000e-01  3.51081e-01  8.00424e-02  9.99540e-01 
 9.00000e-01  3.87009e-01  7.78491e-02  1.01052e+00 
 9.00000e-01  4.22865e-01  7.45848e-02  1.02150e+00 
 9.00000e-01  4.58613e-01  7.03890e-02  1.03248e+00 
 9.00000e-01  4.94271e-01  6.54129e-02  1.04337e+00 
 9.00000e-01  5.29830e-01  5.98023e-02  1.05426e+00 
 9.00000e-01  5.65308e-01  5.36796e-02  1.06515e+00 
 9.00000e-01  6.00714e-01  4.71789e-02  1.07604e+00 
 9.00000e-01  6.36075e-01  4.04244e-02  9.56700e-01 
 9.00000e-01  6.71409e-01  3.35484e-02  9.67500e-01 
 9.00000e-01  7.06761e-01  2.67264e-02  9.78300e-01 
 9.00000e-01  7.42149e-01  2.01222e-02  9.89190e-01 
 9.00000e-01  7.73172e-01  1.46979e-02  9.98640e-01 
 9.00000e-01  7.99830e-01  1.04112e-02  1.00683e+00 
 9.00000e-01  8.26542e-01  6.47676e-03  1.01502e+00 
 9.00000e-01  8.48880e-01  3.73860e-03  1.02186e+00 
 9.00000e-01  8.71299e-01  1.84230e-03  1.02870e+00 
 0.00000e+00 -2.85000e+00 -1.50000e+00  7.27000e-01 
 0.00000e+00 -2.55000e+00 -1.50000e+00  7.27000e-01 
 0.00000e+00 -2.35000e+00 -1.50000e+00  7.27000e-01 
 0.00000e+00 -2.15000e+00 -1.50000e+00  7.27000e-01 
 0.00000e+00 -1.95000e+00 -1.50000e+00  7.27000e-01 
 0.00000e+00 -1.85000e+00 -1.50000e+00  7.27000e-01 
 0.00000e+00 -1.75000e+00 -1.50000e+00  7.27000e-01 
 0.00000e+00 -1.65000e+00 -1.50000e+00  7.27000e-01 
 0.00000e+00 -1.55000e+00 -1.50000e+00  7.27000e-01 
 0.00000e+00 -1.45000e+00 -1.50000e+00  7.27000e-01 
 0.00000e+00 -1.35000e+00 -1.50000e+00  7.27000e-01 
 0.00000e+00 -1.25000e+00 -1.50000e+00  7.27000e-01 
 0.00000e+00 -1.15000e+00 -1.50000e+00  7.27000e-01 
 0.00000e+00 -1.05000e+00 -1.50000e+00  7.27000e-01 
 0.00000e+00 -9.50000e-01 -1.50000e+00  7.27000e-01 
 0.00000e+00 -8.50000e-01 -1.50000e+00  7.27000e-01 
 0.00000e+00 -7.50000e-01 -1.50000e+00  7.27000e-01 
 0.00000e+00 -6.50000e-01 -1.50000e+00  7.27000e-01 
 0.00000e+00 -5.50000e-01 -1.50000e+00  7.27000e-01 
 0.00000e+00 -4.50000e-01 -1.50000e+00  7.27000e-01 
 0.00000e+00 -3.50000e-01 -1.50000e+00  7.27000e-01 
 0.00000e+00 -2.50000e-01 -1.50000e+00  7.27000e-01 
 0.00000e+00 -1.50000e-01 -1.50000e+00  7.27000e-01 
 0.00000e+00 -5.00000e-02 -1.50000e+00  7.27000e-01 
 0.00000e+00  5.00000e-02 -1.50000e+00  7.27000e-01 
 0.00000e+00  1.50000e-01 -1.50000e+00  7.27000e-01 
 0.00000e+00  2.50000e-01 -1.50000e+00  7.27000e-01 
 0.00000e+00  3.50000e-01 -1.50000e+00  7.27000e-01 
 0.00000e+00  4.50000e-01 -1.50000e+00  7.27000e-01 
 0.00000e+00  5.50000e-01 -1.50000e+00  7.27000e-01 
 0.00000e+00  6.50000e-01 -1.50000e+00  7.27000e-01 
 0.00000e+00  7.50000e-01 -1.50000e+00  7.27000e-01 
 0.00000e+00  8.50000e-01 -1.50000e+00  7.27000e-01 
 0.00000e+00  9.50000e-01 -1.50000e+00  7.27000e-01 
 0.00000e+00  1.05000e+00 -1.50000e+00  7.27000e-01 
 0.00000e+00  1.15000e+00 -1.50000e+00  7.27000e-01 
 0.00000e+00  1.25000e+00 -1.50000e+00  7.27000e-01 
 0.00000e+00  1.35000e+00 -1.50000e+00  7.27000e-01 
 0.00000e+00  1.45000e+00 -1.50000e+00  7.27000e-01 
 0.00000e+00  1.55000e+00 -1.50000e+00  7.27000e-01 
 0.00000e+00  1.65000e+00 -1.50000e+00  7.27000e-01 
 0.00000e+00  1.75000e+00 -1.50000e+00  7.27000e-01 
 0.00000e+00  1.85000e+00 -1.50000e+00  7.27000e-01 
 0.00000e+00  1.95000e+00 -1.50000e+00  7.27000e-01 
 0.00000e+00  2.15000e+00 -1.50000e+00  7.27000e-01 
 0.00000e+00  2.35000e+00 -1.50000e+00  7.27000e-01 
 0.00000e+00  2.55000e+00 -1.50000e+00  7.27000e-01 
 0.00000e+00  2.85000e+00 -1.50000e+00  7.27000e-01 
 1.00000e+00 -2.85000e+00  1.50000e+00  7.27000e-01 
 1.00000e+00 -2.55000e+00  1.50000e+00  7.27000e-01 
 1.00000e+00 -2.35000e+00  1.50000e+00  7.27000e-01 
 1.00000e+00 -2.15000e+00  1.50000e+00  7.27000e-01 
 1.00000e+00 -1.95000e+00  1.50000e+00  7.27000e-01 
 1.00000e+00 -1.85000e+00  1.50000e+00  7.27000e-01 
 1.00000e+00 -1.75000e+00  1.50000e+00  7.27000e-01 
 1.00000e+00 -1.65000e+00  1.50000e+00  7.27000e-01 
 1.00000e+00 -1.55000e+00  1.50000e+00  7.27000e-01 
 1.00000e+00 -1.45000e+00  1.50000e+00  7.27000e-01 
 1.00000e+00 -1.35000e+00  1.50000e+00  7.27000e-01 
 1.00000e+00 -1.25000e+00  1.50000e+00  7.27000e-01 
 1.00000e+00 -1.15000e+00  1.50000e+00  7.27000e-01 
 1.00000e+00 -1.05000e+00  1.50000e+00  7.27000e-01 
 1.00000e+00 -9.50000e-01  1.50000e+00  7.27000e-01 
 1.00000e+00 -8.50000e-01  1.50000e+00  7.27000e-01 
 1.00000e+00 -7.50000e-01  1.50000e+00  7.27000e-01 
 1.00000e+00 -6.50000e-01  1.50000e+00  7.27000e-01 
 1.00000e+00 -5.50000e-01  1.50000e+00  7.27000e-01 
 1.00000e+00 -4.50000e-01  1.50000e+00  7.27000e-01 
 1.00000e+00 -3.50000e-01  1.50000e+00  7.27000e-01 
 1.00000e+00 -2.50000e-01  1.50000e+00  7.27000e-01 
 1.00000e+00 -1.50000e-01  1.50000e+00  7.27000e-01 
 1.00000e+00 -5.00000e-02  1.50000e+00  7.27000e-01 
 1.00000e+00  5.00000e-02  1.50000e+00  7.27000e-01 
 1.00000e+00  1.50000e-01  1.50000e+00  7.27000e-01 
 1.00000e+00  2.50000e-01  1.50000e+00  7.27000e-01 
 1.00000e+00  3.50000e-01  1.50000e+00  7.27000e-01 
 1.00000e+00  4.50000e-01  1.50000e+00  7.27000e-01 
 1.00000e+00  5.50000e-01  1.50000e+00  7.27000e-01 
 1.00000e+00  6.50000e-01  1.50000e+00  7.27000e-01 
 1.00000e+00  7.50000e-01  1.50000e+00  7.27000e-01 
 1.00000e+00  8.50000e-01  1.50000e+00  7.27000e-01 
 1.00000e+00  9.50000e-01  1.50000e+00  7.27000e-01 
 1.00000e+00  1.05000e+00  1.50000e+00  7.27000e-01 
 1.00000e+00  1.15000e+00  1.50000e+00  7.27000e-01 
 1.00000e+00  1.25000e+00  1.50000e+00  7.27000e-01 
 1.00000e+00  1.35000e+00  1.50000e+00  7.27000e-01 
 1.00000e+00  1.45000e+00  1.50000e+00  7.27000e-01 
 1.00000e+00  1.55000e+00  1.50000e+00  7.27000e-01 
 1.00000e+00  1.65000e+00  1.50000e+00  7.27000e-01 
 1.00000e+00  1.75000e+00  1.50000e+00  7.27000e-01 
 1.00000e+00  1.85000e+00  1.50000e+00  7.27000e-01 
 1.00000e+00  1.95000e+00  1.50000e+00  7.27000e-01 
 1.00000e+00  2.15000e+00  1.50000e+00  7.27000e-01 
 1.00000e+00  2.35000e+00  1.50000e+00  7.27000e-01 
 1.00000e+00  2.55000e+00  1.50000e+00  7.27000e-01 
 1.00000e+00  2.85000e+00  1.50000e+00  7.27000e-01 
 2.00000e+00 -2.85000e+00 -1.50000e+00  1.26700e+00 
 2.00000e+00 -1.95000e+00 -1.50000e+00  1.26700e+00 
 2.00000e+00 -1.35000e+00 -1.50000e+00  1.26700e+00 
 2.00000e+00 -9.50000e-01 -1.50000e+00  1.26700e+00 
 2.00000e+00 -6.50000e-01 -1.50000e+00  1.26700e+00 
 2.00000e+00 -4.50000e-01 -1.50000e+00  1.26700e+00 
 2.00000e+00 -2.50000e-01 -1.50000e+00  1.26700e+00 
 2.00000e+00 -5.00000e-02 -1.50000e+00  1.26700e+00 
 2.00000e+00  5.00000e-02 -1.50000e+00  1.26700e+00 
 2.00000e+00  2.50000e-01 -1.50000e+00  1.26700e+00 
 2.00000e+00  4.50000e-01 -1.50000e+00  1.26700e+00 
 2.00000e+00  6.50000e-01 -1.50000e+00  1.26700e+00 
 2.00000e+00  9.50000e-01 -1.50000e+00  1.26700e+00 
 2.00000e+00  1.35000e+00 -1.50000e+00  1.26700e+00 
 2.00000e+00  1.95000e+00 -1.50000e+00  1.26700e+00 
 2.00000e+00  2.85000e+00 -1.50000e+00  1.26700e+00 
 3.00000e+00 -2.85000e+00  1.50000e+00  1.26700e+00 
 3.00000e+00 -1.95000e+00  1.50000e+00  1.26700e+00 
 3.00000e+00 -1.35000e+00  1.50000e+00  1.26700e+00 
 3.00000e+00 -9.50000e-01  1.50000e+00  1.26700e+00 
 3.00000e+00 -6.50000e-01  1.50000e+00  1.26700e+00 
 3.00000e+00 -4.50000e-01  1.50000e+00  1.26700e+00 
 3.00000e+00 -2.50000e-01  1.50000e+00  1.26700e+00 
 3.00000e+00 -5.00000e-02  1.50000e+00  1.26700e+00 
 3.00000e+00  5.00000e-02  1.50000e+00  1.26700e+00 
 3.00000e+00  2.50000e-01  1.50000e+00  1.26700e+00 
 3.00000e+00  4.50000e-01  1.50000e+00  1.26700e+00 
 3.00000e+00  6.50000e-01  1.50000e+00  1.26700e+00 
 3.00000e+00  9.50000e-01  1.50000e+00  1.26700e+00 
 3.00000e+00  1.35000e+00  1.50000e+00  1.26700e+00 
 3.00000e+00  1.95000e+00  1.50000e+00  1.26700e+00 
 3.00000e+00  2.85000e+00  1.50000e+00  1.26700e+00 
 0.00000e+00  0.00000e+00 -3.47500e-01  0.00000e+00 
 0.00000e+00  0.00000e+00 -3.17500e-01  0.00000e+00 
 0.00000e+00  0.00000e+00 -2.87500e-01  0.00000e+00 
 0.00000e+00  0.00000e+00 -2.67500e-01  0.00000e+00 
 0.00000e+00  0.00000e+00 -2.47500e-01  0.00000e+00 
 0.00000e+00  0.00000e+00 -2.32500e-01  0.00000e+00 
 0.00000e+00  0.00000e+00 -2.17500e-01  0.00000e+00 
 0.00000e+00  0.00000e+00 -2.07500e-01  0.00000e+00 
 0.00000e+00  0.00000e+00 -1.97500e-01  0.00000e+00 
 0.00000e+00  0.00000e+00 -1.92500e-01  0.00000e+00 
 0.00000e+00  0.00000e+00 -1.87500e-01  0.00000e+00 
 0.00000e+00  0.00000e+00 -1.82500e-01  0.00000e+00 
 0.00000e+00  0.00000e+00 -1.77500e-01  0.00000e+00 
 0.00000e+00  0.00000e+00 -1.72500e-01  0.00000e+00 
 0.00000e+00  0.00000e+00 -1.67500e-01  0.00000e+00 
 0.00000e+00  0.00000e+00 -1.62500e-01  0.00000e+00 
 0.00000e+00  0.00000e+00 -1.57500e-01  0.00000e+00 
 0.00000e+00  0.00000e+00 -1.52500e-01  0.00000e+00 
 0.00000e+00  0.00000e+00 -1.47500e-01  0.00000e+00 
 0.00000e+00  0.00000e+00 -1.42500e-01  0.00000e+00 
 0.00000e+00  0.00000e+00 -1.37500e-01  0.00000e+00 
 0.00000e+00  0.00000e+00 -1.32500e-01  0.00000e+00 
 0.00000e+00  0.00000e+00 -1.27500e-01  0.00000e+00 
 0.00000e+00  0.00000e+00 -1.22500e-01  0.00000e+00 
 0.00000e+00  0.00000e+00 -1.17500e-01  0.00000e+00 
 0.00000e+00  0.00000e+00 -1.12500e-01  0.00000e+00 
 0.00000e+00  0.00000e+00 -1.07500e-01  0.00000e+00 
 0.00000e+00  0.00000e+00 -1.02500e-01  0.00000e+00 
 0.00000e+00  0.00000e+00 -9.75000e-02  0.00000e+00 
 0.00000e+00  0.00000e+00 -9.25000e-02  0.00000e+00 
 0.00000e+00  0.00000e+00 -8.75000e-02  0.00000e+00 
 0.00000e+00  0.00000e+00 -8.25000e-02  0.00000e+00 
 0.00000e+00  0.00000e+00 -7.75000e-02  0.00000e+00 
 0.00000e+00  0.00000e+00 -7.25000e-02  0.00000e+00 
 0.00000e+00  0.00000e+00 -6.75000e-02  0.00000e+00 
 0.00000e+00  0.00000e+00 -6.25000e-02  0.00000e+00 
 0.00000e+00  0.00000e+00 -5.75000e-02  0.00000e+00 
 0.00000e+00  0.00000e+00 -5.25000e-02  0.00000e+00 
 0.00000e+00  0.00000e+00 -4.75000e-02  0.00000e+00 
 0.00000e+00  0.00000e+00 -4.25000e-02  0.00000e+00 
 0.00000e+00  0.00000e+00 -3.75000e-02  0.00000e+00 
 0.00000e+00  0.00000e+00 -3.25000e-02  0.00000e+00 
 0.00000e+00  0.00000e+00 -2.75000e-02  0.00000e+00 
 0.00000e+00  0.00000e+00 -2.25000e-02  0.00000e+00 
 0.00000e+00  0.00000e+00 -1.75000e-02  0.00000e+00 
 0.00000e+00  0.00000e+00 -1.25000e-02  0.00000e+00 
 0.00000e+00  0.00000e+00 -7.50000e-03  0.00000e+00 
 0.00000e+00  0.00000e+00 -2.50000e-03  0.00000e+00 
 0.00000e+00  0.00000e+00  2.50000e-03  0.00000e+00 
 0.00000e+00  0.00000e+00  7.50000e-03  0.00000e+00 
 0.00000e+00  0.00000e+00  1.25000e-02  0.00000e+00 
 0.00000e+00  0.00000e+00  1.75000e-02  0.00000e+00 
 0.00000e+00  0.00000e+00  2.25000e-02  0.00000e+00 
 0.00000e+00  0.00000e+00  2.75000e-02  0.00000e+00 
 0.00000e+00  0.00000e+00  3.25000e-02  0.00000e+00 
 0.00000e+00  0.00000e+00  3.75000e-02  0.00000e+00 
 0.00000e+00  0.00000e+00  4.25000e-02  0.00000e+00 
 0.00000e+00  0.00000e+00  4.75000e-02  0.00000e+00 
 0.00000e+00  0.00000e+00  5.25000e-02  0.00000e+00 
 0.00000e+00  0.00000e+00  5.75000e-02  0.00000e+00 
 0.00000e+00  0.00000e+00  6.25000e-02  0.00000e+00 
 0.00000e+00  0.00000e+00  6.75000e-02  0.00000e+00 
 0.00000e+00  0.00000e+00  7.25000e-02  0.00000e+00 
 0.00000e+00  0.00000e+00  7.75000e-02  0.00000e+00 
 0.00000e+00  0.00000e+00  8.25000e-02  0.00000e+00 
 0.00000e+00  0.00000e+00  8.75000e-02  0.00000e+00 
 0.00000e+00  0.00000e+00  9.25000e-02  0.00000e+00 
 0.00000e+00  0.00000e+00  9.75000e-02  0.00000e+00 
 0.00000e+00  0.00000e+00  1.02500e-01  0.00000e+00 
 0.00000e+00  0.00000e+00  1.07500e-01  0.00000e+00 
 0.00000e+00  0.00000e+00  1.12500e-01  0.00000e+00 
 0.00000e+00  0.00000e+00  1.17500e-01  0.00000e+00 
 0.00000e+00  0.00000e+00  1.22500e-01  0.00000e+00 
 0.00000e+00  0.00000e+00  1.27500e-01  0.00000e+00 
 0.00000e+00  0.00000e+00  1.32500e-01  0.00000e+00 
 0.00000e+00  0.00000e+00  1.37500e-01  0.00000e+00 
 0.00000e+00  0.00000e+00  1.42500e-01  0.00000e+00 
 0.00000e+00  0.00000e+00  1.47500e-01  0.00000e+00 
 0.00000e+00  0.00000e+00  1.52500e-01  0.00000e+00 
 0.00000e+00  0.00000e+00  1.57500e-01  0.00000e+00 
 0.00000e+00  0.00000e+00  1.62500e-01  0.00000e+00 
 0.00000e+00  0.00000e+00  1.67500e-01  0.00000e+00 
 0.00000e+00  0.00000e+00  1.72500e-01  0.00000e+00 
 0.00000e+00  0.00000e+00  1.77500e-01  0.00000e+00 
 0.00000e+00  0.00000e+00  1.82500e-01  0.00000e+00 
 0.00000e+00  0.00000e+00  1.87500e-01  0.00000e+00 
 0.00000e+00  0.00000e+00  1.92500e-01  0.00000e+00 
 0.00000e+00  0.00000e+00  1.97500e-01  0.00000e+00 
 0.00000e+00  0.00000e+00  2.07500e-01  0.00000e+00 
 0.00000e+00  0.00000e+00  2.17500e-01  0.00000e+00 
 0.00000e+00  0.00000e+00  2.32500e-01  0.00000e+00 
 0.00000e+00  0.00000e+00  2.47500e-01  0.00000e+00 
 0.00000e+00  0.00000e+00  2.67500e-01  0.00000e+00 
 0.00000e+00  0.00000e+00  2.87500e-01  0.00000e+00 
 0.00000e+00  0.00000e+00  3.17500e-01  0.00000e+00 
 0.00000e+00  0.00000e+00  3.47500e-01  0.00000e+00 
