-3.28755e-02  4.96824e+00  1.19684e+01 
 8.48248e+01  8.43378e+01  8.37592e+01 
 1.18176e+01  1.43071e+01  1.46611e+01 
 5.36273e+06  5.24970e+06  5.20401e+06 
 4.48318e+03  4.39314e+03  4.32916e+03 
 1.02282e+05  1.02280e+05  1.02297e+05 
 5.49679e+02  5.44112e+02 -2.72746e+02 
 8.89058e+02  9.84373e+02  7.60426e+02 
 8.42922e+02  9.81438e+02  8.86740e+02 
 7.32587e+02  9.02546e+02  8.95877e+02 
 5.62681e+02  7.71188e+02  8.50155e+02 
 4.20412e+02  6.74964e+02  8.40487e+02 
 2.18960e+02  5.25932e+02  7.80307e+02 
-4.19121e+01  3.31349e+02  6.88048e+02 
-3.05124e+02  1.42001e+02  6.19683e+02 
-5.95036e+02 -6.55121e+01  4.70936e+02 
-9.04260e+02 -2.85309e+02  3.57207e+02 
-1.20734e+03 -4.83029e+02  2.75334e+02 
-1.50137e+03 -6.38280e+02  2.00905e+02 
-1.78868e+03 -9.18259e+02  1.45629e+02 
-2.09835e+03 -1.09040e+03  1.04046e+02 
-2.35217e+03 -1.22908e+03  1.04340e+02 
-2.72070e+03 -1.33324e+03  1.50359e+02 
-2.91264e+03 -1.38691e+03  2.52441e+02 
-3.07605e+03 -1.39212e+03  4.04785e+02 
-3.07775e+03 -1.24296e+03  6.81574e+02 
-3.04331e+03 -1.07206e+03  9.58395e+02 
-3.00858e+03 -8.97540e+02  1.23367e+03 
-2.94470e+03 -7.00943e+02  1.51765e+03 
-2.84674e+03 -4.76329e+02  1.81245e+03 
-2.74946e+03 -2.60378e+02  2.08838e+03 
-2.63959e+03 -3.44265e+01  2.35726e+03 
-2.55833e+03  1.59960e+02  2.58964e+03 
-2.47994e+03  3.38782e+02  2.79553e+03 
-2.40800e+03  4.91698e+02  2.96254e+03 
-2.30122e+03  6.69314e+02  3.13474e+03 
-2.20771e+03  8.48989e+02  3.31061e+03 
-2.12022e+03  1.02708e+03  3.47968e+03 
-2.01680e+03  1.22353e+03  3.65207e+03 
-1.90429e+03  1.43098e+03  3.81728e+03 
-1.75883e+03  1.66422e+03  3.97945e+03 
-1.60403e+03  1.90826e+03  4.12695e+03 
-1.40807e+03  2.17686e+03  4.25259e+03 
-1.17750e+03  2.46885e+03  4.34663e+03 
-9.33164e+02  2.76253e+03  4.38909e+03 
-6.54818e+02  3.08626e+03  4.36374e+03 
-4.42320e+02  3.38635e+03  4.22574e+03 
-1.92817e+02  3.70804e+03  3.88933e+03 
 2.99466e+02  4.04954e+03  3.24793e+03 
 9.86855e+02  4.32111e+03  2.16731e+03 
 1.74601e+03  4.42560e+03  3.50526e+02 
 2.56140e+03  4.24132e+03 -2.58160e+03 
 3.49748e+03  3.50531e+03 -6.91419e+03 
 4.18906e+03  2.16905e+03 -1.19538e+04 
 4.47475e+03  3.01372e+02 -1.72782e+04 
 4.29492e+03 -1.94647e+03 -2.21310e+04 
 3.65500e+03 -4.18940e+03 -2.58899e+04 
 2.76780e+03 -5.67011e+03 -2.64224e+04 
 1.90291e+03 -6.54894e+03 -2.54915e+04 
 1.14999e+03 -6.98060e+03 -2.39999e+04 
 3.98929e+02 -7.51777e+03 -2.30200e+04 
-1.15464e+02 -7.50384e+03 -2.18902e+04 
-3.65654e+02 -7.05728e+03 -1.78604e+04 
-5.91624e+02 -6.75437e+03 -1.68907e+04 
-8.59500e+02 -6.62646e+03 -1.59968e+04 
-1.10664e+03 -6.55126e+03 -1.52586e+04 
-1.33931e+03 -6.49498e+03 -1.45897e+04 
-1.53607e+03 -6.42593e+03 -1.39483e+04 
-1.70158e+03 -6.34660e+03 -1.33605e+04 
-1.83154e+03 -6.24130e+03 -1.27792e+04 
-1.95548e+03 -6.15525e+03 -1.23009e+04 
-2.07350e+03 -6.07620e+03 -1.18415e+04 
-2.17485e+03 -5.99885e+03 -1.14276e+04 
-2.27163e+03 -5.92722e+03 -1.10385e+04 
-2.35755e+03 -5.86208e+03 -1.06819e+04 
-2.43134e+03 -5.80506e+03 -1.03377e+04 
-2.52103e+03 -5.69716e+03 -9.94329e+03 
-2.61372e+03 -5.49283e+03 -9.53818e+03 
-2.71808e+03 -5.43318e+03 -9.09002e+03 
-2.82398e+03 -5.38180e+03 -8.67221e+03 
-2.91094e+03 -5.27621e+03 -8.21555e+03 
-2.96827e+03 -5.14393e+03 -7.74705e+03 
-3.01772e+03 -5.01386e+03 -7.28243e+03 
-3.05177e+03 -4.87806e+03 -6.81555e+03 
-3.04440e+03 -4.65796e+03 -6.24767e+03 
-2.89565e+03 -4.30024e+03 -5.56825e+03 
-2.69545e+03 -3.90434e+03 -4.87181e+03 
-2.35722e+03 -3.48869e+03 -4.17804e+03 
-2.07006e+03 -3.05061e+03 -3.48539e+03 
-1.78992e+03 -2.61406e+03 -2.81850e+03 
-1.47840e+03 -2.18319e+03 -2.19736e+03 
-1.17071e+03 -1.77498e+03 -1.67142e+03 
-9.52011e+02 -1.45467e+03 -1.28967e+03 
-5.67166e+02 -1.02078e+03 -1.03566e+03 
-2.82951e+02 -6.73818e+02 -8.68761e+02 
-2.94664e+00 -3.55412e+02 -7.48201e+02 
 1.22041e+02 -1.44421e+02 -6.67639e+02 
 4.25475e+02  1.31651e+02 -6.09002e+02 
 5.68584e+02  2.93175e+02 -5.52968e+02 
 7.04135e+02  4.40136e+02 -4.97091e+02 
 8.02102e+02  5.45256e+02 -4.59912e+02 
 8.36284e+02  6.18798e+02 -4.17551e+02 
-1.34449e+02 -8.07948e+01  1.46896e+00 
-1.75470e+02 -1.03513e+02 -1.07684e+00 
-1.77113e+02 -8.92462e+01  2.96972e+01 
-1.73889e+02 -6.78650e+01  7.12381e+01 
-1.73031e+02 -4.50879e+01  1.17085e+02 
-1.74411e+02 -3.35934e+01  1.41520e+02 
-1.80643e+02 -2.50653e+01  1.64423e+02 
-2.05129e+02 -3.16709e+01  1.75046e+02 
-2.27332e+02 -3.68171e+01  1.87110e+02 
-2.03766e+02  2.11881e+00  2.40580e+02 
-1.95144e+02  2.74121e+01  2.83091e+02 
-1.92182e+02  4.85124e+01  3.22868e+02 
-2.21290e+02  4.16286e+01  3.37550e+02 
-2.16851e+02  6.49333e+01  3.78778e+02 
-2.38981e+02  6.54558e+01  4.00224e+02 
-2.53801e+02  7.11165e+01  4.24869e+02 
-3.37580e+02  1.95196e+01  4.02585e+02 
-3.07892e+02  5.96806e+01  4.51811e+02 
-3.24723e+02  6.05509e+01  4.67198e+02 
-3.39991e+02  6.08594e+01  4.80537e+02 
-3.35821e+02  7.28987e+01  4.98312e+02 
-3.64815e+02  5.50462e+01  4.90111e+02 
-3.81019e+02  4.34564e+01  4.81114e+02 
-4.34229e+02 -3.89753e+00  4.38714e+02 
-3.59223e+02  5.34482e+01  4.78300e+02 
-3.50151e+02  5.32808e+01  4.68873e+02 
-3.35862e+02  5.41502e+01  4.57600e+02 
-3.34906e+02  4.00943e+01  4.28723e+02 
-3.25736e+02  3.28160e+01  4.05118e+02 
-3.02765e+02  3.38719e+01  3.85343e+02 
-2.94204e+02  2.21893e+01  3.53814e+02 
-3.01413e+02 -3.89651e+00  3.08866e+02 
-2.99859e+02 -2.36439e+01  2.68793e+02 
-2.63711e+02 -1.04269e+01  2.59296e+02 
-2.78774e+02 -4.35526e+01  2.07659e+02 
-2.45250e+02 -3.17067e+01  1.97557e+02 
-2.37616e+02 -4.15731e+01  1.69035e+02 
-2.37205e+02 -5.85807e+01  1.34257e+02 
-2.21207e+02 -5.86345e+01  1.17065e+02 
-2.16733e+02 -6.93331e+01  9.05642e+01 
-1.92803e+02 -6.00930e+01  8.57075e+01 
-1.95892e+02 -7.56853e+01  5.74868e+01 
-1.97846e+02 -8.91268e+01  3.21800e+01 
-2.15800e+02 -1.17771e+02 -7.25928e+00 
-2.20171e+02 -1.41478e+02 -5.11578e+01 
-2.64243e+02 -2.02037e+02 -1.29327e+02 
-2.81307e+02 -2.34430e+02 -1.78369e+02 
-2.92101e+02 -2.66332e+02 -2.36436e+02 
-1.47773e+02 -1.90916e+02 -2.19932e+02 
-1.56241e+02 -2.18040e+02 -2.68379e+02 
-1.58188e+02 -2.35756e+02 -3.04982e+02 
-1.59558e+02 -2.56272e+02 -3.48512e+02 
-1.73788e+02 -2.93770e+02 -4.14835e+02 
-1.73586e+02 -3.06456e+02 -4.43705e+02 
-1.77191e+02 -3.24259e+02 -4.79698e+02 
-1.92724e+02 -3.55575e+02 -5.30720e+02 
-2.00025e+02 -3.79331e+02 -5.76244e+02 
-2.21325e+02 -4.20085e+02 -6.42804e+02 
-2.30055e+02 -4.51372e+02 -7.01946e+02 
-2.18608e+02 -4.61831e+02 -7.40844e+02 
-2.32507e+02 -4.99310e+02 -8.11260e+02 
-2.36428e+02 -5.27929e+02 -8.72567e+02 
-2.32936e+02 -5.47840e+02 -9.24459e+02 
-2.60520e+02 -6.01119e+02 -1.01331e+03 
-2.72603e+02 -6.37922e+02 -1.08450e+03 
-2.75678e+02 -6.62182e+02 -1.13797e+03 
-2.84579e+02 -6.90056e+02 -1.19380e+03 
-3.07627e+02 -7.30843e+02 -1.26007e+03 
-3.27217e+02 -7.63079e+02 -1.30972e+03 
-3.34681e+02 -7.78073e+02 -1.33548e+03 
-3.60114e+02 -8.06937e+02 -1.36949e+03 
-3.63900e+02 -8.07347e+02 -1.36393e+03 
-3.67979e+02 -8.05186e+02 -1.35253e+03 
-3.59248e+02 -7.86644e+02 -1.31991e+03 
-3.46854e+02 -7.59652e+02 -1.27170e+03 
-3.57373e+02 -7.53882e+02 -1.24325e+03 
-3.19057e+02 -6.93360e+02 -1.15212e+03 
-3.15008e+02 -6.67662e+02 -1.09723e+03 
-2.96306e+02 -6.25814e+02 -1.02449e+03 
-2.81901e+02 -5.87734e+02 -9.55766e+02 
-2.96141e+02 -5.79652e+02 -9.19656e+02 
-2.75691e+02 -5.36300e+02 -8.47389e+02 
-2.68095e+02 -5.05398e+02 -7.89209e+02 
-2.51840e+02 -4.66738e+02 -7.21254e+02 
-2.33929e+02 -4.30435e+02 -6.61432e+02 
-2.43478e+02 -4.20892e+02 -6.29442e+02 
-2.48364e+02 -4.07259e+02 -5.94817e+02 
-2.19109e+02 -3.62673e+02 -5.31132e+02 
-2.18143e+02 -3.48723e+02 -5.00885e+02 
-2.27420e+02 -3.45630e+02 -4.82996e+02 
-2.11276e+02 -3.18146e+02 -4.42068e+02 
-2.18048e+02 -3.13949e+02 -4.25202e+02 
-2.27256e+02 -3.03461e+02 -3.91372e+02 
-1.92698e+02 -2.53986e+02 -3.25139e+02 
-2.15412e+02 -2.62047e+02 -3.16554e+02 
-2.17122e+02 -2.45602e+02 -2.80459e+02 
-1.46327e+02 -9.28369e+01 -1.02724e+01 
-1.82312e+02 -5.31078e+01  1.09677e+02 
-1.86234e+02  3.55708e+01  2.90693e+02 
-2.42698e+02  6.23390e+01  3.97858e+02 
-2.94461e+02  7.28315e+01  4.63527e+02 
-3.19987e+02  7.82274e+01  4.95567e+02 
-3.46637e+02  7.07360e+01  5.03011e+02 
-3.42577e+02  7.38665e+01  5.02087e+02 
-3.62658e+02  5.16772e+01  4.77566e+02 
-3.29385e+02  6.05594e+01  4.62190e+02 
-3.33618e+02  2.54785e+01  3.98061e+02 
-2.95739e+02  2.11084e+01  3.52422e+02 
-2.71651e+02 -1.68290e+01  2.52752e+02 
-2.11369e+02 -3.37535e+01  1.57359e+02 
-2.09615e+02 -1.11655e+02 -1.36135e+00 
-2.75641e+02 -2.49874e+02 -2.19725e+02 
-1.54855e+02 -1.97577e+02 -2.25782e+02 
-1.70034e+02 -2.89723e+02 -4.10780e+02 
-1.95586e+02 -4.14824e+02 -6.63030e+02 
-2.45029e+02 -5.62416e+02 -9.40870e+02 
-2.77207e+02 -6.63426e+02 -1.13894e+03 
-2.99841e+02 -7.22646e+02 -1.25044e+03 
-3.35707e+02 -7.79827e+02 -1.33702e+03 
-3.57241e+02 -8.00577e+02 -1.35718e+03 
-3.57853e+02 -7.94558e+02 -1.34156e+03 
-3.51219e+02 -7.64858e+02 -1.27717e+03 
-3.30549e+02 -7.06802e+02 -1.16736e+03 
-3.08196e+02 -6.38134e+02 -1.03753e+03 
-2.64990e+02 -5.25145e+02 -8.35359e+02 
-2.29845e+02 -4.07485e+02 -6.16196e+02 
-2.00994e+02 -2.97828e+02 -4.09367e+02 
-2.09099e+02 -2.38414e+02 -2.73761e+02 
 4.47592e+03  4.40838e+03  4.35893e+03 
 4.47740e+03  4.40775e+03  4.35811e+03 
 4.47950e+03  4.40936e+03  4.36027e+03 
 4.47753e+03  4.40735e+03  4.35821e+03 
 4.47844e+03  4.40909e+03  4.36004e+03 
 4.47500e+03  4.40517e+03  4.35552e+03 
 4.47752e+03  4.40886e+03  4.35876e+03 
 4.47524e+03  4.40610e+03  4.35587e+03 
 4.47788e+03  4.41020e+03  4.35969e+03 
 4.47617e+03  4.40767e+03  4.35711e+03 
 4.47882e+03  4.41040e+03  4.35995e+03 
 4.47614e+03  4.40748e+03  4.35708e+03 
 4.47820e+03  4.41124e+03  4.36089e+03 
 4.47590e+03  4.40706e+03  4.35668e+03 
 4.47713e+03  4.40893e+03  4.35806e+03 
 4.47568e+03  4.40681e+03  4.35602e+03 
 4.47649e+03  4.40868e+03  4.35790e+03 
 4.47400e+03  4.40524e+03  4.35427e+03 
 4.47756e+03  4.40918e+03  4.35842e+03 
 4.47553e+03  4.40676e+03  4.35617e+03 
 4.47776e+03  4.40952e+03  4.35904e+03 
 4.47409e+03  4.40499e+03  4.35436e+03 
 4.47743e+03  4.40825e+03  4.35734e+03 
 4.47560e+03  4.40578e+03  4.35493e+03 
 4.47588e+03  4.40668e+03  4.35638e+03 
 4.47691e+03  4.40686e+03  4.35552e+03 
 4.47682e+03  4.40779e+03  4.35698e+03 
 4.47777e+03  4.40725e+03  4.35568e+03 
 4.47650e+03  4.40761e+03  4.35559e+03 
 4.47648e+03  4.40624e+03  4.35282e+03 
 4.47621e+03  4.40731e+03  4.35187e+03 
 4.47560e+03  4.40496e+03  4.34746e+03 
 4.47708e+03  4.40725e+03  4.34749e+03 
 4.47718e+03  4.40638e+03  4.34358e+03 
 4.47657e+03  4.40433e+03  4.33568e+03 
 4.47641e+03  4.39981e+03  4.32686e+03 
 4.47384e+03  4.39304e+03  4.31874e+03 
 4.46839e+03  4.37926e+03  4.30708e+03 
 4.45616e+03  4.35832e+03  4.29238e+03 
 4.42766e+03  4.32359e+03  4.27058e+03 
 4.39993e+03  4.29339e+03  4.25931e+03 
 4.33362e+03  4.23473e+03  4.23300e+03 
 4.27049e+03  4.17980e+03  4.20586e+03 
 4.19323e+03  4.11880e+03  4.17321e+03 
 4.10191e+03  4.04300e+03  4.14171e+03 
 4.05596e+03  4.00313e+03  4.11858e+03 
 3.99775e+03  3.95011e+03  4.08147e+03 
 3.96348e+03  3.91000e+03  4.04247e+03 
 3.95628e+03  3.87522e+03  3.99518e+03 
 3.97576e+03  3.86646e+03  3.96405e+03 
 4.02578e+03  3.87130e+03  3.92377e+03 
 4.08544e+03  3.89434e+03  3.89198e+03 
 4.16439e+03  3.92939e+03  3.84526e+03 
 4.23175e+03  3.97040e+03  3.81925e+03 
 4.30752e+03  4.02893e+03  3.77813e+03 
 4.36670e+03  4.08756e+03  3.75186e+03 
 4.40978e+03  4.14081e+03  3.72202e+03 
 4.43810e+03  4.19424e+03  3.70585e+03 
 4.46090e+03  4.25627e+03  3.67667e+03 
 4.46818e+03  4.29616e+03  3.66351e+03 
 4.47242e+03  4.33295e+03  3.65725e+03 
 4.47298e+03  4.35828e+03  3.65314e+03 
 4.47456e+03  4.37609e+03  3.64637e+03 
 4.47452e+03  4.38888e+03  3.64930e+03 
 4.47639e+03  4.39967e+03  3.66115e+03 
 4.47546e+03  4.40205e+03  3.67620e+03 
 4.47441e+03  4.40337e+03  3.69317e+03 
 4.47423e+03  4.40405e+03  3.71033e+03 
 4.45369e+03  4.38352e+03  3.71474e+03 
 4.47526e+03  4.40661e+03  3.76061e+03 
 4.47277e+03  4.40280e+03  3.78604e+03 
 4.47428e+03  4.40548e+03  3.81929e+03 
 4.47672e+03  4.40774e+03  3.84490e+03 
 4.47452e+03  4.40626e+03  3.88722e+03 
 4.47645e+03  4.40755e+03  3.91254e+03 
 4.47467e+03  4.40664e+03  3.94670e+03 
 4.47261e+03  4.40460e+03  3.98364e+03 
 4.47486e+03  4.40661e+03  4.01103e+03 
 4.47359e+03  4.40456e+03  4.04042e+03 
 4.47474e+03  4.40632e+03  4.07019e+03 
 4.47347e+03  4.40501e+03  4.09812e+03 
 4.47201e+03  4.40384e+03  4.12688e+03 
 4.47407e+03  4.40526e+03  4.15806e+03 
 4.47517e+03  4.40647e+03  4.17914e+03 
 4.47372e+03  4.40462e+03  4.20003e+03 
 4.47486e+03  4.40596e+03  4.22367e+03 
 4.47471e+03  4.40528e+03  4.24460e+03 
 4.47454e+03  4.40548e+03  4.25602e+03 
 4.47374e+03  4.40450e+03  4.28798e+03 
 4.47669e+03  4.40701e+03  4.30963e+03 
 4.47352e+03  4.40393e+03  4.32913e+03 
 4.47672e+03  4.40739e+03  4.34639e+03 
 4.47492e+03  4.40577e+03  4.35242e+03 
 4.47457e+03  4.40545e+03  4.35399e+03 
 4.47337e+03  4.40462e+03  4.35307e+03 
 4.46600e+03  4.39827e+03  4.34798e+03 
-8.77413e+00  2.77545e+03  5.88176e+03 
-4.79934e+01 -4.31183e+02 -1.51918e+03 
-3.62148e+00  1.96369e+03  4.08245e+03 
 1.06049e+02  6.79878e+01 -4.65416e+02 
 0.00000e+00  9.00000e-01  0.00000e+00  9.99540e-01 
 0.00000e+00  8.71299e-01 -1.84230e-03  9.70290e-01 
 0.00000e+00  8.48880e-01 -3.73860e-03  9.77130e-01 
 0.00000e+00  8.26542e-01 -6.47676e-03  9.83970e-01 
 0.00000e+00  7.99830e-01 -1.04112e-02  9.92160e-01 
 0.00000e+00  7.73172e-01 -1.46979e-02  1.00035e+00 
 0.00000e+00  7.42149e-01 -2.01222e-02  1.00980e+00 
 0.00000e+00  7.06761e-01 -2.67264e-02  1.02069e+00 
 0.00000e+00  6.71409e-01 -3.35484e-02  1.03149e+00 
 0.00000e+00  6.36075e-01 -4.04244e-02  1.04229e+00 
 0.00000e+00  6.00714e-01 -4.71789e-02  9.23040e-01 
 0.00000e+00  5.65308e-01 -5.36796e-02  9.33840e-01 
 0.00000e+00  5.29830e-01 -5.98023e-02  9.44730e-01 
 0.00000e+00  4.94271e-01 -6.54129e-02  9.55620e-01 
 0.00000e+00  4.58613e-01 -7.03890e-02  9.66510e-01 
 0.00000e+00  4.22865e-01 -7.45848e-02  9.77490e-01 
 0.00000e+00  3.87009e-01 -7.78491e-02  9.88470e-01 
 0.00000e+00  3.51081e-01 -8.00424e-02  9.99450e-01 
 0.00000e+00  3.15090e-01 -8.09991e-02  1.01043e+00 
 0.00000e+00  2.79099e-01 -8.05437e-02  1.02150e+00 
 0.00000e+00  2.48535e-01 -7.91271e-02  1.03086e+00 
 0.00000e+00  2.20716e-01 -7.70238e-02  1.03941e+00 
 0.00000e+00  1.95651e-01 -7.44201e-02  1.04706e+00 
 0.00000e+00  1.73340e-01 -7.14969e-02  1.05390e+00 
 0.00000e+00  1.53783e-01 -6.84324e-02  1.05984e+00 
 0.00000e+00  1.36953e-01 -6.54012e-02  1.06506e+00 
 0.00000e+00  1.22832e-01 -6.25581e-02  1.06938e+00 
 0.00000e+00  1.11411e-01 -6.00255e-02  1.07289e+00 
 0.00000e+00  1.02663e-01 -5.79258e-02  9.20880e-01 
 0.00000e+00  9.42030e-02 -5.57505e-02  9.23580e-01 
 0.00000e+00  8.60490e-02 -5.35050e-02  9.26460e-01 
 0.00000e+00  7.81929e-02 -5.11911e-02  9.29520e-01 
 0.00000e+00  7.06392e-02 -4.88106e-02  9.32760e-01 
 0.00000e+00  6.33897e-02 -4.63662e-02  9.36180e-01 
 0.00000e+00  5.64507e-02 -4.38552e-02  9.39780e-01 
 0.00000e+00  4.98267e-02 -4.12713e-02  9.43560e-01 
 0.00000e+00  4.35222e-02 -3.86172e-02  9.47430e-01 
 0.00000e+00  3.75426e-02 -3.58956e-02  9.51480e-01 
 0.00000e+00  3.18924e-02 -3.31101e-02  9.55710e-01 
 0.00000e+00  2.65734e-02 -3.02697e-02  9.60030e-01 
 0.00000e+00  2.15847e-02 -2.73915e-02  9.64440e-01 
 0.00000e+00  1.69605e-02 -2.44323e-02  9.68940e-01 
 0.00000e+00  1.27962e-02 -2.12868e-02  9.73440e-01 
 0.00000e+00  9.13770e-03 -1.79550e-02  9.77940e-01 
 0.00000e+00  5.96844e-03 -1.45125e-02  9.82530e-01 
 0.00000e+00  3.36672e-03 -1.09548e-02  9.87030e-01 
 0.00000e+00  1.47150e-03 -7.27821e-03  9.91440e-01 
 0.00000e+00  3.52197e-04 -3.57831e-03  9.95670e-01 
 0.00000e+00  0.00000e+00  0.00000e+00  9.99540e-01 
 9.00000e-01  3.52197e-04  3.57831e-03  1.00332e+00 
 9.00000e-01  1.47150e-03  7.27821e-03  1.00755e+00 
 9.00000e-01  3.36672e-03  1.09548e-02  1.01196e+00 
 9.00000e-01  5.96844e-03  1.45125e-02  1.01646e+00 
 9.00000e-01  9.13770e-03  1.79550e-02  1.02105e+00 
 9.00000e-01  1.27962e-02  2.12868e-02  1.02555e+00 
 9.00000e-01  1.69605e-02  2.44323e-02  1.03005e+00 
 9.00000e-01  2.15847e-02  2.73915e-02  1.03455e+00 
 9.00000e-01  2.65734e-02  3.02697e-02  1.03896e+00 
 9.00000e-01  3.18924e-02  3.31101e-02  1.04328e+00 
 9.00000e-01  3.75426e-02  3.58956e-02  1.04751e+00 
 9.00000e-01  4.35222e-02  3.86172e-02  1.05156e+00 
 9.00000e-01  4.98267e-02  4.12713e-02  1.05552e+00 
 9.00000e-01  5.64507e-02  4.38552e-02  1.05921e+00 
 9.00000e-01  6.33897e-02  4.63662e-02  1.06281e+00 
 9.00000e-01  7.06392e-02  4.88106e-02  1.06632e+00 
 9.00000e-01  7.81929e-02  5.11911e-02  1.06956e+00 
 9.00000e-01  8.60490e-02  5.35050e-02  1.07253e+00 
 9.00000e-01  9.42030e-02  5.57505e-02  1.07541e+00 
 9.00000e-01  1.02663e-01  5.79258e-02  1.07811e+00 
 9.00000e-01  1.11411e-01  6.00255e-02  9.26100e-01 
 9.00000e-01  1.22832e-01  6.25581e-02  9.29610e-01 
 9.00000e-01  1.36953e-01  6.54012e-02  9.33930e-01 
 9.00000e-01  1.53783e-01  6.84324e-02  9.39150e-01 
 9.00000e-01  1.73340e-01  7.14969e-02  9.45090e-01 
 9.00000e-01  1.95651e-01  7.44201e-02  9.51930e-01 
 9.00000e-01  2.20716e-01  7.70238e-02  9.59580e-01 
 9.00000e-01  2.48535e-01  7.91271e-02  9.68130e-01 
 9.00000e-01  2.79099e-01  8.05437e-02  9.77490e-01 
 9.00000e-01  3.15090e-01  8.09991e-02  9.88560e-01 
 9.00000e-01  3.51081e-01  8.00424e-02  9.99540e-01 
 9.00000e-01  3.87009e-01  7.78491e-02  1.01052e+00 
 9.00000e-01  4.22865e-01  7.45848e-02  1.02150e+00 
 9.00000e-01  4.58613e-01  7.03890e-02  1.03248e+00 
 9.00000e-01  4.94271e-01  6.54129e-02  1.04337e+00 
 9.00000e-01  5.29830e-01  5.98023e-02  1.05426e+00 
 9.00000e-01  5.65308e-01  5.36796e-02  1.06515e+00 
 9.00000e-01  6.00714e-01  4.71789e-02  1.07604e+00 
 9.00000e-01  6.36075e-01  4.04244e-02  9.56700e-01 
 9.00000e-01  6.71409e-01  3.35484e-02  9.67500e-01 
 9.00000e-01  7.06761e-01  2.67264e-02  9.78300e-01 
 9.00000e-01  7.42149e-01  2.01222e-02  9.89190e-01 
 9.00000e-01  7.73172e-01  1.46979e-02  9.98640e-01 
 9.00000e-01  7.99830e-01  1.04112e-02  1.00683e+00 
 9.00000e-01  8.26542e-01  6.47676e-03  1.01502e+00 
 9.00000e-01  8.48880e-01  3.73860e-03  1.02186e+00 
 9.00000e-01  8.71299e-01  1.84230e-03  1.02870e+00 
 0.00000e+00 -2.85000e+00 -1.50000e+00  7.27000e-01 
 0.00000e+00 -2.55000e+00 -1.50000e+00  7.27000e-01 
 0.00000e+00 -2.35000e+00 -1.50000e+00  7.27000e-01 
 0.00000e+00 -2.15000e+00 -1.50000e+00  7.27000e-01 
 0.00000e+00 -1.95000e+00 -1.50000e+00  7.27000e-01 
 0.00000e+00 -1.85000e+00 -1.50000e+00  7.27000e-01 
 0.00000e+00 -1.75000e+00 -1.50000e+00  7.27000e-01 
 0.00000e+00 -1.65000e+00 -1.50000e+00  7.27000e-01 
 0.00000e+00 -1.55000e+00 -1.50000e+00  7.27000e-01 
 0.00000e+00 -1.45000e+00 -1.50000e+00  7.27000e-01 
 0.00000e+00 -1.35000e+00 -1.50000e+00  7.27000e-01 
 0.00000e+00 -1.25000e+00 -1.50000e+00  7.27000e-01 
 0.00000e+00 -1.15000e+00 -1.50000e+00  7.27000e-01 
 0.00000e+00 -1.05000e+00 -1.50000e+00  7.27000e-01 
 0.00000e+00 -9.50000e-01 -1.50000e+00  7.27000e-01 
 0.00000e+00 -8.50000e-01 -1.50000e+00  7.27000e-01 
 0.00000e+00 -7.50000e-01 -1.50000e+00  7.27000e-01 
 0.00000e+00 -6.50000e-01 -1.50000e+00  7.27000e-01 
 0.00000e+00 -5.50000e-01 -1.50000e+00  7.27000e-01 
 0.00000e+00 -4.50000e-01 -1.50000e+00  7.27000e-01 
 0.00000e+00 -3.50000e-01 -1.50000e+00  7.27000e-01 
 0.00000e+00 -2.50000e-01 -1.50000e+00  7.27000e-01 
 0.00000e+00 -1.50000e-01 -1.50000e+00  7.27000e-01 
 0.00000e+00 -5.00000e-02 -1.50000e+00  7.27000e-01 
 0.00000e+00  5.00000e-02 -1.50000e+00  7.27000e-01 
 0.00000e+00  1.50000e-01 -1.50000e+00  7.27000e-01 
 0.00000e+00  2.50000e-01 -1.50000e+00  7.27000e-01 
 0.00000e+00  3.50000e-01 -1.50000e+00  7.27000e-01 
 0.00000e+00  4.50000e-01 -1.50000e+00  7.27000e-01 
 0.00000e+00  5.50000e-01 -1.50000e+00  7.27000e-01 
 0.00000e+00  6.50000e-01 -1.50000e+00  7.27000e-01 
 0.00000e+00  7.50000e-01 -1.50000e+00  7.27000e-01 
 0.00000e+00  8.50000e-01 -1.50000e+00  7.27000e-01 
 0.00000e+00  9.50000e-01 -1.50000e+00  7.27000e-01 
 0.00000e+00  1.05000e+00 -1.50000e+00  7.27000e-01 
 0.00000e+00  1.15000e+00 -1.50000e+00  7.27000e-01 
 0.00000e+00  1.25000e+00 -1.50000e+00  7.27000e-01 
 0.00000e+00  1.35000e+00 -1.50000e+00  7.27000e-01 
 0.00000e+00  1.45000e+00 -1.50000e+00  7.27000e-01 
 0.00000e+00  1.55000e+00 -1.50000e+00  7.27000e-01 
 0.00000e+00  1.65000e+00 -1.50000e+00  7.27000e-01 
 0.00000e+00  1.75000e+00 -1.50000e+00  7.27000e-01 
 0.00000e+00  1.85000e+00 -1.50000e+00  7.27000e-01 
 0.00000e+00  1.95000e+00 -1.50000e+00  7.27000e-01 
 0.00000e+00  2.15000e+00 -1.50000e+00  7.27000e-01 
 0.00000e+00  2.35000e+00 -1.50000e+00  7.27000e-01 
 0.00000e+00  2.55000e+00 -1.50000e+00  7.27000e-01 
 0.00000e+00  2.85000e+00 -1.50000e+00  7.27000e-01 
 1.00000e+00 -2.85000e+00  1.50000e+00  7.27000e-01 
 1.00000e+00 -2.55000e+00  1.50000e+00  7.27000e-01 
 1.00000e+00 -2.35000e+00  1.50000e+00  7.27000e-01 
 1.00000e+00 -2.15000e+00  1.50000e+00  7.27000e-01 
 1.00000e+00 -1.95000e+00  1.50000e+00  7.27000e-01 
 1.00000e+00 -1.85000e+00  1.50000e+00  7.27000e-01 
 1.00000e+00 -1.75000e+00  1.50000e+00  7.27000e-01 
 1.00000e+00 -1.65000e+00  1.50000e+00  7.27000e-01 
 1.00000e+00 -1.55000e+00  1.50000e+00  7.27000e-01 
 1.00000e+00 -1.45000e+00  1.50000e+00  7.27000e-01 
 1.00000e+00 -1.35000e+00  1.50000e+00  7.27000e-01 
 1.00000e+00 -1.25000e+00  1.50000e+00  7.27000e-01 
 1.00000e+00 -1.15000e+00  1.50000e+00  7.27000e-01 
 1.00000e+00 -1.05000e+00  1.50000e+00  7.27000e-01 
 1.00000e+00 -9.50000e-01  1.50000e+00  7.27000e-01 
 1.00000e+00 -8.50000e-01  1.50000e+00  7.27000e-01 
 1.00000e+00 -7.50000e-01  1.50000e+00  7.27000e-01 
 1.00000e+00 -6.50000e-01  1.50000e+00  7.27000e-01 
 1.00000e+00 -5.50000e-01  1.50000e+00  7.27000e-01 
 1.00000e+00 -4.50000e-01  1.50000e+00  7.27000e-01 
 1.00000e+00 -3.50000e-01  1.50000e+00  7.27000e-01 
 1.00000e+00 -2.50000e-01  1.50000e+00  7.27000e-01 
 1.00000e+00 -1.50000e-01  1.50000e+00  7.27000e-01 
 1.00000e+00 -5.00000e-02  1.50000e+00  7.27000e-01 
 1.00000e+00  5.00000e-02  1.50000e+00  7.27000e-01 
 1.00000e+00  1.50000e-01  1.50000e+00  7.27000e-01 
 1.00000e+00  2.50000e-01  1.50000e+00  7.27000e-01 
 1.00000e+00  3.50000e-01  1.50000e+00  7.27000e-01 
 1.00000e+00  4.50000e-01  1.50000e+00  7.27000e-01 
 1.00000e+00  5.50000e-01  1.50000e+00  7.27000e-01 
 1.00000e+00  6.50000e-01  1.50000e+00  7.27000e-01 
 1.00000e+00  7.50000e-01  1.50000e+00  7.27000e-01 
 1.00000e+00  8.50000e-01  1.50000e+00  7.27000e-01 
 1.00000e+00  9.50000e-01  1.50000e+00  7.27000e-01 
 1.00000e+00  1.05000e+00  1.50000e+00  7.27000e-01 
 1.00000e+00  1.15000e+00  1.50000e+00  7.27000e-01 
 1.00000e+00  1.25000e+00  1.50000e+00  7.27000e-01 
 1.00000e+00  1.35000e+00  1.50000e+00  7.27000e-01 
 1.00000e+00  1.45000e+00  1.50000e+00  7.27000e-01 
 1.00000e+00  1.55000e+00  1.50000e+00  7.27000e-01 
 1.00000e+00  1.65000e+00  1.50000e+00  7.27000e-01 
 1.00000e+00  1.75000e+00  1.50000e+00  7.27000e-01 
 1.00000e+00  1.85000e+00  1.50000e+00  7.27000e-01 
 1.00000e+00  1.95000e+00  1.50000e+00  7.27000e-01 
 1.00000e+00  2.15000e+00  1.50000e+00  7.27000e-01 
 1.00000e+00  2.35000e+00  1.50000e+00  7.27000e-01 
 1.00000e+00  2.55000e+00  1.50000e+00  7.27000e-01 
 1.00000e+00  2.85000e+00  1.50000e+00  7.27000e-01 
 2.00000e+00 -2.85000e+00 -1.50000e+00  1.26700e+00 
 2.00000e+00 -1.95000e+00 -1.50000e+00  1.26700e+00 
 2.00000e+00 -1.35000e+00 -1.50000e+00  1.26700e+00 
 2.00000e+00 -9.50000e-01 -1.50000e+00  1.26700e+00 
 2.00000e+00 -6.50000e-01 -1.50000e+00  1.26700e+00 
 2.00000e+00 -4.50000e-01 -1.50000e+00  1.26700e+00 
 2.00000e+00 -2.50000e-01 -1.50000e+00  1.26700e+00 
 2.00000e+00 -5.00000e-02 -1.50000e+00  1.26700e+00 
 2.00000e+00  5.00000e-02 -1.50000e+00  1.26700e+00 
 2.00000e+00  2.50000e-01 -1.50000e+00  1.26700e+00 
 2.00000e+00  4.50000e-01 -1.50000e+00  1.26700e+00 
 2.00000e+00  6.50000e-01 -1.50000e+00  1.26700e+00 
 2.00000e+00  9.50000e-01 -1.50000e+00  1.26700e+00 
 2.00000e+00  1.35000e+00 -1.50000e+00  1.26700e+00 
 2.00000e+00  1.95000e+00 -1.50000e+00  1.26700e+00 
 2.00000e+00  2.85000e+00 -1.50000e+00  1.26700e+00 
 3.00000e+00 -2.85000e+00  1.50000e+00  1.26700e+00 
 3.00000e+00 -1.95000e+00  1.50000e+00  1.26700e+00 
 3.00000e+00 -1.35000e+00  1.50000e+00  1.26700e+00 
 3.00000e+00 -9.50000e-01  1.50000e+00  1.26700e+00 
 3.00000e+00 -6.50000e-01  1.50000e+00  1.26700e+00 
 3.00000e+00 -4.50000e-01  1.50000e+00  1.26700e+00 
 3.00000e+00 -2.50000e-01  1.50000e+00  1.26700e+00 
 3.00000e+00 -5.00000e-02  1.50000e+00  1.26700e+00 
 3.00000e+00  5.00000e-02  1.50000e+00  1.26700e+00 
 3.00000e+00  2.50000e-01  1.50000e+00  1.26700e+00 
 3.00000e+00  4.50000e-01  1.50000e+00  1.26700e+00 
 3.00000e+00  6.50000e-01  1.50000e+00  1.26700e+00 
 3.00000e+00  9.50000e-01  1.50000e+00  1.26700e+00 
 3.00000e+00  1.35000e+00  1.50000e+00  1.26700e+00 
 3.00000e+00  1.95000e+00  1.50000e+00  1.26700e+00 
 3.00000e+00  2.85000e+00  1.50000e+00  1.26700e+00 
 0.00000e+00  0.00000e+00 -3.47500e-01  0.00000e+00 
 0.00000e+00  0.00000e+00 -3.17500e-01  0.00000e+00 
 0.00000e+00  0.00000e+00 -2.87500e-01  0.00000e+00 
 0.00000e+00  0.00000e+00 -2.67500e-01  0.00000e+00 
 0.00000e+00  0.00000e+00 -2.47500e-01  0.00000e+00 
 0.00000e+00  0.00000e+00 -2.32500e-01  0.00000e+00 
 0.00000e+00  0.00000e+00 -2.17500e-01  0.00000e+00 
 0.00000e+00  0.00000e+00 -2.07500e-01  0.00000e+00 
 0.00000e+00  0.00000e+00 -1.97500e-01  0.00000e+00 
 0.00000e+00  0.00000e+00 -1.92500e-01  0.00000e+00 
 0.00000e+00  0.00000e+00 -1.87500e-01  0.00000e+00 
 0.00000e+00  0.00000e+00 -1.82500e-01  0.00000e+00 
 0.00000e+00  0.00000e+00 -1.77500e-01  0.00000e+00 
 0.00000e+00  0.00000e+00 -1.72500e-01  0.00000e+00 
 0.00000e+00  0.00000e+00 -1.67500e-01  0.00000e+00 
 0.00000e+00  0.00000e+00 -1.62500e-01  0.00000e+00 
 0.00000e+00  0.00000e+00 -1.57500e-01  0.00000e+00 
 0.00000e+00  0.00000e+00 -1.52500e-01  0.00000e+00 
 0.00000e+00  0.00000e+00 -1.47500e-01  0.00000e+00 
 0.00000e+00  0.00000e+00 -1.42500e-01  0.00000e+00 
 0.00000e+00  0.00000e+00 -1.37500e-01  0.00000e+00 
 0.00000e+00  0.00000e+00 -1.32500e-01  0.00000e+00 
 0.00000e+00  0.00000e+00 -1.27500e-01  0.00000e+00 
 0.00000e+00  0.00000e+00 -1.22500e-01  0.00000e+00 
 0.00000e+00  0.00000e+00 -1.17500e-01  0.00000e+00 
 0.00000e+00  0.00000e+00 -1.12500e-01  0.00000e+00 
 0.00000e+00  0.00000e+00 -1.07500e-01  0.00000e+00 
 0.00000e+00  0.00000e+00 -1.02500e-01  0.00000e+00 
 0.00000e+00  0.00000e+00 -9.75000e-02  0.00000e+00 
 0.00000e+00  0.00000e+00 -9.25000e-02  0.00000e+00 
 0.00000e+00  0.00000e+00 -8.75000e-02  0.00000e+00 
 0.00000e+00  0.00000e+00 -8.25000e-02  0.00000e+00 
 0.00000e+00  0.00000e+00 -7.75000e-02  0.00000e+00 
 0.00000e+00  0.00000e+00 -7.25000e-02  0.00000e+00 
 0.00000e+00  0.00000e+00 -6.75000e-02  0.00000e+00 
 0.00000e+00  0.00000e+00 -6.25000e-02  0.00000e+00 
 0.00000e+00  0.00000e+00 -5.75000e-02  0.00000e+00 
 0.00000e+00  0.00000e+00 -5.25000e-02  0.00000e+00 
 0.00000e+00  0.00000e+00 -4.75000e-02  0.00000e+00 
 0.00000e+00  0.00000e+00 -4.25000e-02  0.00000e+00 
 0.00000e+00  0.00000e+00 -3.75000e-02  0.00000e+00 
 0.00000e+00  0.00000e+00 -3.25000e-02  0.00000e+00 
 0.00000e+00  0.00000e+00 -2.75000e-02  0.00000e+00 
 0.00000e+00  0.00000e+00 -2.25000e-02  0.00000e+00 
 0.00000e+00  0.00000e+00 -1.75000e-02  0.00000e+00 
 0.00000e+00  0.00000e+00 -1.25000e-02  0.00000e+00 
 0.00000e+00  0.00000e+00 -7.50000e-03  0.00000e+00 
 0.00000e+00  0.00000e+00 -2.50000e-03  0.00000e+00 
 0.00000e+00  0.00000e+00  2.50000e-03  0.00000e+00 
 0.00000e+00  0.00000e+00  7.50000e-03  0.00000e+00 
 0.00000e+00  0.00000e+00  1.25000e-02  0.00000e+00 
 0.00000e+00  0.00000e+00  1.75000e-02  0.00000e+00 
 0.00000e+00  0.00000e+00  2.25000e-02  0.00000e+00 
 0.00000e+00  0.00000e+00  2.75000e-02  0.00000e+00 
 0.00000e+00  0.00000e+00  3.25000e-02  0.00000e+00 
 0.00000e+00  0.00000e+00  3.75000e-02  0.00000e+00 
 0.00000e+00  0.00000e+00  4.25000e-02  0.00000e+00 
 0.00000e+00  0.00000e+00  4.75000e-02  0.00000e+00 
 0.00000e+00  0.00000e+00  5.25000e-02  0.00000e+00 
 0.00000e+00  0.00000e+00  5.75000e-02  0.00000e+00 
 0.00000e+00  0.00000e+00  6.25000e-02  0.00000e+00 
 0.00000e+00  0.00000e+00  6.75000e-02  0.00000e+00 
 0.00000e+00  0.00000e+00  7.25000e-02  0.00000e+00 
 0.00000e+00  0.00000e+00  7.75000e-02  0.00000e+00 
 0.00000e+00  0.00000e+00  8.25000e-02  0.00000e+00 
 0.00000e+00  0.00000e+00  8.75000e-02  0.00000e+00 
 0.00000e+00  0.00000e+00  9.25000e-02  0.00000e+00 
 0.00000e+00  0.00000e+00  9.75000e-02  0.00000e+00 
 0.00000e+00  0.00000e+00  1.02500e-01  0.00000e+00 
 0.00000e+00  0.00000e+00  1.07500e-01  0.00000e+00 
 0.00000e+00  0.00000e+00  1.12500e-01  0.00000e+00 
 0.00000e+00  0.00000e+00  1.17500e-01  0.00000e+00 
 0.00000e+00  0.00000e+00  1.22500e-01  0.00000e+00 
 0.00000e+00  0.00000e+00  1.27500e-01  0.00000e+00 
 0.00000e+00  0.00000e+00  1.32500e-01  0.00000e+00 
 0.00000e+00  0.00000e+00  1.37500e-01  0.00000e+00 
 0.00000e+00  0.00000e+00  1.42500e-01  0.00000e+00 
 0.00000e+00  0.00000e+00  1.47500e-01  0.00000e+00 
 0.00000e+00  0.00000e+00  1.52500e-01  0.00000e+00 
 0.00000e+00  0.00000e+00  1.57500e-01  0.00000e+00 
 0.00000e+00  0.00000e+00  1.62500e-01  0.00000e+00 
 0.00000e+00  0.00000e+00  1.67500e-01  0.00000e+00 
 0.00000e+00  0.00000e+00  1.72500e-01  0.00000e+00 
 0.00000e+00  0.00000e+00  1.77500e-01  0.00000e+00 
 0.00000e+00  0.00000e+00  1.82500e-01  0.00000e+00 
 0.00000e+00  0.00000e+00  1.87500e-01  0.00000e+00 
 0.00000e+00  0.00000e+00  1.92500e-01  0.00000e+00 
 0.00000e+00  0.00000e+00  1.97500e-01  0.00000e+00 
 0.00000e+00  0.00000e+00  2.07500e-01  0.00000e+00 
 0.00000e+00  0.00000e+00  2.17500e-01  0.00000e+00 
 0.00000e+00  0.00000e+00  2.32500e-01  0.00000e+00 
 0.00000e+00  0.00000e+00  2.47500e-01  0.00000e+00 
 0.00000e+00  0.00000e+00  2.67500e-01  0.00000e+00 
 0.00000e+00  0.00000e+00  2.87500e-01  0.00000e+00 
 0.00000e+00  0.00000e+00  3.17500e-01  0.00000e+00 
 0.00000e+00  0.00000e+00  3.47500e-01  0.00000e+00 
