 4.96824e+00  1.29707e+01  1.89749e+01 
 4.88939e+01  4.86785e+01  4.81731e+01 
 9.17407e+00  9.54001e+00  9.73464e+00 
 3.13950e+06  3.11888e+06  3.08322e+06 
 1.50188e+03  1.48695e+03  1.45546e+03 
 1.02149e+05  1.02156e+05  1.02142e+05 
 1.73088e+02 -3.25893e+02 -7.29514e+02 
 3.21024e+02  1.28012e+02 -1.66595e+02 
 3.20933e+02  1.94873e+02 -6.54816e+01 
 2.92813e+02  2.08948e+02 -3.99489e+01 
 2.48347e+02  2.05587e+02 -2.63873e+01 
 2.15586e+02  2.14521e+02 -8.78843e+00 
 1.64405e+02  2.05412e+02 -5.74997e+00 
 9.77868e+01  1.59736e+02 -1.18985e+01 
 3.32482e+01  1.27038e+02 -2.02890e+01 
-3.63178e+01  1.02445e+02 -3.11326e+01 
-1.06836e+02  6.67618e+01 -4.16761e+01 
-1.62137e+02  4.24847e+01 -4.74480e+01 
-2.80521e+02  2.14301e+01 -4.78301e+01 
-3.34223e+02  6.97131e+00 -4.17342e+01 
-3.88032e+02 -2.32709e+00 -2.85018e+01 
-4.37130e+02  2.11620e+00 -2.70200e-01 
-4.74095e+02  2.20601e+01  4.37887e+01 
-4.93608e+02  6.12899e+01  1.07184e+02 
-4.96616e+02  1.17972e+02  1.87614e+02 
-4.48226e+02  2.16492e+02  3.07233e+02 
-3.93247e+02  3.14391e+02  4.21235e+02 
-3.35735e+02  4.12603e+02  5.32069e+02 
-2.70063e+02  5.12123e+02  6.41463e+02 
-1.95060e+02  6.15330e+02  7.50814e+02 
-1.22078e+02  7.11768e+02  8.50724e+02 
-4.50767e+01  8.06694e+02  9.45789e+02 
 1.96015e+01  8.86336e+02  1.02459e+03 
 7.96757e+01  9.57630e+02  1.09319e+03 
 1.31281e+02  1.01343e+03  1.14809e+03 
 1.90954e+02  1.07305e+03  1.20193e+03 
 2.51731e+02  1.13409e+03  1.25701e+03 
 3.11454e+02  1.19192e+03  1.30694e+03 
 3.78622e+02  1.25160e+03  1.35660e+03 
 4.48406e+02  1.30845e+03  1.40123e+03 
 5.27755e+02  1.36413e+03  1.44094e+03 
 6.11345e+02  1.41354e+03  1.47155e+03 
 7.03648e+02  1.45632e+03  1.49160e+03 
 8.03419e+02  1.48497e+03  1.49222e+03 
 9.04637e+02  1.49583e+03  1.47114e+03 
 1.01658e+03  1.48430e+03  1.41852e+03 
 1.12173e+03  1.42896e+03  1.31071e+03 
 1.23419e+03  1.30104e+03  1.11035e+03 
 1.35676e+03  1.06220e+03  7.82948e+02 
 1.45613e+03  6.65647e+02  2.83112e+02 
 1.50060e+03  1.84576e+00 -5.10411e+02 
 1.44796e+03 -1.05740e+03 -1.72618e+03 
 1.20914e+03 -2.59311e+03 -3.40957e+03 
 7.64325e+02 -4.32703e+03 -5.22476e+03 
 1.41031e+02 -6.08186e+03 -6.97328e+03 
-6.09209e+02 -7.58039e+03 -8.34968e+03 
-1.35194e+03 -8.64064e+03 -9.20301e+03 
-1.84401e+03 -8.70884e+03 -9.00947e+03 
-2.13443e+03 -8.35743e+03 -8.42278e+03 
-2.27578e+03 -7.84386e+03 -7.82576e+03 
-2.44966e+03 -7.47515e+03 -7.42488e+03 
-2.45054e+03 -7.07890e+03 -6.40578e+03 
-2.31226e+03 -6.70853e+03 -5.53533e+03 
-2.21709e+03 -5.41187e+03 -5.04469e+03 
-2.17531e+03 -5.20816e+03 -4.63971e+03 
-2.15381e+03 -4.98512e+03 -4.31722e+03 
-2.13663e+03 -4.75947e+03 -4.01805e+03 
-2.11539e+03 -4.54633e+03 -3.74056e+03 
-2.09043e+03 -4.35000e+03 -3.48507e+03 
-2.05897e+03 -4.15465e+03 -3.23621e+03 
-2.03134e+03 -3.99181e+03 -3.01641e+03 
-2.00668e+03 -3.83829e+03 -2.80389e+03 
-1.98237e+03 -3.69821e+03 -2.60500e+03 
-1.95925e+03 -3.56678e+03 -2.40834e+03 
-1.93745e+03 -3.44284e+03 -2.21911e+03 
-1.91568e+03 -3.28049e+03 -2.00912e+03 
-1.88798e+03 -3.14616e+03 -1.77401e+03 
-1.85802e+03 -3.00018e+03 -1.50060e+03 
-1.83053e+03 -2.84426e+03 -1.21839e+03 
-1.80765e+03 -2.69308e+03 -9.89654e+02 
-1.76368e+03 -2.52891e+03 -8.50891e+02 
-1.68971e+03 -2.35669e+03 -7.87604e+02 
-1.65997e+03 -2.18126e+03 -7.63603e+02 
-1.62316e+03 -2.00008e+03 -7.56310e+02 
-1.55497e+03 -1.77725e+03 -7.56193e+02 
-1.43836e+03 -1.51718e+03 -7.62037e+02 
-1.30809e+03 -1.26316e+03 -7.70196e+02 
-1.17236e+03 -1.04300e+03 -7.80899e+02 
-1.02668e+03 -8.67600e+02 -7.91252e+02 
-8.82601e+02 -7.48291e+02 -8.01456e+02 
-7.39732e+02 -6.73355e+02 -8.11018e+02 
-6.01003e+02 -6.26029e+02 -8.18236e+02 
-4.99712e+02 -5.92171e+02 -8.21862e+02 
-3.50674e+02 -6.35428e+02 -8.24113e+02 
-2.34902e+02 -6.11145e+02 -8.27076e+02 
-1.27308e+02 -5.80783e+02 -8.29725e+02 
-5.75340e+01 -5.54366e+02 -8.22789e+02 
 3.72999e+01 -5.32394e+02 -8.20822e+02 
 8.99568e+01 -5.09851e+02 -8.16305e+02 
 1.40103e+02 -4.88493e+02 -8.03481e+02 
 1.73915e+02 -4.67024e+02 -7.92920e+02 
 1.98875e+02 -4.38176e+02 -7.84299e+02 
-3.68018e+01  5.86027e+00  5.32954e+01 
-4.31462e+01  5.54112e+00  5.02638e+01 
-3.80338e+01  1.58843e+01  5.85833e+01 
-3.13078e+01  2.88881e+01  6.93341e+01 
-2.45563e+01  4.29957e+01  8.04605e+01 
-2.10334e+01  5.06784e+01  8.65135e+01 
-1.90374e+01  5.72315e+01  9.10589e+01 
-2.01900e+01  6.12703e+01  9.30872e+01 
-2.21051e+01  6.48362e+01  9.43060e+01 
-1.06127e+01  8.10889e+01  1.07968e+02 
-2.81620e+00  9.39660e+01  1.17834e+02 
 4.43541e+00  1.06794e+02  1.27295e+02 
 4.02267e+00  1.12720e+02  1.29795e+02 
 9.42758e+00  1.23571e+02  1.36771e+02 
 9.69274e+00  1.29944e+02  1.38753e+02 
 1.04136e+01  1.36366e+02  1.40618e+02 
-1.34291e+00  1.32261e+02  1.31008e+02 
 6.90160e+00  1.43589e+02  1.37081e+02 
 6.30279e+00  1.47250e+02  1.34827e+02 
 6.37366e+00  1.50119e+02  1.31449e+02 
 9.18834e+00  1.54463e+02  1.29449e+02 
 5.08033e+00  1.52218e+02  1.20120e+02 
 1.31613e+00  1.48439e+02  1.09384e+02 
-1.24444e+01  1.34730e+02  8.79386e+01 
 1.84868e+00  1.43832e+02  9.14595e+01 
 1.78093e+00  1.39561e+02  8.10525e+01 
 2.43293e+00  1.35326e+02  7.13108e+01 
-1.04440e+00  1.26342e+02  5.71993e+01 
-2.45072e+00  1.19099e+02  4.63224e+01 
-3.00673e+00  1.11696e+02  3.66499e+01 
-6.32145e+00  1.01987e+02  2.57284e+01 
-1.34864e+01  8.83281e+01  1.18340e+01 
-1.95854e+01  7.58479e+01  6.47421e-01 
-1.69467e+01  7.16708e+01 -1.15021e-01 
-2.60567e+01  5.66004e+01 -1.18425e+01 
-2.40533e+01  5.21926e+01 -1.10862e+01 
-2.72412e+01  4.34805e+01 -1.46116e+01 
-3.25421e+01  3.30255e+01 -1.97163e+01 
-3.30126e+01  2.73689e+01 -1.96712e+01 
-3.59500e+01  1.96814e+01 -2.18505e+01 
-3.35266e+01  1.75476e+01 -1.87664e+01 
-3.80623e+01  8.97042e+00 -2.25933e+01 
-4.21024e+01  1.12699e+00 -2.59718e+01 
-5.07983e+01 -1.09599e+01 -3.39620e+01 
-5.97818e+01 -2.59594e+01 -4.18946e+01 
-7.70969e+01 -4.86027e+01 -5.79853e+01 
-8.71299e+01 -6.33042e+01 -6.71532e+01 
-9.79910e+01 -8.01443e+01 -7.73010e+01 
-7.28286e+01 -6.79277e+01 -1.20857e+01 
-8.27775e+01 -8.48328e+01 -2.71687e+01 
-8.87315e+01 -9.68866e+01 -3.80321e+01 
-9.49587e+01 -1.10564e+02 -5.05368e+01 
-1.07657e+02 -1.32402e+02 -7.05684e+01 
-1.12187e+02 -1.42015e+02 -7.97085e+01 
-1.18636e+02 -1.54459e+02 -9.14960e+01 
-1.28135e+02 -1.70494e+02 -1.06835e+02 
-1.36238e+02 -1.85528e+02 -1.20778e+02 
-1.49901e+02 -2.07108e+02 -1.41393e+02 
-1.58874e+02 -2.24728e+02 -1.58710e+02 
-1.62634e+02 -2.37078e+02 -1.70971e+02 
-1.73891e+02 -2.56995e+02 -1.91407e+02 
-1.82518e+02 -2.75641e+02 -2.10013e+02 
-1.89624e+02 -2.92609e+02 -2.27588e+02 
-2.04382e+02 -3.18804e+02 -2.55022e+02 
-2.14576e+02 -3.38990e+02 -2.77250e+02 
-2.22711e+02 -3.56531e+02 -2.97913e+02 
-2.31097e+02 -3.73497e+02 -3.18350e+02 
-2.43338e+02 -3.93388e+02 -3.42884e+02 
-2.53559e+02 -4.09978e+02 -3.65005e+02 
-2.59071e+02 -4.19743e+02 -3.81692e+02 
-2.69250e+02 -4.33323e+02 -4.02024e+02 
-2.70824e+02 -4.34978e+02 -4.11667e+02 
-2.70063e+02 -4.32766e+02 -4.17943e+02 
-2.63037e+02 -4.22242e+02 -4.16078e+02 
-2.55436e+02 -4.09476e+02 -4.11525e+02 
-2.52780e+02 -4.01445e+02 -4.11013e+02 
-2.35452e+02 -3.76100e+02 -3.92025e+02 
-2.27895e+02 -3.59780e+02 -3.81222e+02 
-2.15352e+02 -3.38292e+02 -3.63622e+02 
-2.03981e+02 -3.17843e+02 -3.46283e+02 
-1.99879e+02 -3.05657e+02 -3.35482e+02 
-1.87137e+02 -2.84029e+02 -3.13568e+02 
-1.77334e+02 -2.67510e+02 -2.95465e+02 
-1.65465e+02 -2.45776e+02 -2.72035e+02 
-1.55234e+02 -2.28730e+02 -2.53491e+02 
-1.52637e+02 -2.19152e+02 -2.41649e+02 
-1.47672e+02 -2.07166e+02 -2.26909e+02 
-1.34758e+02 -1.87818e+02 -2.04813e+02 
-1.29153e+02 -1.76607e+02 -1.91279e+02 
-1.27046e+02 -1.69315e+02 -1.81561e+02 
-1.19283e+02 -1.56787e+02 -1.66814e+02 
-1.16305e+02 -1.49269e+02 -1.57789e+02 
-1.09426e+02 -1.34957e+02 -1.40563e+02 
-9.79445e+01 -1.17429e+02 -1.21151e+02 
-9.91390e+01 -1.13010e+02 -1.16087e+02 
-9.64535e+01 -1.03797e+02 -1.07090e+02 
-3.96255e+01  3.13002e+00  5.00866e+01 
-2.69916e+01  4.08975e+01  7.81325e+01 
-6.77800e-01  9.63539e+01  1.19501e+02 
 7.79790e+00  1.29358e+02  1.37273e+02 
 1.13406e+01  1.48770e+02  1.41551e+02 
 1.23977e+01  1.57213e+02  1.37366e+02 
 9.17847e+00  1.57452e+02  1.24284e+02 
 8.08860e+00  1.54074e+02  1.07246e+02 
 1.28737e+00  1.45399e+02  9.14173e+01 
 3.88203e+00  1.38865e+02  7.31773e+01 
-5.50881e+00  1.18423e+02  4.39774e+01 
-7.32418e+00  1.03077e+02  2.53198e+01 
-1.83729e+01  7.18231e+01 -9.72147e-01 
-2.57185e+01  4.01025e+01 -1.26821e+01 
-4.95974e+01 -9.77090e+00 -3.29270e+01 
-9.47580e+01 -7.77713e+01 -7.40707e+01 
-7.33215e+01 -6.86340e+01 -1.23501e+01 
-1.06393e+02 -1.31441e+02 -6.95676e+01 
-1.49016e+02 -2.15163e+02 -1.48648e+02 
-1.92001e+02 -2.97896e+02 -2.31614e+02 
-2.23293e+02 -3.59227e+02 -2.99025e+02 
-2.41459e+02 -3.93654e+02 -3.41753e+02 
-2.60091e+02 -4.23159e+02 -3.83131e+02 
-2.68170e+02 -4.34204e+02 -4.09576e+02 
-2.65938e+02 -4.30231e+02 -4.13978e+02 
-2.56673e+02 -4.12676e+02 -4.13599e+02 
-2.38082e+02 -3.80001e+02 -3.95480e+02 
-2.17390e+02 -3.42171e+02 -3.67472e+02 
-1.84201e+02 -2.82472e+02 -3.11837e+02 
-1.48836e+02 -2.15149e+02 -2.37502e+02 
-1.11521e+02 -1.44296e+02 -1.52962e+02 
-9.44004e+01 -1.01158e+02 -1.04662e+02 
 1.50133e+03  1.49823e+03  1.40436e+03 
 1.50062e+03  1.49772e+03  1.38362e+03 
 1.50174e+03  1.49839e+03  1.34779e+03 
 1.50107e+03  1.49704e+03  1.32260e+03 
 1.50158e+03  1.49529e+03  1.29533e+03 
 1.49992e+03  1.48940e+03  1.27125e+03 
 1.50137e+03  1.48334e+03  1.25250e+03 
 1.50019e+03  1.47468e+03  1.23864e+03 
 1.50233e+03  1.46648e+03  1.22625e+03 
 1.50076e+03  1.45899e+03  1.21688e+03 
 1.50204e+03  1.45508e+03  1.21038e+03 
 1.50096e+03  1.44671e+03  1.20386e+03 
 1.50281e+03  1.43798e+03  1.19541e+03 
 1.50042e+03  1.43182e+03  1.19090e+03 
 1.50181e+03  1.42060e+03  1.18375e+03 
 1.50054e+03  1.41316e+03  1.17686e+03 
 1.50134e+03  1.40556e+03  1.16694e+03 
 1.50039e+03  1.39343e+03  1.15680e+03 
 1.50203e+03  1.38841e+03  1.14964e+03 
 1.50059e+03  1.37920e+03  1.14135e+03 
 1.50137e+03  1.37121e+03  1.13403e+03 
 1.50019e+03  1.36370e+03  1.12631e+03 
 1.50146e+03  1.35688e+03  1.12531e+03 
 1.50082e+03  1.34995e+03  1.11725e+03 
 1.50082e+03  1.34581e+03  1.10819e+03 
 1.50087e+03  1.34130e+03  1.10272e+03 
 1.50147e+03  1.33874e+03  1.09664e+03 
 1.50154e+03  1.33371e+03  1.08981e+03 
 1.50080e+03  1.33187e+03  1.08275e+03 
 1.50015e+03  1.33045e+03  1.07526e+03 
 1.50104e+03  1.32947e+03  1.06987e+03 
 1.49963e+03  1.32922e+03  1.06506e+03 
 1.50109e+03  1.33129e+03  1.05895e+03 
 1.50019e+03  1.33250e+03  1.04947e+03 
 1.49887e+03  1.33351e+03  1.04110e+03 
 1.49659e+03  1.33419e+03  1.04329e+03 
 1.49267e+03  1.33659e+03  1.03491e+03 
 1.48486e+03  1.33994e+03  1.02998e+03 
 1.47500e+03  1.34139e+03  1.02327e+03 
 1.46007e+03  1.34237e+03  1.02388e+03 
 1.44714e+03  1.34455e+03  1.01416e+03 
 1.42359e+03  1.34800e+03  1.00598e+03 
 1.40276e+03  1.35164e+03  1.00494e+03 
 1.38113e+03  1.35269e+03  1.00259e+03 
 1.35534e+03  1.35553e+03  9.93468e+02 
 1.34365e+03  1.35726e+03  9.91777e+02 
 1.32960e+03  1.36167e+03  9.88453e+02 
 1.32016e+03  1.36178e+03  9.84047e+02 
 1.31533e+03  1.36430e+03  9.79235e+02 
 1.31791e+03  1.36618e+03  9.69017e+02 
 1.32739e+03  1.36775e+03  9.66554e+02 
 1.33838e+03  1.36965e+03  9.63305e+02 
 1.35640e+03  1.37143e+03  9.66481e+02 
 1.37343e+03  1.37246e+03  9.64417e+02 
 1.39538e+03  1.37394e+03  9.55838e+02 
 1.41502e+03  1.37381e+03  9.59522e+02 
 1.43295e+03  1.37609e+03  9.53402e+02 
 1.44924e+03  1.37742e+03  9.49290e+02 
 1.46763e+03  1.37845e+03  9.51130e+02 
 1.47745e+03  1.37816e+03  9.52367e+02 
 1.48622e+03  1.38159e+03  9.49334e+02 
 1.49251e+03  1.38176e+03  9.48921e+02 
 1.49608e+03  1.38413e+03  9.47189e+02 
 1.49846e+03  1.38388e+03  9.49274e+02 
 1.50037e+03  1.38603e+03  9.51705e+02 
 1.50035e+03  1.38572e+03  9.49388e+02 
 1.50061e+03  1.38636e+03  9.47473e+02 
 1.50023e+03  1.38637e+03  9.48234e+02 
 1.49252e+03  1.37944e+03  9.32256e+02 
 1.50119e+03  1.38946e+03  9.43360e+02 
 1.49934e+03  1.38713e+03  9.44190e+02 
 1.50033e+03  1.38979e+03  9.47101e+02 
 1.50034e+03  1.38945e+03  9.49539e+02 
 1.50093e+03  1.39146e+03  9.52974e+02 
 1.50041e+03  1.39264e+03  9.51111e+02 
 1.50073e+03  1.39362e+03  9.54935e+02 
 1.49957e+03  1.39183e+03  9.56988e+02 
 1.50112e+03  1.39444e+03  9.59535e+02 
 1.50004e+03  1.39359e+03  9.55153e+02 
 1.50090e+03  1.39549e+03  9.60980e+02 
 1.49958e+03  1.39476e+03  9.63426e+02 
 1.50009e+03  1.39597e+03  9.59021e+02 
 1.50098e+03  1.39893e+03  9.77143e+02 
 1.50085e+03  1.39910e+03  9.79093e+02 
 1.50000e+03  1.39876e+03  9.81729e+02 
 1.50034e+03  1.40029e+03  9.88628e+02 
 1.50041e+03  1.40108e+03  9.92519e+02 
 1.50074e+03  1.40323e+03  9.96876e+02 
 1.49993e+03  1.40568e+03  1.01198e+03 
 1.50131e+03  1.41012e+03  1.01937e+03 
 1.49948e+03  1.41131e+03  1.02391e+03 
 1.50127e+03  1.41962e+03  1.05737e+03 
 1.49968e+03  1.42619e+03  1.07778e+03 
 1.50034e+03  1.43435e+03  1.10933e+03 
 1.49989e+03  1.44813e+03  1.14188e+03 
 1.49798e+03  1.45565e+03  1.13015e+03 
 8.98875e+02  1.86839e+03  1.59238e+03 
-4.04080e+01 -5.48060e+02 -5.01101e+02 
 6.37455e+02  1.35982e+03  1.25640e+03 
-6.66172e+01 -8.20838e+01 -7.64382e+01 
 0.00000e+00  9.00000e-01  0.00000e+00  9.99540e-01 
 0.00000e+00  8.71299e-01 -1.84230e-03  9.70290e-01 
 0.00000e+00  8.48880e-01 -3.73860e-03  9.77130e-01 
 0.00000e+00  8.26542e-01 -6.47676e-03  9.83970e-01 
 0.00000e+00  7.99830e-01 -1.04112e-02  9.92160e-01 
 0.00000e+00  7.73172e-01 -1.46979e-02  1.00035e+00 
 0.00000e+00  7.42149e-01 -2.01222e-02  1.00980e+00 
 0.00000e+00  7.06761e-01 -2.67264e-02  1.02069e+00 
 0.00000e+00  6.71409e-01 -3.35484e-02  1.03149e+00 
 0.00000e+00  6.36075e-01 -4.04244e-02  1.04229e+00 
 0.00000e+00  6.00714e-01 -4.71789e-02  9.23040e-01 
 0.00000e+00  5.65308e-01 -5.36796e-02  9.33840e-01 
 0.00000e+00  5.29830e-01 -5.98023e-02  9.44730e-01 
 0.00000e+00  4.94271e-01 -6.54129e-02  9.55620e-01 
 0.00000e+00  4.58613e-01 -7.03890e-02  9.66510e-01 
 0.00000e+00  4.22865e-01 -7.45848e-02  9.77490e-01 
 0.00000e+00  3.87009e-01 -7.78491e-02  9.88470e-01 
 0.00000e+00  3.51081e-01 -8.00424e-02  9.99450e-01 
 0.00000e+00  3.15090e-01 -8.09991e-02  1.01043e+00 
 0.00000e+00  2.79099e-01 -8.05437e-02  1.02150e+00 
 0.00000e+00  2.48535e-01 -7.91271e-02  1.03086e+00 
 0.00000e+00  2.20716e-01 -7.70238e-02  1.03941e+00 
 0.00000e+00  1.95651e-01 -7.44201e-02  1.04706e+00 
 0.00000e+00  1.73340e-01 -7.14969e-02  1.05390e+00 
 0.00000e+00  1.53783e-01 -6.84324e-02  1.05984e+00 
 0.00000e+00  1.36953e-01 -6.54012e-02  1.06506e+00 
 0.00000e+00  1.22832e-01 -6.25581e-02  1.06938e+00 
 0.00000e+00  1.11411e-01 -6.00255e-02  1.07289e+00 
 0.00000e+00  1.02663e-01 -5.79258e-02  9.20880e-01 
 0.00000e+00  9.42030e-02 -5.57505e-02  9.23580e-01 
 0.00000e+00  8.60490e-02 -5.35050e-02  9.26460e-01 
 0.00000e+00  7.81929e-02 -5.11911e-02  9.29520e-01 
 0.00000e+00  7.06392e-02 -4.88106e-02  9.32760e-01 
 0.00000e+00  6.33897e-02 -4.63662e-02  9.36180e-01 
 0.00000e+00  5.64507e-02 -4.38552e-02  9.39780e-01 
 0.00000e+00  4.98267e-02 -4.12713e-02  9.43560e-01 
 0.00000e+00  4.35222e-02 -3.86172e-02  9.47430e-01 
 0.00000e+00  3.75426e-02 -3.58956e-02  9.51480e-01 
 0.00000e+00  3.18924e-02 -3.31101e-02  9.55710e-01 
 0.00000e+00  2.65734e-02 -3.02697e-02  9.60030e-01 
 0.00000e+00  2.15847e-02 -2.73915e-02  9.64440e-01 
 0.00000e+00  1.69605e-02 -2.44323e-02  9.68940e-01 
 0.00000e+00  1.27962e-02 -2.12868e-02  9.73440e-01 
 0.00000e+00  9.13770e-03 -1.79550e-02  9.77940e-01 
 0.00000e+00  5.96844e-03 -1.45125e-02  9.82530e-01 
 0.00000e+00  3.36672e-03 -1.09548e-02  9.87030e-01 
 0.00000e+00  1.47150e-03 -7.27821e-03  9.91440e-01 
 0.00000e+00  3.52197e-04 -3.57831e-03  9.95670e-01 
 0.00000e+00  0.00000e+00  0.00000e+00  9.99540e-01 
 9.00000e-01  3.52197e-04  3.57831e-03  1.00332e+00 
 9.00000e-01  1.47150e-03  7.27821e-03  1.00755e+00 
 9.00000e-01  3.36672e-03  1.09548e-02  1.01196e+00 
 9.00000e-01  5.96844e-03  1.45125e-02  1.01646e+00 
 9.00000e-01  9.13770e-03  1.79550e-02  1.02105e+00 
 9.00000e-01  1.27962e-02  2.12868e-02  1.02555e+00 
 9.00000e-01  1.69605e-02  2.44323e-02  1.03005e+00 
 9.00000e-01  2.15847e-02  2.73915e-02  1.03455e+00 
 9.00000e-01  2.65734e-02  3.02697e-02  1.03896e+00 
 9.00000e-01  3.18924e-02  3.31101e-02  1.04328e+00 
 9.00000e-01  3.75426e-02  3.58956e-02  1.04751e+00 
 9.00000e-01  4.35222e-02  3.86172e-02  1.05156e+00 
 9.00000e-01  4.98267e-02  4.12713e-02  1.05552e+00 
 9.00000e-01  5.64507e-02  4.38552e-02  1.05921e+00 
 9.00000e-01  6.33897e-02  4.63662e-02  1.06281e+00 
 9.00000e-01  7.06392e-02  4.88106e-02  1.06632e+00 
 9.00000e-01  7.81929e-02  5.11911e-02  1.06956e+00 
 9.00000e-01  8.60490e-02  5.35050e-02  1.07253e+00 
 9.00000e-01  9.42030e-02  5.57505e-02  1.07541e+00 
 9.00000e-01  1.02663e-01  5.79258e-02  1.07811e+00 
 9.00000e-01  1.11411e-01  6.00255e-02  9.26100e-01 
 9.00000e-01  1.22832e-01  6.25581e-02  9.29610e-01 
 9.00000e-01  1.36953e-01  6.54012e-02  9.33930e-01 
 9.00000e-01  1.53783e-01  6.84324e-02  9.39150e-01 
 9.00000e-01  1.73340e-01  7.14969e-02  9.45090e-01 
 9.00000e-01  1.95651e-01  7.44201e-02  9.51930e-01 
 9.00000e-01  2.20716e-01  7.70238e-02  9.59580e-01 
 9.00000e-01  2.48535e-01  7.91271e-02  9.68130e-01 
 9.00000e-01  2.79099e-01  8.05437e-02  9.77490e-01 
 9.00000e-01  3.15090e-01  8.09991e-02  9.88560e-01 
 9.00000e-01  3.51081e-01  8.00424e-02  9.99540e-01 
 9.00000e-01  3.87009e-01  7.78491e-02  1.01052e+00 
 9.00000e-01  4.22865e-01  7.45848e-02  1.02150e+00 
 9.00000e-01  4.58613e-01  7.03890e-02  1.03248e+00 
 9.00000e-01  4.94271e-01  6.54129e-02  1.04337e+00 
 9.00000e-01  5.29830e-01  5.98023e-02  1.05426e+00 
 9.00000e-01  5.65308e-01  5.36796e-02  1.06515e+00 
 9.00000e-01  6.00714e-01  4.71789e-02  1.07604e+00 
 9.00000e-01  6.36075e-01  4.04244e-02  9.56700e-01 
 9.00000e-01  6.71409e-01  3.35484e-02  9.67500e-01 
 9.00000e-01  7.06761e-01  2.67264e-02  9.78300e-01 
 9.00000e-01  7.42149e-01  2.01222e-02  9.89190e-01 
 9.00000e-01  7.73172e-01  1.46979e-02  9.98640e-01 
 9.00000e-01  7.99830e-01  1.04112e-02  1.00683e+00 
 9.00000e-01  8.26542e-01  6.47676e-03  1.01502e+00 
 9.00000e-01  8.48880e-01  3.73860e-03  1.02186e+00 
 9.00000e-01  8.71299e-01  1.84230e-03  1.02870e+00 
 0.00000e+00 -2.85000e+00 -1.50000e+00  7.27000e-01 
 0.00000e+00 -2.55000e+00 -1.50000e+00  7.27000e-01 
 0.00000e+00 -2.35000e+00 -1.50000e+00  7.27000e-01 
 0.00000e+00 -2.15000e+00 -1.50000e+00  7.27000e-01 
 0.00000e+00 -1.95000e+00 -1.50000e+00  7.27000e-01 
 0.00000e+00 -1.85000e+00 -1.50000e+00  7.27000e-01 
 0.00000e+00 -1.75000e+00 -1.50000e+00  7.27000e-01 
 0.00000e+00 -1.65000e+00 -1.50000e+00  7.27000e-01 
 0.00000e+00 -1.55000e+00 -1.50000e+00  7.27000e-01 
 0.00000e+00 -1.45000e+00 -1.50000e+00  7.27000e-01 
 0.00000e+00 -1.35000e+00 -1.50000e+00  7.27000e-01 
 0.00000e+00 -1.25000e+00 -1.50000e+00  7.27000e-01 
 0.00000e+00 -1.15000e+00 -1.50000e+00  7.27000e-01 
 0.00000e+00 -1.05000e+00 -1.50000e+00  7.27000e-01 
 0.00000e+00 -9.50000e-01 -1.50000e+00  7.27000e-01 
 0.00000e+00 -8.50000e-01 -1.50000e+00  7.27000e-01 
 0.00000e+00 -7.50000e-01 -1.50000e+00  7.27000e-01 
 0.00000e+00 -6.50000e-01 -1.50000e+00  7.27000e-01 
 0.00000e+00 -5.50000e-01 -1.50000e+00  7.27000e-01 
 0.00000e+00 -4.50000e-01 -1.50000e+00  7.27000e-01 
 0.00000e+00 -3.50000e-01 -1.50000e+00  7.27000e-01 
 0.00000e+00 -2.50000e-01 -1.50000e+00  7.27000e-01 
 0.00000e+00 -1.50000e-01 -1.50000e+00  7.27000e-01 
 0.00000e+00 -5.00000e-02 -1.50000e+00  7.27000e-01 
 0.00000e+00  5.00000e-02 -1.50000e+00  7.27000e-01 
 0.00000e+00  1.50000e-01 -1.50000e+00  7.27000e-01 
 0.00000e+00  2.50000e-01 -1.50000e+00  7.27000e-01 
 0.00000e+00  3.50000e-01 -1.50000e+00  7.27000e-01 
 0.00000e+00  4.50000e-01 -1.50000e+00  7.27000e-01 
 0.00000e+00  5.50000e-01 -1.50000e+00  7.27000e-01 
 0.00000e+00  6.50000e-01 -1.50000e+00  7.27000e-01 
 0.00000e+00  7.50000e-01 -1.50000e+00  7.27000e-01 
 0.00000e+00  8.50000e-01 -1.50000e+00  7.27000e-01 
 0.00000e+00  9.50000e-01 -1.50000e+00  7.27000e-01 
 0.00000e+00  1.05000e+00 -1.50000e+00  7.27000e-01 
 0.00000e+00  1.15000e+00 -1.50000e+00  7.27000e-01 
 0.00000e+00  1.25000e+00 -1.50000e+00  7.27000e-01 
 0.00000e+00  1.35000e+00 -1.50000e+00  7.27000e-01 
 0.00000e+00  1.45000e+00 -1.50000e+00  7.27000e-01 
 0.00000e+00  1.55000e+00 -1.50000e+00  7.27000e-01 
 0.00000e+00  1.65000e+00 -1.50000e+00  7.27000e-01 
 0.00000e+00  1.75000e+00 -1.50000e+00  7.27000e-01 
 0.00000e+00  1.85000e+00 -1.50000e+00  7.27000e-01 
 0.00000e+00  1.95000e+00 -1.50000e+00  7.27000e-01 
 0.00000e+00  2.15000e+00 -1.50000e+00  7.27000e-01 
 0.00000e+00  2.35000e+00 -1.50000e+00  7.27000e-01 
 0.00000e+00  2.55000e+00 -1.50000e+00  7.27000e-01 
 0.00000e+00  2.85000e+00 -1.50000e+00  7.27000e-01 
 1.00000e+00 -2.85000e+00  1.50000e+00  7.27000e-01 
 1.00000e+00 -2.55000e+00  1.50000e+00  7.27000e-01 
 1.00000e+00 -2.35000e+00  1.50000e+00  7.27000e-01 
 1.00000e+00 -2.15000e+00  1.50000e+00  7.27000e-01 
 1.00000e+00 -1.95000e+00  1.50000e+00  7.27000e-01 
 1.00000e+00 -1.85000e+00  1.50000e+00  7.27000e-01 
 1.00000e+00 -1.75000e+00  1.50000e+00  7.27000e-01 
 1.00000e+00 -1.65000e+00  1.50000e+00  7.27000e-01 
 1.00000e+00 -1.55000e+00  1.50000e+00  7.27000e-01 
 1.00000e+00 -1.45000e+00  1.50000e+00  7.27000e-01 
 1.00000e+00 -1.35000e+00  1.50000e+00  7.27000e-01 
 1.00000e+00 -1.25000e+00  1.50000e+00  7.27000e-01 
 1.00000e+00 -1.15000e+00  1.50000e+00  7.27000e-01 
 1.00000e+00 -1.05000e+00  1.50000e+00  7.27000e-01 
 1.00000e+00 -9.50000e-01  1.50000e+00  7.27000e-01 
 1.00000e+00 -8.50000e-01  1.50000e+00  7.27000e-01 
 1.00000e+00 -7.50000e-01  1.50000e+00  7.27000e-01 
 1.00000e+00 -6.50000e-01  1.50000e+00  7.27000e-01 
 1.00000e+00 -5.50000e-01  1.50000e+00  7.27000e-01 
 1.00000e+00 -4.50000e-01  1.50000e+00  7.27000e-01 
 1.00000e+00 -3.50000e-01  1.50000e+00  7.27000e-01 
 1.00000e+00 -2.50000e-01  1.50000e+00  7.27000e-01 
 1.00000e+00 -1.50000e-01  1.50000e+00  7.27000e-01 
 1.00000e+00 -5.00000e-02  1.50000e+00  7.27000e-01 
 1.00000e+00  5.00000e-02  1.50000e+00  7.27000e-01 
 1.00000e+00  1.50000e-01  1.50000e+00  7.27000e-01 
 1.00000e+00  2.50000e-01  1.50000e+00  7.27000e-01 
 1.00000e+00  3.50000e-01  1.50000e+00  7.27000e-01 
 1.00000e+00  4.50000e-01  1.50000e+00  7.27000e-01 
 1.00000e+00  5.50000e-01  1.50000e+00  7.27000e-01 
 1.00000e+00  6.50000e-01  1.50000e+00  7.27000e-01 
 1.00000e+00  7.50000e-01  1.50000e+00  7.27000e-01 
 1.00000e+00  8.50000e-01  1.50000e+00  7.27000e-01 
 1.00000e+00  9.50000e-01  1.50000e+00  7.27000e-01 
 1.00000e+00  1.05000e+00  1.50000e+00  7.27000e-01 
 1.00000e+00  1.15000e+00  1.50000e+00  7.27000e-01 
 1.00000e+00  1.25000e+00  1.50000e+00  7.27000e-01 
 1.00000e+00  1.35000e+00  1.50000e+00  7.27000e-01 
 1.00000e+00  1.45000e+00  1.50000e+00  7.27000e-01 
 1.00000e+00  1.55000e+00  1.50000e+00  7.27000e-01 
 1.00000e+00  1.65000e+00  1.50000e+00  7.27000e-01 
 1.00000e+00  1.75000e+00  1.50000e+00  7.27000e-01 
 1.00000e+00  1.85000e+00  1.50000e+00  7.27000e-01 
 1.00000e+00  1.95000e+00  1.50000e+00  7.27000e-01 
 1.00000e+00  2.15000e+00  1.50000e+00  7.27000e-01 
 1.00000e+00  2.35000e+00  1.50000e+00  7.27000e-01 
 1.00000e+00  2.55000e+00  1.50000e+00  7.27000e-01 
 1.00000e+00  2.85000e+00  1.50000e+00  7.27000e-01 
 2.00000e+00 -2.85000e+00 -1.50000e+00  1.26700e+00 
 2.00000e+00 -1.95000e+00 -1.50000e+00  1.26700e+00 
 2.00000e+00 -1.35000e+00 -1.50000e+00  1.26700e+00 
 2.00000e+00 -9.50000e-01 -1.50000e+00  1.26700e+00 
 2.00000e+00 -6.50000e-01 -1.50000e+00  1.26700e+00 
 2.00000e+00 -4.50000e-01 -1.50000e+00  1.26700e+00 
 2.00000e+00 -2.50000e-01 -1.50000e+00  1.26700e+00 
 2.00000e+00 -5.00000e-02 -1.50000e+00  1.26700e+00 
 2.00000e+00  5.00000e-02 -1.50000e+00  1.26700e+00 
 2.00000e+00  2.50000e-01 -1.50000e+00  1.26700e+00 
 2.00000e+00  4.50000e-01 -1.50000e+00  1.26700e+00 
 2.00000e+00  6.50000e-01 -1.50000e+00  1.26700e+00 
 2.00000e+00  9.50000e-01 -1.50000e+00  1.26700e+00 
 2.00000e+00  1.35000e+00 -1.50000e+00  1.26700e+00 
 2.00000e+00  1.95000e+00 -1.50000e+00  1.26700e+00 
 2.00000e+00  2.85000e+00 -1.50000e+00  1.26700e+00 
 3.00000e+00 -2.85000e+00  1.50000e+00  1.26700e+00 
 3.00000e+00 -1.95000e+00  1.50000e+00  1.26700e+00 
 3.00000e+00 -1.35000e+00  1.50000e+00  1.26700e+00 
 3.00000e+00 -9.50000e-01  1.50000e+00  1.26700e+00 
 3.00000e+00 -6.50000e-01  1.50000e+00  1.26700e+00 
 3.00000e+00 -4.50000e-01  1.50000e+00  1.26700e+00 
 3.00000e+00 -2.50000e-01  1.50000e+00  1.26700e+00 
 3.00000e+00 -5.00000e-02  1.50000e+00  1.26700e+00 
 3.00000e+00  5.00000e-02  1.50000e+00  1.26700e+00 
 3.00000e+00  2.50000e-01  1.50000e+00  1.26700e+00 
 3.00000e+00  4.50000e-01  1.50000e+00  1.26700e+00 
 3.00000e+00  6.50000e-01  1.50000e+00  1.26700e+00 
 3.00000e+00  9.50000e-01  1.50000e+00  1.26700e+00 
 3.00000e+00  1.35000e+00  1.50000e+00  1.26700e+00 
 3.00000e+00  1.95000e+00  1.50000e+00  1.26700e+00 
 3.00000e+00  2.85000e+00  1.50000e+00  1.26700e+00 
 0.00000e+00  0.00000e+00 -3.47500e-01  0.00000e+00 
 0.00000e+00  0.00000e+00 -3.17500e-01  0.00000e+00 
 0.00000e+00  0.00000e+00 -2.87500e-01  0.00000e+00 
 0.00000e+00  0.00000e+00 -2.67500e-01  0.00000e+00 
 0.00000e+00  0.00000e+00 -2.47500e-01  0.00000e+00 
 0.00000e+00  0.00000e+00 -2.32500e-01  0.00000e+00 
 0.00000e+00  0.00000e+00 -2.17500e-01  0.00000e+00 
 0.00000e+00  0.00000e+00 -2.07500e-01  0.00000e+00 
 0.00000e+00  0.00000e+00 -1.97500e-01  0.00000e+00 
 0.00000e+00  0.00000e+00 -1.92500e-01  0.00000e+00 
 0.00000e+00  0.00000e+00 -1.87500e-01  0.00000e+00 
 0.00000e+00  0.00000e+00 -1.82500e-01  0.00000e+00 
 0.00000e+00  0.00000e+00 -1.77500e-01  0.00000e+00 
 0.00000e+00  0.00000e+00 -1.72500e-01  0.00000e+00 
 0.00000e+00  0.00000e+00 -1.67500e-01  0.00000e+00 
 0.00000e+00  0.00000e+00 -1.62500e-01  0.00000e+00 
 0.00000e+00  0.00000e+00 -1.57500e-01  0.00000e+00 
 0.00000e+00  0.00000e+00 -1.52500e-01  0.00000e+00 
 0.00000e+00  0.00000e+00 -1.47500e-01  0.00000e+00 
 0.00000e+00  0.00000e+00 -1.42500e-01  0.00000e+00 
 0.00000e+00  0.00000e+00 -1.37500e-01  0.00000e+00 
 0.00000e+00  0.00000e+00 -1.32500e-01  0.00000e+00 
 0.00000e+00  0.00000e+00 -1.27500e-01  0.00000e+00 
 0.00000e+00  0.00000e+00 -1.22500e-01  0.00000e+00 
 0.00000e+00  0.00000e+00 -1.17500e-01  0.00000e+00 
 0.00000e+00  0.00000e+00 -1.12500e-01  0.00000e+00 
 0.00000e+00  0.00000e+00 -1.07500e-01  0.00000e+00 
 0.00000e+00  0.00000e+00 -1.02500e-01  0.00000e+00 
 0.00000e+00  0.00000e+00 -9.75000e-02  0.00000e+00 
 0.00000e+00  0.00000e+00 -9.25000e-02  0.00000e+00 
 0.00000e+00  0.00000e+00 -8.75000e-02  0.00000e+00 
 0.00000e+00  0.00000e+00 -8.25000e-02  0.00000e+00 
 0.00000e+00  0.00000e+00 -7.75000e-02  0.00000e+00 
 0.00000e+00  0.00000e+00 -7.25000e-02  0.00000e+00 
 0.00000e+00  0.00000e+00 -6.75000e-02  0.00000e+00 
 0.00000e+00  0.00000e+00 -6.25000e-02  0.00000e+00 
 0.00000e+00  0.00000e+00 -5.75000e-02  0.00000e+00 
 0.00000e+00  0.00000e+00 -5.25000e-02  0.00000e+00 
 0.00000e+00  0.00000e+00 -4.75000e-02  0.00000e+00 
 0.00000e+00  0.00000e+00 -4.25000e-02  0.00000e+00 
 0.00000e+00  0.00000e+00 -3.75000e-02  0.00000e+00 
 0.00000e+00  0.00000e+00 -3.25000e-02  0.00000e+00 
 0.00000e+00  0.00000e+00 -2.75000e-02  0.00000e+00 
 0.00000e+00  0.00000e+00 -2.25000e-02  0.00000e+00 
 0.00000e+00  0.00000e+00 -1.75000e-02  0.00000e+00 
 0.00000e+00  0.00000e+00 -1.25000e-02  0.00000e+00 
 0.00000e+00  0.00000e+00 -7.50000e-03  0.00000e+00 
 0.00000e+00  0.00000e+00 -2.50000e-03  0.00000e+00 
 0.00000e+00  0.00000e+00  2.50000e-03  0.00000e+00 
 0.00000e+00  0.00000e+00  7.50000e-03  0.00000e+00 
 0.00000e+00  0.00000e+00  1.25000e-02  0.00000e+00 
 0.00000e+00  0.00000e+00  1.75000e-02  0.00000e+00 
 0.00000e+00  0.00000e+00  2.25000e-02  0.00000e+00 
 0.00000e+00  0.00000e+00  2.75000e-02  0.00000e+00 
 0.00000e+00  0.00000e+00  3.25000e-02  0.00000e+00 
 0.00000e+00  0.00000e+00  3.75000e-02  0.00000e+00 
 0.00000e+00  0.00000e+00  4.25000e-02  0.00000e+00 
 0.00000e+00  0.00000e+00  4.75000e-02  0.00000e+00 
 0.00000e+00  0.00000e+00  5.25000e-02  0.00000e+00 
 0.00000e+00  0.00000e+00  5.75000e-02  0.00000e+00 
 0.00000e+00  0.00000e+00  6.25000e-02  0.00000e+00 
 0.00000e+00  0.00000e+00  6.75000e-02  0.00000e+00 
 0.00000e+00  0.00000e+00  7.25000e-02  0.00000e+00 
 0.00000e+00  0.00000e+00  7.75000e-02  0.00000e+00 
 0.00000e+00  0.00000e+00  8.25000e-02  0.00000e+00 
 0.00000e+00  0.00000e+00  8.75000e-02  0.00000e+00 
 0.00000e+00  0.00000e+00  9.25000e-02  0.00000e+00 
 0.00000e+00  0.00000e+00  9.75000e-02  0.00000e+00 
 0.00000e+00  0.00000e+00  1.02500e-01  0.00000e+00 
 0.00000e+00  0.00000e+00  1.07500e-01  0.00000e+00 
 0.00000e+00  0.00000e+00  1.12500e-01  0.00000e+00 
 0.00000e+00  0.00000e+00  1.17500e-01  0.00000e+00 
 0.00000e+00  0.00000e+00  1.22500e-01  0.00000e+00 
 0.00000e+00  0.00000e+00  1.27500e-01  0.00000e+00 
 0.00000e+00  0.00000e+00  1.32500e-01  0.00000e+00 
 0.00000e+00  0.00000e+00  1.37500e-01  0.00000e+00 
 0.00000e+00  0.00000e+00  1.42500e-01  0.00000e+00 
 0.00000e+00  0.00000e+00  1.47500e-01  0.00000e+00 
 0.00000e+00  0.00000e+00  1.52500e-01  0.00000e+00 
 0.00000e+00  0.00000e+00  1.57500e-01  0.00000e+00 
 0.00000e+00  0.00000e+00  1.62500e-01  0.00000e+00 
 0.00000e+00  0.00000e+00  1.67500e-01  0.00000e+00 
 0.00000e+00  0.00000e+00  1.72500e-01  0.00000e+00 
 0.00000e+00  0.00000e+00  1.77500e-01  0.00000e+00 
 0.00000e+00  0.00000e+00  1.82500e-01  0.00000e+00 
 0.00000e+00  0.00000e+00  1.87500e-01  0.00000e+00 
 0.00000e+00  0.00000e+00  1.92500e-01  0.00000e+00 
 0.00000e+00  0.00000e+00  1.97500e-01  0.00000e+00 
 0.00000e+00  0.00000e+00  2.07500e-01  0.00000e+00 
 0.00000e+00  0.00000e+00  2.17500e-01  0.00000e+00 
 0.00000e+00  0.00000e+00  2.32500e-01  0.00000e+00 
 0.00000e+00  0.00000e+00  2.47500e-01  0.00000e+00 
 0.00000e+00  0.00000e+00  2.67500e-01  0.00000e+00 
 0.00000e+00  0.00000e+00  2.87500e-01  0.00000e+00 
 0.00000e+00  0.00000e+00  3.17500e-01  0.00000e+00 
 0.00000e+00  0.00000e+00  3.47500e-01  0.00000e+00 
