-4.02875e+00  9.69492e-01  6.97083e+00 
 4.38325e+01  4.38056e+01  4.35196e+01 
 1.85996e+01  1.88651e+01  1.90790e+01 
 2.94458e+06  2.93809e+06  2.91549e+06 
 1.16593e+03  1.16347e+03  1.14763e+03 
 1.02058e+05  1.02057e+05  1.02071e+05 
 1.94000e+02  1.83387e+02  9.36771e+01 
 2.44553e+02  2.74914e+02  2.52350e+02 
 2.75211e+02  3.28687e+02  3.32073e+02 
 2.74168e+02  3.36282e+02  3.51942e+02 
 2.60261e+02  3.26391e+02  3.51171e+02 
 2.42700e+02  3.10311e+02  3.43107e+02 
 2.01079e+02  2.74307e+02  3.22354e+02 
 1.47686e+02  2.28456e+02  2.92995e+02 
 9.79523e+01  1.89203e+02  2.71991e+02 
 3.30596e+01  1.36432e+02  2.38166e+02 
-4.07914e+01  7.65829e+01  2.01660e+02 
-1.14896e+02  2.10395e+01  1.71068e+02 
-2.27891e+02 -5.50853e+01  9.53449e+01 
-2.70682e+02 -8.33516e+01  7.41465e+01 
-3.48122e+02 -1.27817e+02  5.67381e+01 
-4.53259e+02 -2.23675e+02  2.10001e+01 
-4.48685e+02 -2.33490e+02  2.16850e+01 
-5.41913e+02 -2.95956e+02  9.10865e-01 
-6.21985e+02 -3.36294e+02 -1.30378e+01 
-7.03780e+02 -3.79288e+02 -2.03890e+01 
-7.66995e+02 -4.02648e+02 -7.05443e+00 
-8.08310e+02 -3.98807e+02  3.11390e+01 
-8.19009e+02 -3.93727e+02  5.87824e+01 
-8.25291e+02 -3.74218e+02  9.53719e+01 
-8.04817e+02 -3.48695e+02  1.38866e+02 
-8.41465e+02 -3.41607e+02  1.67906e+02 
-8.65451e+02 -3.13518e+02  2.15385e+02 
-8.94157e+02 -2.99688e+02  2.59116e+02 
-9.74322e+02 -2.80812e+02  3.50529e+02 
-1.00250e+03 -2.49435e+02  4.18966e+02 
-1.03837e+03 -2.11488e+02  4.97962e+02 
-1.05029e+03 -1.87864e+02  5.37923e+02 
-1.07218e+03 -1.73477e+02  5.74437e+02 
-1.08938e+03 -1.49820e+02  6.12714e+02 
-1.10419e+03 -1.14423e+02  6.65534e+02 
-1.13846e+03 -9.76041e+01  7.04152e+02 
-1.15920e+03 -5.99834e+01  7.59981e+02 
-1.17299e+03 -9.36779e+00  8.21586e+02 
-1.19642e+03  4.87676e+01  8.91508e+02 
-1.24777e+03  1.15740e+02  9.65341e+02 
-1.34247e+03  1.71145e+02  1.03616e+03 
-1.39992e+03  2.98153e+02  1.10792e+03 
-1.30819e+03  5.09811e+02  1.12515e+03 
-1.00439e+03  8.09558e+02  9.73463e+02 
-2.08514e+02  1.11264e+03  3.05274e+02 
 5.87312e+02  1.05292e+03 -1.29456e+03 
 1.12824e+03  5.76463e+02 -2.25288e+03 
 1.11783e+03  1.70203e+02 -2.50495e+03 
 9.71074e+02 -1.34096e+02 -2.61050e+03 
 8.14403e+02 -3.11350e+02 -2.54036e+03 
 6.83201e+02 -4.06007e+02 -2.40878e+03 
 5.68071e+02 -4.88247e+02 -2.33080e+03 
 4.66550e+02 -5.60119e+02 -2.27370e+03 
 3.72920e+02 -6.24566e+02 -2.22896e+03 
 2.90117e+02 -6.77095e+02 -2.19078e+03 
 2.17359e+02 -7.25069e+02 -2.16101e+03 
 1.53862e+02 -7.60336e+02 -2.12838e+03 
 9.61023e+01 -7.91897e+02 -2.09699e+03 
 4.20428e+01 -8.21488e+02 -2.06931e+03 
-6.81491e+00 -8.48556e+02 -2.04528e+03 
-5.18230e+01 -8.70239e+02 -2.02105e+03 
-1.52620e+02 -9.25280e+02 -1.97739e+03 
-2.29127e+02 -9.54988e+02 -1.92704e+03 
-3.90731e+02 -1.04727e+03 -1.87252e+03 
-4.44585e+02 -1.06544e+03 -1.83880e+03 
-4.98438e+02 -1.08361e+03 -1.80507e+03 
-5.18028e+02 -1.07959e+03 -1.71961e+03 
-5.69702e+02 -1.11008e+03 -1.72990e+03 
-6.04010e+02 -1.12218e+03 -1.69931e+03 
-6.30299e+02 -1.12532e+03 -1.67493e+03 
-6.52979e+02 -1.12738e+03 -1.63742e+03 
-6.71211e+02 -1.12187e+03 -1.59920e+03 
-6.76322e+02 -1.10436e+03 -1.54767e+03 
-6.68268e+02 -1.07418e+03 -1.48509e+03 
-6.62378e+02 -1.04654e+03 -1.43386e+03 
-6.49073e+02 -1.01606e+03 -1.36247e+03 
-6.37971e+02 -9.95439e+02 -1.32208e+03 
-6.32507e+02 -9.84735e+02 -1.30123e+03 
-6.27831e+02 -9.74863e+02 -1.27128e+03 
-6.14857e+02 -9.47545e+02 -1.23749e+03 
-5.99840e+02 -8.92941e+02 -1.19211e+03 
-5.92011e+02 -8.67899e+02 -1.16992e+03 
-5.82796e+02 -8.42677e+02 -1.14252e+03 
-5.66085e+02 -8.07669e+02 -1.10058e+03 
-5.65641e+02 -8.02568e+02 -1.09886e+03 
-5.19594e+02 -7.29260e+02 -9.62016e+02 
-4.45997e+02 -6.58318e+02 -8.41473e+02 
-3.00135e+02 -4.62341e+02 -5.79722e+02 
-2.31295e+02 -3.69648e+02 -4.63468e+02 
-1.62455e+02 -2.76955e+02 -3.47213e+02 
-1.00175e+02 -1.93912e+02 -2.48736e+02 
-4.41331e+01 -1.20294e+02 -1.63729e+02 
 8.83465e+00 -5.00913e+01 -8.92704e+01 
 6.76789e+01  2.35940e+01 -2.12424e+01 
 8.68497e+01  4.77429e+01 -1.60099e+00 
 1.06179e+02  7.17803e+01  1.77020e+01 
 1.21759e+02  9.32428e+01  3.58707e+01 
 1.31373e+02  1.09156e+02  5.21605e+01 
 1.36244e+02  1.24347e+02  6.88239e+01 
 1.39240e+02  1.36734e+02  8.10401e+01 
-1.25791e+01  2.82248e+00  1.57048e+01 
-2.45875e+01 -3.94200e+00  1.45082e+01 
-2.63133e+01 -1.33500e+00  2.18546e+01 
-2.61701e+01  3.96998e+00  3.24274e+01 
-3.01013e+01  6.37427e+00  4.12057e+01 
-3.27198e+01  7.45969e+00  4.60369e+01 
-3.63168e+01  7.86737e+00  5.04347e+01 
-4.37961e+01  5.06119e+00  5.23688e+01 
-4.54805e+01  7.97328e+00  5.97857e+01 
-4.71649e+01  1.08854e+01  6.72025e+01 
-4.87600e+01  1.42846e+01  7.54839e+01 
-5.01835e+01  1.81607e+01  8.43108e+01 
-5.77067e+01  1.67415e+01  8.88044e+01 
-6.10746e+01  1.91071e+01  9.58232e+01 
-6.79089e+01  1.81883e+01  1.00916e+02 
-7.42500e+01  1.76980e+01  1.05575e+02 
-9.05820e+01  8.63565e+00  1.03547e+02 
-9.06128e+01  1.27092e+01  1.11016e+02 
-9.92166e+01  9.21404e+00  1.11977e+02 
-9.99998e+01  1.16704e+01  1.17235e+02 
-1.00677e+02  1.33674e+01  1.20824e+02 
-1.04637e+02  1.14375e+01  1.20858e+02 
-1.07438e+02  9.80610e+00  1.19745e+02 
-1.04681e+02  1.09932e+01  1.19420e+02 
-1.01923e+02  1.21804e+01  1.19096e+02 
-9.71302e+01  1.38552e+01  1.17989e+02 
-9.11777e+01  1.62068e+01  1.16819e+02 
-8.81174e+01  1.48082e+01  1.11241e+02 
-8.16784e+01  1.66661e+01  1.08541e+02 
-7.50759e+01  1.77371e+01  1.04372e+02 
-7.08387e+01  1.66011e+01  9.78820e+01 
-6.89668e+01  1.31013e+01  8.92262e+01 
-6.63284e+01  1.01236e+01  8.08445e+01 
-5.82052e+01  1.26300e+01  7.73729e+01 
-5.72709e+01  8.31063e+00  6.81023e+01 
-4.96347e+01  1.04392e+01  6.48463e+01 
-4.53437e+01  9.80286e+00  5.88924e+01 
-4.30585e+01  7.29489e+00  5.18738e+01 
-3.87812e+01  7.31414e+00  4.73798e+01 
-3.55061e+01  6.67240e+00  4.28076e+01 
-3.11103e+01  7.41949e+00  3.95370e+01 
-3.02188e+01  4.72394e+00  3.35620e+01 
-2.96574e+01  2.28819e+00  2.76820e+01 
-3.30458e+01 -3.89735e+00  1.88963e+01 
-3.49565e+01 -1.08341e+01  6.79543e+00 
-4.39578e+01 -2.40493e+01 -1.05285e+01 
-5.02674e+01 -3.37109e+01 -2.40201e+01 
-6.12188e+01 -4.87883e+01 -4.27715e+01 
-8.20301e+00 -2.10909e+01 -3.92389e+01 
-8.31034e+00 -2.63689e+01 -5.01289e+01 
-7.94032e+00 -3.03858e+01 -5.91238e+01 
-6.12230e+00 -3.35933e+01 -6.82358e+01 
-8.39784e+00 -4.24300e+01 -8.45844e+01 
-8.18620e+00 -4.58875e+01 -9.21192e+01 
-8.36533e+00 -4.97292e+01 -1.00739e+02 
-1.01323e+01 -5.57074e+01 -1.11668e+02 
-1.07008e+01 -6.09705e+01 -1.22533e+02 
-1.65848e+01 -7.20713e+01 -1.39925e+02 
-1.76590e+01 -7.85252e+01 -1.52595e+02 
-1.49218e+01 -8.09664e+01 -1.61616e+02 
-1.57489e+01 -8.74735e+01 -1.75156e+02 
-1.66679e+01 -9.39058e+01 -1.88892e+02 
-1.61612e+01 -9.93506e+01 -2.01146e+02 
-2.07924e+01 -1.09832e+02 -2.18547e+02 
-2.28763e+01 -1.17246e+02 -2.33008e+02 
-2.40125e+01 -1.23382e+02 -2.45592e+02 
-2.64970e+01 -1.30376e+02 -2.57728e+02 
-3.19788e+01 -1.39440e+02 -2.71896e+02 
-3.69954e+01 -1.47675e+02 -2.83387e+02 
-4.04817e+01 -1.52992e+02 -2.90799e+02 
-4.81620e+01 -1.61667e+02 -3.00512e+02 
-4.93490e+01 -1.61934e+02 -2.99104e+02 
-5.31753e+01 -1.64328e+02 -2.99504e+02 
-5.30546e+01 -1.61262e+02 -2.92750e+02 
-5.24007e+01 -1.56965e+02 -2.83284e+02 
-5.66533e+01 -1.57450e+02 -2.78884e+02 
-4.98287e+01 -1.44920e+02 -2.59222e+02 
-5.00754e+01 -1.39752e+02 -2.48620e+02 
-4.73484e+01 -1.31754e+02 -2.33335e+02 
-4.56681e+01 -1.24164e+02 -2.19089e+02 
-5.01806e+01 -1.23430e+02 -2.12083e+02 
-4.51550e+01 -1.12419e+02 -1.93963e+02 
-4.26117e+01 -1.04302e+02 -1.79475e+02 
-3.93518e+01 -9.54032e+01 -1.64451e+02 
-3.62600e+01 -8.79310e+01 -1.51607e+02 
-3.85941e+01 -8.55535e+01 -1.43966e+02 
-3.94453e+01 -8.20496e+01 -1.35631e+02 
-3.39629e+01 -7.26381e+01 -1.21540e+02 
-3.36895e+01 -6.86364e+01 -1.13564e+02 
-3.57962e+01 -6.73341e+01 -1.08643e+02 
-3.41823e+01 -6.26155e+01 -1.00651e+02 
-3.49451e+01 -6.03439e+01 -9.53295e+01 
-3.64337e+01 -5.68382e+01 -8.60672e+01 
-3.63757e+01 -5.27215e+01 -7.76830e+01 
-4.39873e+01 -5.69786e+01 -7.82980e+01 
-5.73128e+01 -6.57375e+01 -8.25000e+01 
-1.59685e+01 -5.86605e-01  1.22005e+01 
-3.27584e+01  4.06896e+00  3.89894e+01 
-4.70592e+01  1.59700e+01  7.67759e+01 
-6.89261e+01  1.72656e+01  9.99857e+01 
-8.79515e+01  1.52009e+01  1.13297e+02 
-9.51161e+01  1.62061e+01  1.21355e+02 
-1.01373e+02  1.44213e+01  1.23404e+02 
-1.00187e+02  1.52111e+01  1.23644e+02 
-1.01477e+02  1.26518e+01  1.19811e+02 
-9.04207e+01  1.67881e+01  1.17385e+02 
-8.73020e+01  1.15838e+01  1.04340e+02 
-7.16987e+01  1.56948e+01  9.72286e+01 
-5.82576e+01  1.26310e+01  7.72697e+01 
-3.91282e+01  1.12017e+01  5.59601e+01 
-3.25081e+01 -3.83013e+00  1.88527e+01 
-6.26128e+01 -4.97732e+01 -4.39760e+01 
-8.95028e+00 -2.19333e+01 -4.00851e+01 
-8.24031e+00 -4.20602e+01 -8.38256e+01 
-1.10546e+01 -7.12598e+01 -1.45105e+02 
-1.67598e+01 -1.00185e+02 -2.02212e+02 
-2.50118e+01 -1.24631e+02 -2.47545e+02 
-3.04596e+01 -1.37926e+02 -2.70019e+02 
-4.12454e+01 -1.53807e+02 -2.91439e+02 
-5.00944e+01 -1.63067e+02 -2.99929e+02 
-4.92044e+01 -1.59872e+02 -2.94672e+02 
-5.25069e+01 -1.56991e+02 -2.83986e+02 
-5.09074e+01 -1.46311e+02 -2.61266e+02 
-4.80946e+01 -1.32407e+02 -2.33919e+02 
-4.26031e+01 -1.09716e+02 -1.91348e+02 
-3.68176e+01 -8.37221e+01 -1.42253e+02 
-3.20903e+01 -5.76421e+01 -9.25336e+01 
-5.92410e+01 -6.77335e+01 -8.41706e+01 
 1.16829e+03  1.16522e+03  1.14364e+03 
 1.16804e+03  1.16498e+03  1.14303e+03 
 1.16811e+03  1.16522e+03  1.14301e+03 
 1.16819e+03  1.16512e+03  1.14303e+03 
 1.16790e+03  1.16501e+03  1.14289e+03 
 1.16815e+03  1.16512e+03  1.14297e+03 
 1.16803e+03  1.16479e+03  1.14241e+03 
 1.16774e+03  1.16494e+03  1.14157e+03 
 1.16810e+03  1.16528e+03  1.13838e+03 
 1.16817e+03  1.16510e+03  1.13510e+03 
 1.16816e+03  1.16510e+03  1.13170e+03 
 1.16808e+03  1.16519e+03  1.12578e+03 
 1.16764e+03  1.16475e+03  1.11766e+03 
 1.16817e+03  1.16527e+03  1.11038e+03 
 1.16789e+03  1.16480e+03  1.10184e+03 
 1.16763e+03  1.16496e+03  1.08989e+03 
 1.16766e+03  1.16497e+03  1.07635e+03 
 1.16662e+03  1.16322e+03  1.05953e+03 
 1.16779e+03  1.16471e+03  1.04792e+03 
 1.16785e+03  1.16508e+03  1.03370e+03 
 1.16799e+03  1.16516e+03  1.02270e+03 
 1.16793e+03  1.16493e+03  1.00838e+03 
 1.16791e+03  1.16489e+03  1.00028e+03 
 1.16770e+03  1.16500e+03  9.94210e+02 
 1.16787e+03  1.16511e+03  9.87296e+02 
 1.16782e+03  1.16505e+03  9.85285e+02 
 1.16803e+03  1.16518e+03  9.85852e+02 
 1.16780e+03  1.16509e+03  9.89395e+02 
 1.16767e+03  1.16489e+03  9.94763e+02 
 1.16772e+03  1.16481e+03  1.00365e+03 
 1.16794e+03  1.16501e+03  1.01423e+03 
 1.16774e+03  1.16488e+03  1.02508e+03 
 1.16754e+03  1.16475e+03  1.03593e+03 
 1.16733e+03  1.16389e+03  1.05217e+03 
 1.16763e+03  1.16349e+03  1.06382e+03 
 1.16765e+03  1.16038e+03  1.07665e+03 
 1.16767e+03  1.15727e+03  1.08947e+03 
 1.16778e+03  1.15335e+03  1.09753e+03 
 1.16770e+03  1.14171e+03  1.10866e+03 
 1.16772e+03  1.12839e+03  1.11725e+03 
 1.16734e+03  1.11477e+03  1.12283e+03 
 1.16731e+03  1.09663e+03  1.12803e+03 
 1.16757e+03  1.07827e+03  1.13269e+03 
 1.16770e+03  1.06037e+03  1.13602e+03 
 1.16783e+03  1.04248e+03  1.13935e+03 
 1.16809e+03  1.02809e+03  1.14094e+03 
 1.16795e+03  1.02185e+03  1.14184e+03 
 1.16790e+03  1.02122e+03  1.14246e+03 
 1.16799e+03  1.02500e+03  1.14271e+03 
 1.16767e+03  1.03604e+03  1.14258e+03 
 1.16745e+03  1.04944e+03  1.14252e+03 
 1.16748e+03  1.06872e+03  1.14281e+03 
 1.16658e+03  1.08761e+03  1.14273e+03 
 1.16550e+03  1.10515e+03  1.14278e+03 
 1.16337e+03  1.11936e+03  1.14302e+03 
 1.15900e+03  1.13534e+03  1.14300e+03 
 1.15248e+03  1.14634e+03  1.14305e+03 
 1.14262e+03  1.15510e+03  1.14336e+03 
 1.13054e+03  1.15949e+03  1.14289e+03 
 1.11469e+03  1.16264e+03  1.14309e+03 
 1.09643e+03  1.16445e+03  1.14336e+03 
 1.07984e+03  1.16500e+03  1.14335e+03 
 1.06164e+03  1.16493e+03  1.14309e+03 
 1.04827e+03  1.16527e+03  1.14341e+03 
 1.03413e+03  1.16513e+03  1.14244e+03 
 1.02336e+03  1.16503e+03  1.14232e+03 
 1.01591e+03  1.16491e+03  1.14222e+03 
 1.01602e+03  1.16475e+03  1.14200e+03 
 1.02029e+03  1.16479e+03  1.14201e+03 
 1.03408e+03  1.16499e+03  1.14237e+03 
 1.04826e+03  1.16436e+03  1.14168e+03 
 1.06019e+03  1.16500e+03  1.14226e+03 
 1.08158e+03  1.16372e+03  1.14122e+03 
 1.09459e+03  1.16441e+03  1.14184e+03 
 1.11685e+03  1.16414e+03  1.14172e+03 
 1.12942e+03  1.16426e+03  1.14164e+03 
 1.14303e+03  1.16491e+03  1.14237e+03 
 1.15367e+03  1.16452e+03  1.14208e+03 
 1.15899e+03  1.16467e+03  1.14196e+03 
 1.16312e+03  1.16518e+03  1.14243e+03 
 1.16538e+03  1.16494e+03  1.14228e+03 
 1.16661e+03  1.16439e+03  1.14228e+03 
 1.16728e+03  1.16430e+03  1.14207e+03 
 1.16742e+03  1.16420e+03  1.14188e+03 
 1.16713e+03  1.16443e+03  1.14148e+03 
 1.16749e+03  1.16402e+03  1.14168e+03 
 1.16763e+03  1.16439e+03  1.14217e+03 
 1.16738e+03  1.16422e+03  1.14170e+03 
 1.16734e+03  1.16436e+03  1.14205e+03 
 1.16763e+03  1.16451e+03  1.14220e+03 
 1.16730e+03  1.16410e+03  1.14176e+03 
 1.16690e+03  1.16367e+03  1.14134e+03 
 1.16728e+03  1.16431e+03  1.14183e+03 
 1.16730e+03  1.16412e+03  1.14171e+03 
 1.16767e+03  1.16446e+03  1.14213e+03 
 1.16753e+03  1.16436e+03  1.14204e+03 
-4.96411e+02  4.20088e+02  1.45048e+03 
 3.80308e+01  8.79065e+01 -2.52365e-01 
 1.34662e+02  5.73450e+02  1.09835e+03 
-3.07451e+01 -7.37790e+01 -1.45006e+02 
 1.00000e+00  1.00000e+00  0.00000e+00  9.99500e-01 
 0.00000e+00  9.80060e-01  9.70000e-04  9.94160e-01 
 0.00000e+00  9.60050e-01  1.97000e-03  9.88800e-01 
 0.00000e+00  9.40020e-01  2.11000e-03  9.83430e-01 
 0.00000e+00  9.20000e-01  1.41000e-03  9.78060e-01 
 0.00000e+00  9.00000e-01  1.30000e-04  9.72710e-01 
 0.00000e+00  8.59760e-01 -3.47000e-03  9.61920e-01 
 0.00000e+00  8.19630e-01 -8.23000e-03  9.51170e-01 
 0.00000e+00  7.79600e-01 -1.38600e-02  9.40440e-01 
 0.00000e+00  7.39650e-01 -2.00600e-02  9.29740e-01 
 0.00000e+00  6.99760e-01 -2.66000e-02  9.19050e-01 
 0.00000e+00  6.59880e-01 -3.32400e-02  9.08360e-01 
 0.00000e+00  5.99680e-01 -4.30500e-02  8.92240e-01 
 0.00000e+00  5.80050e-01 -4.61100e-02  8.86980e-01 
 0.00000e+00  5.40060e-01 -5.20100e-02  8.76260e-01 
 0.00000e+00  5.00000e-01 -5.73600e-02  8.65530e-01 
 0.00000e+00  5.00000e-01 -5.73600e-02  9.99500e-01 
 0.00000e+00  4.60140e-01 -6.19300e-02  9.88820e-01 
 0.00000e+00  4.20200e-01 -6.56100e-02  9.78120e-01 
 0.00000e+00  3.80180e-01 -6.82400e-02  9.67390e-01 
 0.00000e+00  3.40100e-01 -6.95900e-02  9.56660e-01 
 0.00000e+00  3.00000e-01 -6.95700e-02  9.45910e-01 
 0.00000e+00  2.79880e-01 -6.91000e-02  9.40520e-01 
 0.00000e+00  2.59770e-01 -6.83200e-02  9.35130e-01 
 0.00000e+00  2.39670e-01 -6.72200e-02  9.29750e-01 
 0.00000e+00  2.19600e-01 -6.57900e-02  9.24370e-01 
 0.00000e+00  1.99550e-01 -6.40100e-02  9.18990e-01 
 0.00000e+00  1.79530e-01 -6.18700e-02  9.13630e-01 
 0.00000e+00  1.39620e-01 -5.64500e-02  9.02940e-01 
 0.00000e+00  1.19760e-01 -5.30800e-02  8.97620e-01 
 0.00000e+00  1.00000e-01 -4.91600e-02  8.92320e-01 
 0.00000e+00  9.23100e-02 -4.74500e-02  8.90260e-01 
 0.00000e+00  8.46400e-02 -4.56300e-02  8.88200e-01 
 0.00000e+00  7.69900e-02 -4.36900e-02  8.86160e-01 
 0.00000e+00  6.93900e-02 -4.16200e-02  8.84120e-01 
 0.00000e+00  6.18200e-02 -3.93900e-02  8.82090e-01 
 0.00000e+00  5.43000e-02 -3.69900e-02  8.80080e-01 
 0.00000e+00  4.68500e-02 -3.43800e-02  8.78080e-01 
 0.00000e+00  3.94700e-02 -3.15500e-02  8.76100e-01 
 0.00000e+00  3.21800e-02 -2.84700e-02  8.74150e-01 
 0.00000e+00  2.50200e-02 -2.51100e-02  8.72230e-01 
 0.00000e+00  1.81300e-02 -2.11800e-02  8.70380e-01 
 0.00000e+00  1.17500e-02 -1.64200e-02  8.68670e-01 
 0.00000e+00  6.09000e-03 -1.07800e-02  8.67160e-01 
 0.00000e+00  1.97000e-03 -3.88000e-03  8.66050e-01 
 0.00000e+00  0.00000e+00  3.96000e-03  8.65530e-01 
 1.00000e+00  1.94000e-03  1.22400e-02  8.66050e-01 
 1.00000e+00  6.29000e-03  1.95300e-02  8.67210e-01 
 1.00000e+00  1.17700e-02  2.59600e-02  8.68680e-01 
 1.00000e+00  1.80400e-02  3.15700e-02  8.70360e-01 
 1.00000e+00  2.47900e-02  3.65600e-02  8.72170e-01 
 1.00000e+00  3.17600e-02  4.12100e-02  8.74040e-01 
 1.00000e+00  3.89200e-02  4.55500e-02  8.75960e-01 
 1.00000e+00  4.62300e-02  4.96000e-02  8.77910e-01 
 1.00000e+00  5.36700e-02  5.34000e-02  8.79910e-01 
 1.00000e+00  6.12100e-02  5.69700e-02  8.81930e-01 
 1.00000e+00  6.88500e-02  6.03300e-02  8.83970e-01 
 1.00000e+00  7.65500e-02  6.35100e-02  8.86040e-01 
 1.00000e+00  8.43200e-02  6.65300e-02  8.88120e-01 
 1.00000e+00  9.21300e-02  6.93900e-02  8.90210e-01 
 1.00000e+00  1.00000e-01  7.21100e-02  8.92320e-01 
 1.00000e+00  1.19480e-01  7.82500e-02  8.97540e-01 
 1.00000e+00  1.39150e-01  8.36800e-02  9.02810e-01 
 1.00000e+00  1.78890e-01  9.28400e-02  9.13460e-01 
 1.00000e+00  1.98910e-01  9.66400e-02  9.18820e-01 
 1.00000e+00  2.19020e-01  9.99400e-02  9.24210e-01 
 1.00000e+00  2.39190e-01  1.02770e-01  9.29620e-01 
 1.00000e+00  2.59420e-01  1.05150e-01  9.35040e-01 
 1.00000e+00  2.79690e-01  1.07090e-01  9.40470e-01 
 1.00000e+00  3.00000e-01  1.08620e-01  9.45910e-01 
 1.00000e+00  3.20010e-01  1.09710e-01  9.51270e-01 
 1.00000e+00  3.40040e-01  1.10380e-01  9.56640e-01 
 1.00000e+00  3.60080e-01  1.10600e-01  9.62010e-01 
 1.00000e+00  3.80120e-01  1.10390e-01  9.67380e-01 
 1.00000e+00  4.00150e-01  1.09770e-01  9.72740e-01 
 1.00000e+00  4.20160e-01  1.08780e-01  9.78110e-01 
 1.00000e+00  4.33500e-01  1.07920e-01  9.81680e-01 
 1.00000e+00  4.40160e-01  1.07430e-01  9.83470e-01 
 1.00000e+00  4.46820e-01  1.06910e-01  9.85250e-01 
 1.00000e+00  4.60140e-01  1.05750e-01  9.88820e-01 
 1.00000e+00  4.73440e-01  1.04450e-01  9.92380e-01 
 1.00000e+00  4.80080e-01  1.03760e-01  9.94160e-01 
 1.00000e+00  4.86730e-01  1.03020e-01  9.95940e-01 
 1.00000e+00  5.00000e-01  1.01460e-01  9.99500e-01 
 1.00000e+00  5.00000e-01  1.01460e-01  8.65530e-01 
 1.00000e+00  5.40420e-01  9.59700e-02  8.76360e-01 
 1.00000e+00  5.80710e-01  8.95200e-02  8.87150e-01 
 1.00000e+00  6.60900e-01  7.42600e-02  9.08640e-01 
 1.00000e+00  7.00830e-01  6.57400e-02  9.19340e-01 
 1.00000e+00  7.40680e-01  5.68200e-02  9.30020e-01 
 1.00000e+00  7.80490e-01  4.77000e-02  9.40680e-01 
 1.00000e+00  8.20290e-01  3.85300e-02  9.51350e-01 
 1.00000e+00  8.60110e-01  2.95100e-02  9.62020e-01 
 1.00000e+00  9.00000e-01  2.07700e-02  9.72710e-01 
 1.00000e+00  9.14240e-01  1.77000e-02  9.76520e-01 
 1.00000e+00  9.28500e-01  1.47200e-02  9.80340e-01 
 1.00000e+00  9.42790e-01  1.18900e-02  9.84170e-01 
 1.00000e+00  9.57110e-01  9.27000e-03  9.88010e-01 
 1.00000e+00  9.71460e-01  6.79000e-03  9.91850e-01 
 1.00000e+00  9.85800e-01  4.22000e-03  9.95690e-01 
 0.00000e+00 -2.85000e+00 -1.50000e+00  7.27000e-01 
 0.00000e+00 -2.55000e+00 -1.50000e+00  7.27000e-01 
 0.00000e+00 -2.35000e+00 -1.50000e+00  7.27000e-01 
 0.00000e+00 -2.15000e+00 -1.50000e+00  7.27000e-01 
 0.00000e+00 -1.95000e+00 -1.50000e+00  7.27000e-01 
 0.00000e+00 -1.85000e+00 -1.50000e+00  7.27000e-01 
 0.00000e+00 -1.75000e+00 -1.50000e+00  7.27000e-01 
 0.00000e+00 -1.65000e+00 -1.50000e+00  7.27000e-01 
 0.00000e+00 -1.55000e+00 -1.50000e+00  7.27000e-01 
 0.00000e+00 -1.45000e+00 -1.50000e+00  7.27000e-01 
 0.00000e+00 -1.35000e+00 -1.50000e+00  7.27000e-01 
 0.00000e+00 -1.25000e+00 -1.50000e+00  7.27000e-01 
 0.00000e+00 -1.15000e+00 -1.50000e+00  7.27000e-01 
 0.00000e+00 -1.05000e+00 -1.50000e+00  7.27000e-01 
 0.00000e+00 -9.50000e-01 -1.50000e+00  7.27000e-01 
 0.00000e+00 -8.50000e-01 -1.50000e+00  7.27000e-01 
 0.00000e+00 -7.50000e-01 -1.50000e+00  7.27000e-01 
 0.00000e+00 -6.50000e-01 -1.50000e+00  7.27000e-01 
 0.00000e+00 -5.50000e-01 -1.50000e+00  7.27000e-01 
 0.00000e+00 -4.50000e-01 -1.50000e+00  7.27000e-01 
 0.00000e+00 -3.50000e-01 -1.50000e+00  7.27000e-01 
 0.00000e+00 -2.50000e-01 -1.50000e+00  7.27000e-01 
 0.00000e+00 -1.50000e-01 -1.50000e+00  7.27000e-01 
 0.00000e+00 -5.00000e-02 -1.50000e+00  7.27000e-01 
 0.00000e+00  5.00000e-02 -1.50000e+00  7.27000e-01 
 0.00000e+00  1.50000e-01 -1.50000e+00  7.27000e-01 
 0.00000e+00  2.50000e-01 -1.50000e+00  7.27000e-01 
 0.00000e+00  3.50000e-01 -1.50000e+00  7.27000e-01 
 0.00000e+00  4.50000e-01 -1.50000e+00  7.27000e-01 
 0.00000e+00  5.50000e-01 -1.50000e+00  7.27000e-01 
 0.00000e+00  6.50000e-01 -1.50000e+00  7.27000e-01 
 0.00000e+00  7.50000e-01 -1.50000e+00  7.27000e-01 
 0.00000e+00  8.50000e-01 -1.50000e+00  7.27000e-01 
 0.00000e+00  9.50000e-01 -1.50000e+00  7.27000e-01 
 0.00000e+00  1.05000e+00 -1.50000e+00  7.27000e-01 
 0.00000e+00  1.15000e+00 -1.50000e+00  7.27000e-01 
 0.00000e+00  1.25000e+00 -1.50000e+00  7.27000e-01 
 0.00000e+00  1.35000e+00 -1.50000e+00  7.27000e-01 
 0.00000e+00  1.45000e+00 -1.50000e+00  7.27000e-01 
 0.00000e+00  1.55000e+00 -1.50000e+00  7.27000e-01 
 0.00000e+00  1.65000e+00 -1.50000e+00  7.27000e-01 
 0.00000e+00  1.75000e+00 -1.50000e+00  7.27000e-01 
 0.00000e+00  1.85000e+00 -1.50000e+00  7.27000e-01 
 0.00000e+00  1.95000e+00 -1.50000e+00  7.27000e-01 
 0.00000e+00  2.15000e+00 -1.50000e+00  7.27000e-01 
 0.00000e+00  2.35000e+00 -1.50000e+00  7.27000e-01 
 0.00000e+00  2.55000e+00 -1.50000e+00  7.27000e-01 
 0.00000e+00  2.85000e+00 -1.50000e+00  7.27000e-01 
 1.00000e+00 -2.85000e+00  1.50000e+00  7.27000e-01 
 1.00000e+00 -2.55000e+00  1.50000e+00  7.27000e-01 
 1.00000e+00 -2.35000e+00  1.50000e+00  7.27000e-01 
 1.00000e+00 -2.15000e+00  1.50000e+00  7.27000e-01 
 1.00000e+00 -1.95000e+00  1.50000e+00  7.27000e-01 
 1.00000e+00 -1.85000e+00  1.50000e+00  7.27000e-01 
 1.00000e+00 -1.75000e+00  1.50000e+00  7.27000e-01 
 1.00000e+00 -1.65000e+00  1.50000e+00  7.27000e-01 
 1.00000e+00 -1.55000e+00  1.50000e+00  7.27000e-01 
 1.00000e+00 -1.45000e+00  1.50000e+00  7.27000e-01 
 1.00000e+00 -1.35000e+00  1.50000e+00  7.27000e-01 
 1.00000e+00 -1.25000e+00  1.50000e+00  7.27000e-01 
 1.00000e+00 -1.15000e+00  1.50000e+00  7.27000e-01 
 1.00000e+00 -1.05000e+00  1.50000e+00  7.27000e-01 
 1.00000e+00 -9.50000e-01  1.50000e+00  7.27000e-01 
 1.00000e+00 -8.50000e-01  1.50000e+00  7.27000e-01 
 1.00000e+00 -7.50000e-01  1.50000e+00  7.27000e-01 
 1.00000e+00 -6.50000e-01  1.50000e+00  7.27000e-01 
 1.00000e+00 -5.50000e-01  1.50000e+00  7.27000e-01 
 1.00000e+00 -4.50000e-01  1.50000e+00  7.27000e-01 
 1.00000e+00 -3.50000e-01  1.50000e+00  7.27000e-01 
 1.00000e+00 -2.50000e-01  1.50000e+00  7.27000e-01 
 1.00000e+00 -1.50000e-01  1.50000e+00  7.27000e-01 
 1.00000e+00 -5.00000e-02  1.50000e+00  7.27000e-01 
 1.00000e+00  5.00000e-02  1.50000e+00  7.27000e-01 
 1.00000e+00  1.50000e-01  1.50000e+00  7.27000e-01 
 1.00000e+00  2.50000e-01  1.50000e+00  7.27000e-01 
 1.00000e+00  3.50000e-01  1.50000e+00  7.27000e-01 
 1.00000e+00  4.50000e-01  1.50000e+00  7.27000e-01 
 1.00000e+00  5.50000e-01  1.50000e+00  7.27000e-01 
 1.00000e+00  6.50000e-01  1.50000e+00  7.27000e-01 
 1.00000e+00  7.50000e-01  1.50000e+00  7.27000e-01 
 1.00000e+00  8.50000e-01  1.50000e+00  7.27000e-01 
 1.00000e+00  9.50000e-01  1.50000e+00  7.27000e-01 
 1.00000e+00  1.05000e+00  1.50000e+00  7.27000e-01 
 1.00000e+00  1.15000e+00  1.50000e+00  7.27000e-01 
 1.00000e+00  1.25000e+00  1.50000e+00  7.27000e-01 
 1.00000e+00  1.35000e+00  1.50000e+00  7.27000e-01 
 1.00000e+00  1.45000e+00  1.50000e+00  7.27000e-01 
 1.00000e+00  1.55000e+00  1.50000e+00  7.27000e-01 
 1.00000e+00  1.65000e+00  1.50000e+00  7.27000e-01 
 1.00000e+00  1.75000e+00  1.50000e+00  7.27000e-01 
 1.00000e+00  1.85000e+00  1.50000e+00  7.27000e-01 
 1.00000e+00  1.95000e+00  1.50000e+00  7.27000e-01 
 1.00000e+00  2.15000e+00  1.50000e+00  7.27000e-01 
 1.00000e+00  2.35000e+00  1.50000e+00  7.27000e-01 
 1.00000e+00  2.55000e+00  1.50000e+00  7.27000e-01 
 1.00000e+00  2.85000e+00  1.50000e+00  7.27000e-01 
 2.00000e+00 -2.85000e+00 -1.50000e+00  1.26700e+00 
 2.00000e+00 -1.95000e+00 -1.50000e+00  1.26700e+00 
 2.00000e+00 -1.35000e+00 -1.50000e+00  1.26700e+00 
 2.00000e+00 -9.50000e-01 -1.50000e+00  1.26700e+00 
 2.00000e+00 -6.50000e-01 -1.50000e+00  1.26700e+00 
 2.00000e+00 -4.50000e-01 -1.50000e+00  1.26700e+00 
 2.00000e+00 -2.50000e-01 -1.50000e+00  1.26700e+00 
 2.00000e+00 -5.00000e-02 -1.50000e+00  1.26700e+00 
 2.00000e+00  5.00000e-02 -1.50000e+00  1.26700e+00 
 2.00000e+00  2.50000e-01 -1.50000e+00  1.26700e+00 
 2.00000e+00  4.50000e-01 -1.50000e+00  1.26700e+00 
 2.00000e+00  6.50000e-01 -1.50000e+00  1.26700e+00 
 2.00000e+00  9.50000e-01 -1.50000e+00  1.26700e+00 
 2.00000e+00  1.35000e+00 -1.50000e+00  1.26700e+00 
 2.00000e+00  1.95000e+00 -1.50000e+00  1.26700e+00 
 2.00000e+00  2.85000e+00 -1.50000e+00  1.26700e+00 
 3.00000e+00 -2.85000e+00  1.50000e+00  1.26700e+00 
 3.00000e+00 -1.95000e+00  1.50000e+00  1.26700e+00 
 3.00000e+00 -1.35000e+00  1.50000e+00  1.26700e+00 
 3.00000e+00 -9.50000e-01  1.50000e+00  1.26700e+00 
 3.00000e+00 -6.50000e-01  1.50000e+00  1.26700e+00 
 3.00000e+00 -4.50000e-01  1.50000e+00  1.26700e+00 
 3.00000e+00 -2.50000e-01  1.50000e+00  1.26700e+00 
 3.00000e+00 -5.00000e-02  1.50000e+00  1.26700e+00 
 3.00000e+00  5.00000e-02  1.50000e+00  1.26700e+00 
 3.00000e+00  2.50000e-01  1.50000e+00  1.26700e+00 
 3.00000e+00  4.50000e-01  1.50000e+00  1.26700e+00 
 3.00000e+00  6.50000e-01  1.50000e+00  1.26700e+00 
 3.00000e+00  9.50000e-01  1.50000e+00  1.26700e+00 
 3.00000e+00  1.35000e+00  1.50000e+00  1.26700e+00 
 3.00000e+00  1.95000e+00  1.50000e+00  1.26700e+00 
 3.00000e+00  2.85000e+00  1.50000e+00  1.26700e+00 
 0.00000e+00  2.70000e+00 -3.47500e-01  0.00000e+00 
 0.00000e+00  2.70000e+00 -3.17500e-01  0.00000e+00 
 0.00000e+00  2.70000e+00 -2.87500e-01  0.00000e+00 
 0.00000e+00  2.70000e+00 -2.67500e-01  0.00000e+00 
 0.00000e+00  2.70000e+00 -2.47500e-01  0.00000e+00 
 0.00000e+00  2.70000e+00 -2.32500e-01  0.00000e+00 
 0.00000e+00  2.70000e+00 -2.17500e-01  0.00000e+00 
 0.00000e+00  2.70000e+00 -2.07500e-01  0.00000e+00 
 0.00000e+00  2.70000e+00 -1.97500e-01  0.00000e+00 
 0.00000e+00  2.70000e+00 -1.92500e-01  0.00000e+00 
 0.00000e+00  2.70000e+00 -1.87500e-01  0.00000e+00 
 0.00000e+00  2.70000e+00 -1.82500e-01  0.00000e+00 
 0.00000e+00  2.70000e+00 -1.77500e-01  0.00000e+00 
 0.00000e+00  2.70000e+00 -1.72500e-01  0.00000e+00 
 0.00000e+00  2.70000e+00 -1.67500e-01  0.00000e+00 
 0.00000e+00  2.70000e+00 -1.62500e-01  0.00000e+00 
 0.00000e+00  2.70000e+00 -1.57500e-01  0.00000e+00 
 0.00000e+00  2.70000e+00 -1.52500e-01  0.00000e+00 
 0.00000e+00  2.70000e+00 -1.47500e-01  0.00000e+00 
 0.00000e+00  2.70000e+00 -1.42500e-01  0.00000e+00 
 0.00000e+00  2.70000e+00 -1.37500e-01  0.00000e+00 
 0.00000e+00  2.70000e+00 -1.32500e-01  0.00000e+00 
 0.00000e+00  2.70000e+00 -1.27500e-01  0.00000e+00 
 0.00000e+00  2.70000e+00 -1.22500e-01  0.00000e+00 
 0.00000e+00  2.70000e+00 -1.17500e-01  0.00000e+00 
 0.00000e+00  2.70000e+00 -1.12500e-01  0.00000e+00 
 0.00000e+00  2.70000e+00 -1.07500e-01  0.00000e+00 
 0.00000e+00  2.70000e+00 -1.02500e-01  0.00000e+00 
 0.00000e+00  2.70000e+00 -9.75000e-02  0.00000e+00 
 0.00000e+00  2.70000e+00 -9.25000e-02  0.00000e+00 
 0.00000e+00  2.70000e+00 -8.75000e-02  0.00000e+00 
 0.00000e+00  2.70000e+00 -8.25000e-02  0.00000e+00 
 0.00000e+00  2.70000e+00 -7.75000e-02  0.00000e+00 
 0.00000e+00  2.70000e+00 -7.25000e-02  0.00000e+00 
 0.00000e+00  2.70000e+00 -6.75000e-02  0.00000e+00 
 0.00000e+00  2.70000e+00 -6.25000e-02  0.00000e+00 
 0.00000e+00  2.70000e+00 -5.75000e-02  0.00000e+00 
 0.00000e+00  2.70000e+00 -5.25000e-02  0.00000e+00 
 0.00000e+00  2.70000e+00 -4.75000e-02  0.00000e+00 
 0.00000e+00  2.70000e+00 -4.25000e-02  0.00000e+00 
 0.00000e+00  2.70000e+00 -3.75000e-02  0.00000e+00 
 0.00000e+00  2.70000e+00 -3.25000e-02  0.00000e+00 
 0.00000e+00  2.70000e+00 -2.75000e-02  0.00000e+00 
 0.00000e+00  2.70000e+00 -2.25000e-02  0.00000e+00 
 0.00000e+00  2.70000e+00 -1.75000e-02  0.00000e+00 
 0.00000e+00  2.70000e+00 -1.25000e-02  0.00000e+00 
 0.00000e+00  2.70000e+00 -7.50000e-03  0.00000e+00 
 0.00000e+00  2.70000e+00 -2.50000e-03  0.00000e+00 
 0.00000e+00  2.70000e+00  2.50000e-03  0.00000e+00 
 0.00000e+00  2.70000e+00  7.50000e-03  0.00000e+00 
 0.00000e+00  2.70000e+00  1.25000e-02  0.00000e+00 
 0.00000e+00  2.70000e+00  1.75000e-02  0.00000e+00 
 0.00000e+00  2.70000e+00  2.25000e-02  0.00000e+00 
 0.00000e+00  2.70000e+00  2.75000e-02  0.00000e+00 
 0.00000e+00  2.70000e+00  3.25000e-02  0.00000e+00 
 0.00000e+00  2.70000e+00  3.75000e-02  0.00000e+00 
 0.00000e+00  2.70000e+00  4.25000e-02  0.00000e+00 
 0.00000e+00  2.70000e+00  4.75000e-02  0.00000e+00 
 0.00000e+00  2.70000e+00  5.25000e-02  0.00000e+00 
 0.00000e+00  2.70000e+00  5.75000e-02  0.00000e+00 
 0.00000e+00  2.70000e+00  6.25000e-02  0.00000e+00 
 0.00000e+00  2.70000e+00  6.75000e-02  0.00000e+00 
 0.00000e+00  2.70000e+00  7.25000e-02  0.00000e+00 
 0.00000e+00  2.70000e+00  7.75000e-02  0.00000e+00 
 0.00000e+00  2.70000e+00  8.25000e-02  0.00000e+00 
 0.00000e+00  2.70000e+00  8.75000e-02  0.00000e+00 
 0.00000e+00  2.70000e+00  9.25000e-02  0.00000e+00 
 0.00000e+00  2.70000e+00  9.75000e-02  0.00000e+00 
 0.00000e+00  2.70000e+00  1.02500e-01  0.00000e+00 
 0.00000e+00  2.70000e+00  1.07500e-01  0.00000e+00 
 0.00000e+00  2.70000e+00  1.12500e-01  0.00000e+00 
 0.00000e+00  2.70000e+00  1.17500e-01  0.00000e+00 
 0.00000e+00  2.70000e+00  1.22500e-01  0.00000e+00 
 0.00000e+00  2.70000e+00  1.27500e-01  0.00000e+00 
 0.00000e+00  2.70000e+00  1.32500e-01  0.00000e+00 
 0.00000e+00  2.70000e+00  1.37500e-01  0.00000e+00 
 0.00000e+00  2.70000e+00  1.42500e-01  0.00000e+00 
 0.00000e+00  2.70000e+00  1.47500e-01  0.00000e+00 
 0.00000e+00  2.70000e+00  1.52500e-01  0.00000e+00 
 0.00000e+00  2.70000e+00  1.57500e-01  0.00000e+00 
 0.00000e+00  2.70000e+00  1.62500e-01  0.00000e+00 
 0.00000e+00  2.70000e+00  1.67500e-01  0.00000e+00 
 0.00000e+00  2.70000e+00  1.72500e-01  0.00000e+00 
 0.00000e+00  2.70000e+00  1.77500e-01  0.00000e+00 
 0.00000e+00  2.70000e+00  1.82500e-01  0.00000e+00 
 0.00000e+00  2.70000e+00  1.87500e-01  0.00000e+00 
 0.00000e+00  2.70000e+00  1.92500e-01  0.00000e+00 
 0.00000e+00  2.70000e+00  1.97500e-01  0.00000e+00 
 0.00000e+00  2.70000e+00  2.07500e-01  0.00000e+00 
 0.00000e+00  2.70000e+00  2.17500e-01  0.00000e+00 
 0.00000e+00  2.70000e+00  2.32500e-01  0.00000e+00 
 0.00000e+00  2.70000e+00  2.47500e-01  0.00000e+00 
 0.00000e+00  2.70000e+00  2.67500e-01  0.00000e+00 
 0.00000e+00  2.70000e+00  2.87500e-01  0.00000e+00 
 0.00000e+00  2.70000e+00  3.17500e-01  0.00000e+00 
 0.00000e+00  2.70000e+00  3.47500e-01  0.00000e+00 
