-1.03168e+00  4.96681e+00  9.96792e+00 
 4.38143e+01  4.36398e+01  4.34216e+01 
 1.87677e+01  1.90070e+01  1.91657e+01 
 2.94030e+06  2.92471e+06  2.90741e+06 
 1.16428e+03  1.15422e+03  1.14214e+03 
 1.02055e+05  1.02064e+05  1.02068e+05 
 1.88620e+02  1.68846e+02 -1.52000e+02 
 2.67716e+02  2.87157e+02  1.28904e+02 
 3.15763e+02  3.53553e+02  2.44561e+02 
 3.19311e+02  3.67460e+02  2.84179e+02 
 3.07325e+02  3.61930e+02  2.96444e+02 
 2.89582e+02  3.50096e+02  2.97117e+02 
 2.49240e+02  3.23034e+02  2.93228e+02 
 1.99384e+02  2.87255e+02  2.78025e+02 
 1.54954e+02  2.59344e+02  2.72344e+02 
 9.59606e+01  2.18983e+02  2.45036e+02 
 2.93841e+01  1.73912e+02  1.91845e+02 
-3.38580e+01  1.35321e+02  1.74342e+02 
-1.24229e+02  7.99770e+01  1.45135e+02 
-1.59094e+02  2.49516e+01  1.27281e+02 
-2.17955e+02 -5.40308e+00  1.19477e+02 
-3.00800e+02 -4.54096e+01  9.36634e+01 
-2.91697e+02 -4.49951e+01  9.57325e+01 
-3.80469e+02 -7.62949e+01  8.09659e+01 
-4.66314e+02 -9.87601e+01  8.73531e+01 
-5.14373e+02 -1.17501e+02  9.40082e+01 
-5.56532e+02 -1.11335e+02  1.22367e+02 
-5.67474e+02 -8.15291e+01  1.77162e+02 
-5.70817e+02 -6.64927e+01  2.06798e+02 
-5.56917e+02 -3.36972e+01  2.47863e+02 
-5.41743e+02  5.31126e+00  2.98170e+02 
-5.45905e+02  2.91068e+01  3.34335e+02 
-5.27058e+02  7.10010e+01  3.86864e+02 
-5.27107e+02  1.07254e+02  4.38400e+02 
-5.44392e+02  1.81251e+02  5.46260e+02 
-5.33821e+02  2.41975e+02  6.20302e+02 
-5.21278e+02  3.13005e+02  7.08478e+02 
-5.09617e+02  3.50758e+02  7.43522e+02 
-5.07654e+02  3.87138e+02  7.78767e+02 
-4.97110e+02  4.19135e+02  8.18857e+02 
-4.79719e+02  4.71290e+02  8.68247e+02 
-4.79677e+02  5.07675e+02  9.03991e+02 
-4.60823e+02  5.63122e+02  9.52190e+02 
-4.30373e+02  6.27399e+02  1.00197e+03 
-3.96034e+02  7.03392e+02  1.05241e+03 
-3.62708e+02  7.88967e+02  1.09688e+03 
-3.54081e+02  8.74110e+02  1.12519e+03 
-2.75177e+02  9.95379e+02  1.10686e+03 
-7.70126e+01  1.10405e+03  9.64362e+02 
 2.72671e+02  1.13084e+03  5.18520e+02 
 8.18334e+02  8.25489e+02 -6.88449e+02 
 1.13993e+03 -2.37738e+02 -3.03147e+03 
 1.00916e+03 -1.13761e+03 -3.96913e+03 
 7.07402e+02 -1.50976e+03 -3.97327e+03 
 4.30337e+02 -1.72361e+03 -3.87722e+03 
 2.34904e+02 -1.75941e+03 -3.63753e+03 
 1.06493e+02 -1.71705e+03 -3.38799e+03 
-2.44005e+00 -1.69928e+03 -3.22165e+03 
-9.33849e+01 -1.69221e+03 -3.08902e+03 
-1.78379e+02 -1.68989e+03 -2.87987e+03 
-2.47491e+02 -1.68653e+03 -2.71220e+03 
-3.10272e+02 -1.68598e+03 -2.68232e+03 
-3.60792e+02 -1.67851e+03 -2.62489e+03 
-4.05992e+02 -1.66995e+03 -2.56953e+03 
-4.48534e+02 -1.66387e+03 -2.52513e+03 
-4.85409e+02 -1.65831e+03 -2.47655e+03 
-5.19388e+02 -1.64994e+03 -2.42256e+03 
-5.97564e+02 -1.64348e+03 -2.33864e+03 
-6.48933e+02 -1.61922e+03 -2.23402e+03 
-7.74118e+02 -1.62040e+03 -2.16044e+03 
-8.08121e+02 -1.60027e+03 -2.08698e+03 
-8.42125e+02 -1.58013e+03 -2.01352e+03 
-8.48575e+02 -1.55761e+03 -1.91636e+03 
-8.88355e+02 -1.56328e+03 -1.89807e+03 
-9.10056e+02 -1.55222e+03 -1.84468e+03 
-9.23305e+02 -1.53342e+03 -1.79637e+03 
-9.34928e+02 -1.51462e+03 -1.73755e+03 
-9.38918e+02 -1.49033e+03 -1.67774e+03 
-9.30642e+02 -1.45816e+03 -1.60476e+03 
-9.09428e+02 -1.38848e+03 -1.52171e+03 
-8.89553e+02 -1.30225e+03 -1.44775e+03 
-8.66074e+02 -1.24161e+03 -1.35747e+03 
-8.47516e+02 -1.21612e+03 -1.30209e+03 
-8.38658e+02 -1.20048e+03 -1.27376e+03 
-8.30973e+02 -1.18326e+03 -1.24379e+03 
-8.11968e+02 -1.15212e+03 -1.18772e+03 
-7.92430e+02 -1.11517e+03 -1.12733e+03 
-7.82558e+02 -1.09639e+03 -1.09762e+03 
-7.72086e+02 -1.07241e+03 -1.06591e+03 
-7.37127e+02 -1.03386e+03 -1.00772e+03 
-7.50940e+02 -1.03316e+03 -1.03261e+03 
-6.20607e+02 -9.14700e+02 -8.61265e+02 
-5.71160e+02 -8.11108e+02 -6.88098e+02 
-4.00667e+02 -5.69230e+02 -3.90682e+02 
-3.16837e+02 -4.58228e+02 -3.36037e+02 
-2.33008e+02 -3.47226e+02 -2.81391e+02 
-1.58644e+02 -2.49931e+02 -2.62917e+02 
-9.12684e+01 -1.63647e+02 -2.39014e+02 
-2.81804e+01 -8.19012e+01 -2.27126e+02 
 4.01794e+01  8.01593e-01 -2.15334e+02 
 6.32087e+01  2.72113e+01 -2.11348e+02 
 8.47965e+01  5.37253e+01 -2.07136e+02 
 1.04191e+02  7.73455e+01 -2.02689e+02 
 1.17752e+02  9.75404e+01 -1.99295e+02 
 1.29158e+02  1.17739e+02 -1.93014e+02 
 1.37983e+02  1.34243e+02 -1.88442e+02 
-2.98534e+00  1.50240e+01  2.47964e+01 
-1.18896e+01  1.22176e+01  2.52214e+01 
-1.09592e+01  1.82484e+01  3.39562e+01 
-7.56281e+00  2.74104e+01  4.60240e+01 
-7.77748e+00  3.44234e+01  5.65494e+01 
-8.21101e+00  3.82599e+01  6.24517e+01 
-9.32840e+00  4.15890e+01  6.80395e+01 
-1.39160e+01  4.21148e+01  7.12605e+01 
-1.28270e+01  4.83172e+01  7.98123e+01 
-1.17380e+01  5.45197e+01  8.83640e+01 
-1.02159e+01  6.15745e+01  9.80172e+01 
-8.41692e+00  6.91555e+01  1.08079e+02 
-1.22092e+01  7.19995e+01  1.13744e+02 
-1.20838e+01  7.79563e+01  1.22263e+02 
-1.50570e+01  8.15502e+01  1.28663e+02 
-1.78077e+01  8.48995e+01  1.34401e+02 
-2.98394e+01  8.08641e+01  1.33889e+02 
-2.73498e+01  8.76067e+01  1.41903e+02 
-3.24972e+01  8.74754e+01  1.43746e+02 
-3.15286e+01  9.20551e+01  1.49219e+02 
-3.06918e+01  9.53501e+01  1.53040e+02 
-3.33254e+01  9.50302e+01  1.52889e+02 
-3.53034e+01  9.40762e+01  1.51737e+02 
-3.35895e+01  9.42022e+01  1.50508e+02 
-3.18756e+01  9.43282e+01  1.49280e+02 
-2.90076e+01  9.41305e+01  1.47064e+02 
-2.52030e+01  9.39591e+01  1.44221e+02 
-2.49328e+01  8.95844e+01  1.37484e+02 
-2.13239e+01  8.81988e+01  1.33095e+02 
-1.81028e+01  8.54431e+01  1.27478e+02 
-1.71487e+01  8.03932e+01  1.19150e+02 
-1.84254e+01  7.32009e+01  1.09047e+02 
-1.92798e+01  6.62568e+01  9.91096e+01 
-1.46468e+01  6.45613e+01  9.42508e+01 
-1.67994e+01  5.65535e+01  8.35807e+01 
-1.25646e+01  5.46453e+01  7.91070e+01 
-1.13032e+01  5.01571e+01  7.18393e+01 
-1.19027e+01  4.44001e+01  6.37627e+01 
-1.02782e+01  4.10553e+01  5.82687e+01 
-9.26882e+00  3.74619e+01  5.26193e+01 
-7.20801e+00  3.52668e+01  4.85137e+01 
-8.42815e+00  3.01878e+01  4.17279e+01 
-9.74005e+00  2.52456e+01  3.51698e+01 
-1.46581e+01  1.72055e+01  2.56384e+01 
-1.97121e+01  6.30024e+00  1.24630e+01 
-3.12456e+01 -1.00177e+01 -6.02384e+00 
-3.95538e+01 -2.24149e+01 -2.00552e+01 
-5.30064e+01 -4.03341e+01 -3.95546e+01 
-1.55732e+01 -3.12605e+01 -3.95656e+01 
-1.88017e+01 -4.04029e+01 -5.23695e+01 
-2.09661e+01 -4.79256e+01 -6.28931e+01 
-2.21373e+01 -5.54845e+01 -7.39129e+01 
-2.83159e+01 -6.95479e+01 -9.27122e+01 
-3.02859e+01 -7.59059e+01 -1.01653e+02 
-3.27185e+01 -8.32243e+01 -1.11752e+02 
-3.68976e+01 -9.25939e+01 -1.24465e+02 
-4.02334e+01 -1.01792e+02 -1.36918e+02 
-4.92001e+01 -1.17338e+02 -1.56636e+02 
-5.32776e+01 -1.28273e+02 -1.71595e+02 
-5.36953e+01 -1.35333e+02 -1.82679e+02 
-5.80191e+01 -1.46725e+02 -1.98825e+02 
-6.21505e+01 -1.58238e+02 -2.15243e+02 
-6.50046e+01 -1.68379e+02 -2.29996e+02 
-7.31287e+01 -1.84236e+02 -2.49820e+02 
-7.82406e+01 -1.96086e+02 -2.66882e+02 
-8.23681e+01 -2.06586e+02 -2.81634e+02 
-8.73988e+01 -2.16925e+02 -2.95643e+02 
-9.51353e+01 -2.29819e+02 -3.11620e+02 
-1.02105e+02 -2.40477e+02 -3.24509e+02 
-1.06598e+02 -2.47210e+02 -3.32473e+02 
-1.14836e+02 -2.56680e+02 -3.42558e+02 
-1.15681e+02 -2.55939e+02 -3.40763e+02 
-1.18477e+02 -2.56732e+02 -3.40356e+02 
-1.16726e+02 -2.51293e+02 -3.32389e+02 
-1.13963e+02 -2.44324e+02 -3.21246e+02 
-1.16096e+02 -2.40555e+02 -3.15262e+02 
-1.05803e+02 -2.23693e+02 -2.93357e+02 
-1.02999e+02 -2.14333e+02 -2.79889e+02 
-9.69650e+01 -2.00969e+02 -2.62613e+02 
-9.18462e+01 -1.88568e+02 -2.46635e+02 
-9.34581e+01 -1.83521e+02 -2.37938e+02 
-8.48448e+01 -1.67542e+02 -2.17755e+02 
-7.89940e+01 -1.54837e+02 -2.01206e+02 
-7.24187e+01 -1.41396e+02 -1.83938e+02 
-6.66053e+01 -1.30233e+02 -1.69478e+02 
-6.61578e+01 -1.23940e+02 -1.60441e+02 
-6.43205e+01 -1.16998e+02 -1.50664e+02 
-5.64023e+01 -1.04060e+02 -1.35000e+02 
-5.39302e+01 -9.71229e+01 -1.25811e+02 
-5.40280e+01 -9.32006e+01 -1.19777e+02 
-5.05387e+01 -8.63277e+01 -1.10856e+02 
-4.95914e+01 -8.17336e+01 -1.04385e+02 
-4.80425e+01 -7.40327e+01 -9.34790e+01 
-4.54653e+01 -6.68976e+01 -8.38847e+01 
-5.11720e+01 -6.84855e+01 -8.33088e+01 
-6.19560e+01 -7.39875e+01 -8.62833e+01 
-6.38840e+00  1.14829e+01  2.11052e+01 
-1.02859e+01  3.21412e+01  5.45369e+01 
-8.48339e+00  6.31201e+01  9.92013e+01 
-1.60975e+01  8.06555e+01  1.27570e+02 
-2.45665e+01  9.00461e+01  1.44219e+02 
-2.66848e+01  9.64180e+01  1.53195e+02 
-3.02612e+01  9.78120e+01  1.55357e+02 
-2.92214e+01  9.83344e+01  1.54577e+02 
-3.13211e+01  9.49453e+01  1.49895e+02 
-2.45110e+01  9.45053e+01  1.44860e+02 
-2.66314e+01  8.37192e+01  1.28816e+02 
-1.80048e+01  7.97644e+01  1.18296e+02 
-1.46021e+01  6.42404e+01  9.38088e+01 
-7.99791e+00  4.85916e+01  6.74893e+01 
-1.45341e+01  1.71428e+01  2.56593e+01 
-5.42969e+01 -4.14367e+01 -4.10680e+01 
-1.62490e+01 -3.19732e+01 -4.01474e+01 
-2.79926e+01 -6.89708e+01 -9.20915e+01 
-4.62592e+01 -1.20815e+02 -1.63717e+02 
-6.57063e+01 -1.69538e+02 -2.30686e+02 
-8.35406e+01 -2.08560e+02 -2.82123e+02 
-9.36260e+01 -2.28910e+02 -3.09525e+02 
-1.07395e+02 -2.48948e+02 -3.33002e+02 
-1.16376e+02 -2.56705e+02 -3.41448e+02 
-1.14201e+02 -2.52220e+02 -3.35195e+02 
-1.14026e+02 -2.43961e+02 -3.21807e+02 
-1.07115e+02 -2.24724e+02 -2.95459e+02 
-9.78916e+01 -2.01490e+02 -2.63819e+02 
-8.21514e+01 -1.64703e+02 -2.14908e+02 
-6.42202e+01 -1.22304e+02 -1.58917e+02 
-4.67999e+01 -7.89463e+01 -1.01828e+02 
-6.37836e+01 -7.58326e+01 -8.75818e+01 
 1.16830e+03  1.15862e+03  1.15420e+03 
 1.16821e+03  1.15823e+03  1.15339e+03 
 1.16841e+03  1.15825e+03  1.15203e+03 
 1.16822e+03  1.15813e+03  1.14894e+03 
 1.16812e+03  1.15812e+03  1.14190e+03 
 1.16849e+03  1.15836e+03  1.13378e+03 
 1.16812e+03  1.15796e+03  1.12059e+03 
 1.16799e+03  1.15810e+03  1.11193e+03 
 1.16847e+03  1.15842e+03  1.10059e+03 
 1.16838e+03  1.15836e+03  1.09365e+03 
 1.16838e+03  1.15837e+03  1.08762e+03 
 1.16821e+03  1.15826e+03  1.08074e+03 
 1.16791e+03  1.15794e+03  1.07177e+03 
 1.16854e+03  1.15827e+03  1.06561e+03 
 1.16804e+03  1.15778e+03  1.05997e+03 
 1.16797e+03  1.15764e+03  1.05211e+03 
 1.16795e+03  1.15731e+03  1.04341e+03 
 1.16664e+03  1.15385e+03  1.03385e+03 
 1.16807e+03  1.15393e+03  1.02797e+03 
 1.16825e+03  1.14950e+03  1.02034e+03 
 1.16823e+03  1.14458e+03  1.01359e+03 
 1.16823e+03  1.13429e+03  1.00523e+03 
 1.16823e+03  1.12524e+03  9.99245e+02 
 1.16809e+03  1.11526e+03  9.93504e+02 
 1.16814e+03  1.09412e+03  9.84332e+02 
 1.16825e+03  1.07865e+03  9.79067e+02 
 1.16838e+03  1.06147e+03  9.71995e+02 
 1.16809e+03  1.04617e+03  9.66528e+02 
 1.16818e+03  1.03497e+03  9.61817e+02 
 1.16809e+03  1.02394e+03  9.56586e+02 
 1.16842e+03  1.01857e+03  9.52465e+02 
 1.16813e+03  1.01996e+03  9.48837e+02 
 1.16784e+03  1.02134e+03  9.45208e+02 
 1.16754e+03  1.03158e+03  9.42045e+02 
 1.16788e+03  1.04235e+03  9.39112e+02 
 1.16788e+03  1.05862e+03  9.38326e+02 
 1.16789e+03  1.07489e+03  9.37541e+02 
 1.16812e+03  1.08609e+03  9.36866e+02 
 1.16805e+03  1.10449e+03  9.37744e+02 
 1.16802e+03  1.11853e+03  9.38697e+02 
 1.16763e+03  1.12802e+03  9.38495e+02 
 1.16753e+03  1.13801e+03  9.40046e+02 
 1.16721e+03  1.14545e+03  9.44216e+02 
 1.16546e+03  1.15001e+03  9.46991e+02 
 1.16370e+03  1.15457e+03  9.49767e+02 
 1.15796e+03  1.15683e+03  9.54253e+02 
 1.15017e+03  1.15759e+03  9.58783e+02 
 1.13467e+03  1.15789e+03  9.64472e+02 
 1.12432e+03  1.15809e+03  9.67398e+02 
 1.10453e+03  1.15801e+03  9.73047e+02 
 1.08533e+03  1.15790e+03  9.79030e+02 
 1.06429e+03  1.15806e+03  9.85963e+02 
 1.04591e+03  1.15790e+03  9.91687e+02 
 1.03241e+03  1.15800e+03  9.97492e+02 
 1.02462e+03  1.15822e+03  1.00349e+03 
 1.02162e+03  1.15822e+03  1.01181e+03 
 1.02626e+03  1.15817e+03  1.01852e+03 
 1.03888e+03  1.15856e+03  1.02572e+03 
 1.05295e+03  1.15812e+03  1.03208e+03 
 1.07179e+03  1.15823e+03  1.04018e+03 
 1.09422e+03  1.15846e+03  1.04843e+03 
 1.11165e+03  1.15849e+03  1.05277e+03 
 1.12749e+03  1.15825e+03  1.05995e+03 
 1.13957e+03  1.15848e+03  1.06650e+03 
 1.15041e+03  1.15763e+03  1.07164e+03 
 1.15850e+03  1.15766e+03  1.07776e+03 
 1.16408e+03  1.15771e+03  1.08523e+03 
 1.16615e+03  1.15736e+03  1.09100e+03 
 1.16690e+03  1.15729e+03  1.09462e+03 
 1.16804e+03  1.15793e+03  1.10216e+03 
 1.16759e+03  1.15703e+03  1.10659e+03 
 1.16800e+03  1.15764e+03  1.11047e+03 
 1.16678e+03  1.15648e+03  1.11477e+03 
 1.16761e+03  1.15710e+03  1.11785e+03 
 1.16730e+03  1.15721e+03  1.12240e+03 
 1.16735e+03  1.15693e+03  1.12524e+03 
 1.16806e+03  1.15761e+03  1.12957e+03 
 1.16772e+03  1.15747e+03  1.13233e+03 
 1.16780e+03  1.15756e+03  1.13463e+03 
 1.16805e+03  1.15773e+03  1.13742e+03 
 1.16798e+03  1.15757e+03  1.13935e+03 
 1.16772e+03  1.15749e+03  1.14144e+03 
 1.16764e+03  1.15728e+03  1.14329e+03 
 1.16749e+03  1.15713e+03  1.14438e+03 
 1.16751e+03  1.15665e+03  1.14515e+03 
 1.16730e+03  1.15704e+03  1.14618e+03 
 1.16761e+03  1.15742e+03  1.14797e+03 
 1.16742e+03  1.15705e+03  1.14825e+03 
 1.16753e+03  1.15720e+03  1.14971e+03 
 1.16764e+03  1.15752e+03  1.15108e+03 
 1.16725e+03  1.15702e+03  1.15136e+03 
 1.16691e+03  1.15642e+03  1.15138e+03 
 1.16745e+03  1.15704e+03  1.15223e+03 
 1.16751e+03  1.15707e+03  1.15228e+03 
 1.16772e+03  1.15756e+03  1.15298e+03 
 1.16774e+03  1.15729e+03  1.15279e+03 
 8.29596e+01  1.12260e+03  1.85557e+03 
 2.21934e+01  1.90727e+01 -2.63777e+02 
 3.93544e+02  9.44380e+02  1.24669e+03 
 4.37507e+00 -7.33034e+01 -3.47075e+01 
 1.00000e+00  1.00000e+00  0.00000e+00  9.99500e-01 
 0.00000e+00  9.80060e-01  9.70000e-04  9.94160e-01 
 0.00000e+00  9.60050e-01  1.97000e-03  9.88800e-01 
 0.00000e+00  9.40020e-01  2.11000e-03  9.83430e-01 
 0.00000e+00  9.20000e-01  1.41000e-03  9.78060e-01 
 0.00000e+00  9.00000e-01  1.30000e-04  9.72710e-01 
 0.00000e+00  8.59760e-01 -3.47000e-03  9.61920e-01 
 0.00000e+00  8.19630e-01 -8.23000e-03  9.51170e-01 
 0.00000e+00  7.79600e-01 -1.38600e-02  9.40440e-01 
 0.00000e+00  7.39650e-01 -2.00600e-02  9.29740e-01 
 0.00000e+00  6.99760e-01 -2.66000e-02  9.19050e-01 
 0.00000e+00  6.59880e-01 -3.32400e-02  9.08360e-01 
 0.00000e+00  5.99680e-01 -4.30500e-02  8.92240e-01 
 0.00000e+00  5.80050e-01 -4.61100e-02  8.86980e-01 
 0.00000e+00  5.40060e-01 -5.20100e-02  8.76260e-01 
 0.00000e+00  5.00000e-01 -5.73600e-02  8.65530e-01 
 0.00000e+00  5.00000e-01 -5.73600e-02  9.99500e-01 
 0.00000e+00  4.60140e-01 -6.19300e-02  9.88820e-01 
 0.00000e+00  4.20200e-01 -6.56100e-02  9.78120e-01 
 0.00000e+00  3.80180e-01 -6.82400e-02  9.67390e-01 
 0.00000e+00  3.40100e-01 -6.95900e-02  9.56660e-01 
 0.00000e+00  3.00000e-01 -6.95700e-02  9.45910e-01 
 0.00000e+00  2.79880e-01 -6.91000e-02  9.40520e-01 
 0.00000e+00  2.59770e-01 -6.83200e-02  9.35130e-01 
 0.00000e+00  2.39670e-01 -6.72200e-02  9.29750e-01 
 0.00000e+00  2.19600e-01 -6.57900e-02  9.24370e-01 
 0.00000e+00  1.99550e-01 -6.40100e-02  9.18990e-01 
 0.00000e+00  1.79530e-01 -6.18700e-02  9.13630e-01 
 0.00000e+00  1.39620e-01 -5.64500e-02  9.02940e-01 
 0.00000e+00  1.19760e-01 -5.30800e-02  8.97620e-01 
 0.00000e+00  1.00000e-01 -4.91600e-02  8.92320e-01 
 0.00000e+00  9.23100e-02 -4.74500e-02  8.90260e-01 
 0.00000e+00  8.46400e-02 -4.56300e-02  8.88200e-01 
 0.00000e+00  7.69900e-02 -4.36900e-02  8.86160e-01 
 0.00000e+00  6.93900e-02 -4.16200e-02  8.84120e-01 
 0.00000e+00  6.18200e-02 -3.93900e-02  8.82090e-01 
 0.00000e+00  5.43000e-02 -3.69900e-02  8.80080e-01 
 0.00000e+00  4.68500e-02 -3.43800e-02  8.78080e-01 
 0.00000e+00  3.94700e-02 -3.15500e-02  8.76100e-01 
 0.00000e+00  3.21800e-02 -2.84700e-02  8.74150e-01 
 0.00000e+00  2.50200e-02 -2.51100e-02  8.72230e-01 
 0.00000e+00  1.81300e-02 -2.11800e-02  8.70380e-01 
 0.00000e+00  1.17500e-02 -1.64200e-02  8.68670e-01 
 0.00000e+00  6.09000e-03 -1.07800e-02  8.67160e-01 
 0.00000e+00  1.97000e-03 -3.88000e-03  8.66050e-01 
 0.00000e+00  0.00000e+00  3.96000e-03  8.65530e-01 
 1.00000e+00  1.94000e-03  1.22400e-02  8.66050e-01 
 1.00000e+00  6.29000e-03  1.95300e-02  8.67210e-01 
 1.00000e+00  1.17700e-02  2.59600e-02  8.68680e-01 
 1.00000e+00  1.80400e-02  3.15700e-02  8.70360e-01 
 1.00000e+00  2.47900e-02  3.65600e-02  8.72170e-01 
 1.00000e+00  3.17600e-02  4.12100e-02  8.74040e-01 
 1.00000e+00  3.89200e-02  4.55500e-02  8.75960e-01 
 1.00000e+00  4.62300e-02  4.96000e-02  8.77910e-01 
 1.00000e+00  5.36700e-02  5.34000e-02  8.79910e-01 
 1.00000e+00  6.12100e-02  5.69700e-02  8.81930e-01 
 1.00000e+00  6.88500e-02  6.03300e-02  8.83970e-01 
 1.00000e+00  7.65500e-02  6.35100e-02  8.86040e-01 
 1.00000e+00  8.43200e-02  6.65300e-02  8.88120e-01 
 1.00000e+00  9.21300e-02  6.93900e-02  8.90210e-01 
 1.00000e+00  1.00000e-01  7.21100e-02  8.92320e-01 
 1.00000e+00  1.19480e-01  7.82500e-02  8.97540e-01 
 1.00000e+00  1.39150e-01  8.36800e-02  9.02810e-01 
 1.00000e+00  1.78890e-01  9.28400e-02  9.13460e-01 
 1.00000e+00  1.98910e-01  9.66400e-02  9.18820e-01 
 1.00000e+00  2.19020e-01  9.99400e-02  9.24210e-01 
 1.00000e+00  2.39190e-01  1.02770e-01  9.29620e-01 
 1.00000e+00  2.59420e-01  1.05150e-01  9.35040e-01 
 1.00000e+00  2.79690e-01  1.07090e-01  9.40470e-01 
 1.00000e+00  3.00000e-01  1.08620e-01  9.45910e-01 
 1.00000e+00  3.20010e-01  1.09710e-01  9.51270e-01 
 1.00000e+00  3.40040e-01  1.10380e-01  9.56640e-01 
 1.00000e+00  3.60080e-01  1.10600e-01  9.62010e-01 
 1.00000e+00  3.80120e-01  1.10390e-01  9.67380e-01 
 1.00000e+00  4.00150e-01  1.09770e-01  9.72740e-01 
 1.00000e+00  4.20160e-01  1.08780e-01  9.78110e-01 
 1.00000e+00  4.33500e-01  1.07920e-01  9.81680e-01 
 1.00000e+00  4.40160e-01  1.07430e-01  9.83470e-01 
 1.00000e+00  4.46820e-01  1.06910e-01  9.85250e-01 
 1.00000e+00  4.60140e-01  1.05750e-01  9.88820e-01 
 1.00000e+00  4.73440e-01  1.04450e-01  9.92380e-01 
 1.00000e+00  4.80080e-01  1.03760e-01  9.94160e-01 
 1.00000e+00  4.86730e-01  1.03020e-01  9.95940e-01 
 1.00000e+00  5.00000e-01  1.01460e-01  9.99500e-01 
 1.00000e+00  5.00000e-01  1.01460e-01  8.65530e-01 
 1.00000e+00  5.40420e-01  9.59700e-02  8.76360e-01 
 1.00000e+00  5.80710e-01  8.95200e-02  8.87150e-01 
 1.00000e+00  6.60900e-01  7.42600e-02  9.08640e-01 
 1.00000e+00  7.00830e-01  6.57400e-02  9.19340e-01 
 1.00000e+00  7.40680e-01  5.68200e-02  9.30020e-01 
 1.00000e+00  7.80490e-01  4.77000e-02  9.40680e-01 
 1.00000e+00  8.20290e-01  3.85300e-02  9.51350e-01 
 1.00000e+00  8.60110e-01  2.95100e-02  9.62020e-01 
 1.00000e+00  9.00000e-01  2.07700e-02  9.72710e-01 
 1.00000e+00  9.14240e-01  1.77000e-02  9.76520e-01 
 1.00000e+00  9.28500e-01  1.47200e-02  9.80340e-01 
 1.00000e+00  9.42790e-01  1.18900e-02  9.84170e-01 
 1.00000e+00  9.57110e-01  9.27000e-03  9.88010e-01 
 1.00000e+00  9.71460e-01  6.79000e-03  9.91850e-01 
 1.00000e+00  9.85800e-01  4.22000e-03  9.95690e-01 
 0.00000e+00 -2.85000e+00 -1.50000e+00  7.27000e-01 
 0.00000e+00 -2.55000e+00 -1.50000e+00  7.27000e-01 
 0.00000e+00 -2.35000e+00 -1.50000e+00  7.27000e-01 
 0.00000e+00 -2.15000e+00 -1.50000e+00  7.27000e-01 
 0.00000e+00 -1.95000e+00 -1.50000e+00  7.27000e-01 
 0.00000e+00 -1.85000e+00 -1.50000e+00  7.27000e-01 
 0.00000e+00 -1.75000e+00 -1.50000e+00  7.27000e-01 
 0.00000e+00 -1.65000e+00 -1.50000e+00  7.27000e-01 
 0.00000e+00 -1.55000e+00 -1.50000e+00  7.27000e-01 
 0.00000e+00 -1.45000e+00 -1.50000e+00  7.27000e-01 
 0.00000e+00 -1.35000e+00 -1.50000e+00  7.27000e-01 
 0.00000e+00 -1.25000e+00 -1.50000e+00  7.27000e-01 
 0.00000e+00 -1.15000e+00 -1.50000e+00  7.27000e-01 
 0.00000e+00 -1.05000e+00 -1.50000e+00  7.27000e-01 
 0.00000e+00 -9.50000e-01 -1.50000e+00  7.27000e-01 
 0.00000e+00 -8.50000e-01 -1.50000e+00  7.27000e-01 
 0.00000e+00 -7.50000e-01 -1.50000e+00  7.27000e-01 
 0.00000e+00 -6.50000e-01 -1.50000e+00  7.27000e-01 
 0.00000e+00 -5.50000e-01 -1.50000e+00  7.27000e-01 
 0.00000e+00 -4.50000e-01 -1.50000e+00  7.27000e-01 
 0.00000e+00 -3.50000e-01 -1.50000e+00  7.27000e-01 
 0.00000e+00 -2.50000e-01 -1.50000e+00  7.27000e-01 
 0.00000e+00 -1.50000e-01 -1.50000e+00  7.27000e-01 
 0.00000e+00 -5.00000e-02 -1.50000e+00  7.27000e-01 
 0.00000e+00  5.00000e-02 -1.50000e+00  7.27000e-01 
 0.00000e+00  1.50000e-01 -1.50000e+00  7.27000e-01 
 0.00000e+00  2.50000e-01 -1.50000e+00  7.27000e-01 
 0.00000e+00  3.50000e-01 -1.50000e+00  7.27000e-01 
 0.00000e+00  4.50000e-01 -1.50000e+00  7.27000e-01 
 0.00000e+00  5.50000e-01 -1.50000e+00  7.27000e-01 
 0.00000e+00  6.50000e-01 -1.50000e+00  7.27000e-01 
 0.00000e+00  7.50000e-01 -1.50000e+00  7.27000e-01 
 0.00000e+00  8.50000e-01 -1.50000e+00  7.27000e-01 
 0.00000e+00  9.50000e-01 -1.50000e+00  7.27000e-01 
 0.00000e+00  1.05000e+00 -1.50000e+00  7.27000e-01 
 0.00000e+00  1.15000e+00 -1.50000e+00  7.27000e-01 
 0.00000e+00  1.25000e+00 -1.50000e+00  7.27000e-01 
 0.00000e+00  1.35000e+00 -1.50000e+00  7.27000e-01 
 0.00000e+00  1.45000e+00 -1.50000e+00  7.27000e-01 
 0.00000e+00  1.55000e+00 -1.50000e+00  7.27000e-01 
 0.00000e+00  1.65000e+00 -1.50000e+00  7.27000e-01 
 0.00000e+00  1.75000e+00 -1.50000e+00  7.27000e-01 
 0.00000e+00  1.85000e+00 -1.50000e+00  7.27000e-01 
 0.00000e+00  1.95000e+00 -1.50000e+00  7.27000e-01 
 0.00000e+00  2.15000e+00 -1.50000e+00  7.27000e-01 
 0.00000e+00  2.35000e+00 -1.50000e+00  7.27000e-01 
 0.00000e+00  2.55000e+00 -1.50000e+00  7.27000e-01 
 0.00000e+00  2.85000e+00 -1.50000e+00  7.27000e-01 
 1.00000e+00 -2.85000e+00  1.50000e+00  7.27000e-01 
 1.00000e+00 -2.55000e+00  1.50000e+00  7.27000e-01 
 1.00000e+00 -2.35000e+00  1.50000e+00  7.27000e-01 
 1.00000e+00 -2.15000e+00  1.50000e+00  7.27000e-01 
 1.00000e+00 -1.95000e+00  1.50000e+00  7.27000e-01 
 1.00000e+00 -1.85000e+00  1.50000e+00  7.27000e-01 
 1.00000e+00 -1.75000e+00  1.50000e+00  7.27000e-01 
 1.00000e+00 -1.65000e+00  1.50000e+00  7.27000e-01 
 1.00000e+00 -1.55000e+00  1.50000e+00  7.27000e-01 
 1.00000e+00 -1.45000e+00  1.50000e+00  7.27000e-01 
 1.00000e+00 -1.35000e+00  1.50000e+00  7.27000e-01 
 1.00000e+00 -1.25000e+00  1.50000e+00  7.27000e-01 
 1.00000e+00 -1.15000e+00  1.50000e+00  7.27000e-01 
 1.00000e+00 -1.05000e+00  1.50000e+00  7.27000e-01 
 1.00000e+00 -9.50000e-01  1.50000e+00  7.27000e-01 
 1.00000e+00 -8.50000e-01  1.50000e+00  7.27000e-01 
 1.00000e+00 -7.50000e-01  1.50000e+00  7.27000e-01 
 1.00000e+00 -6.50000e-01  1.50000e+00  7.27000e-01 
 1.00000e+00 -5.50000e-01  1.50000e+00  7.27000e-01 
 1.00000e+00 -4.50000e-01  1.50000e+00  7.27000e-01 
 1.00000e+00 -3.50000e-01  1.50000e+00  7.27000e-01 
 1.00000e+00 -2.50000e-01  1.50000e+00  7.27000e-01 
 1.00000e+00 -1.50000e-01  1.50000e+00  7.27000e-01 
 1.00000e+00 -5.00000e-02  1.50000e+00  7.27000e-01 
 1.00000e+00  5.00000e-02  1.50000e+00  7.27000e-01 
 1.00000e+00  1.50000e-01  1.50000e+00  7.27000e-01 
 1.00000e+00  2.50000e-01  1.50000e+00  7.27000e-01 
 1.00000e+00  3.50000e-01  1.50000e+00  7.27000e-01 
 1.00000e+00  4.50000e-01  1.50000e+00  7.27000e-01 
 1.00000e+00  5.50000e-01  1.50000e+00  7.27000e-01 
 1.00000e+00  6.50000e-01  1.50000e+00  7.27000e-01 
 1.00000e+00  7.50000e-01  1.50000e+00  7.27000e-01 
 1.00000e+00  8.50000e-01  1.50000e+00  7.27000e-01 
 1.00000e+00  9.50000e-01  1.50000e+00  7.27000e-01 
 1.00000e+00  1.05000e+00  1.50000e+00  7.27000e-01 
 1.00000e+00  1.15000e+00  1.50000e+00  7.27000e-01 
 1.00000e+00  1.25000e+00  1.50000e+00  7.27000e-01 
 1.00000e+00  1.35000e+00  1.50000e+00  7.27000e-01 
 1.00000e+00  1.45000e+00  1.50000e+00  7.27000e-01 
 1.00000e+00  1.55000e+00  1.50000e+00  7.27000e-01 
 1.00000e+00  1.65000e+00  1.50000e+00  7.27000e-01 
 1.00000e+00  1.75000e+00  1.50000e+00  7.27000e-01 
 1.00000e+00  1.85000e+00  1.50000e+00  7.27000e-01 
 1.00000e+00  1.95000e+00  1.50000e+00  7.27000e-01 
 1.00000e+00  2.15000e+00  1.50000e+00  7.27000e-01 
 1.00000e+00  2.35000e+00  1.50000e+00  7.27000e-01 
 1.00000e+00  2.55000e+00  1.50000e+00  7.27000e-01 
 1.00000e+00  2.85000e+00  1.50000e+00  7.27000e-01 
 2.00000e+00 -2.85000e+00 -1.50000e+00  1.26700e+00 
 2.00000e+00 -1.95000e+00 -1.50000e+00  1.26700e+00 
 2.00000e+00 -1.35000e+00 -1.50000e+00  1.26700e+00 
 2.00000e+00 -9.50000e-01 -1.50000e+00  1.26700e+00 
 2.00000e+00 -6.50000e-01 -1.50000e+00  1.26700e+00 
 2.00000e+00 -4.50000e-01 -1.50000e+00  1.26700e+00 
 2.00000e+00 -2.50000e-01 -1.50000e+00  1.26700e+00 
 2.00000e+00 -5.00000e-02 -1.50000e+00  1.26700e+00 
 2.00000e+00  5.00000e-02 -1.50000e+00  1.26700e+00 
 2.00000e+00  2.50000e-01 -1.50000e+00  1.26700e+00 
 2.00000e+00  4.50000e-01 -1.50000e+00  1.26700e+00 
 2.00000e+00  6.50000e-01 -1.50000e+00  1.26700e+00 
 2.00000e+00  9.50000e-01 -1.50000e+00  1.26700e+00 
 2.00000e+00  1.35000e+00 -1.50000e+00  1.26700e+00 
 2.00000e+00  1.95000e+00 -1.50000e+00  1.26700e+00 
 2.00000e+00  2.85000e+00 -1.50000e+00  1.26700e+00 
 3.00000e+00 -2.85000e+00  1.50000e+00  1.26700e+00 
 3.00000e+00 -1.95000e+00  1.50000e+00  1.26700e+00 
 3.00000e+00 -1.35000e+00  1.50000e+00  1.26700e+00 
 3.00000e+00 -9.50000e-01  1.50000e+00  1.26700e+00 
 3.00000e+00 -6.50000e-01  1.50000e+00  1.26700e+00 
 3.00000e+00 -4.50000e-01  1.50000e+00  1.26700e+00 
 3.00000e+00 -2.50000e-01  1.50000e+00  1.26700e+00 
 3.00000e+00 -5.00000e-02  1.50000e+00  1.26700e+00 
 3.00000e+00  5.00000e-02  1.50000e+00  1.26700e+00 
 3.00000e+00  2.50000e-01  1.50000e+00  1.26700e+00 
 3.00000e+00  4.50000e-01  1.50000e+00  1.26700e+00 
 3.00000e+00  6.50000e-01  1.50000e+00  1.26700e+00 
 3.00000e+00  9.50000e-01  1.50000e+00  1.26700e+00 
 3.00000e+00  1.35000e+00  1.50000e+00  1.26700e+00 
 3.00000e+00  1.95000e+00  1.50000e+00  1.26700e+00 
 3.00000e+00  2.85000e+00  1.50000e+00  1.26700e+00 
 0.00000e+00  2.70000e+00 -3.47500e-01  0.00000e+00 
 0.00000e+00  2.70000e+00 -3.17500e-01  0.00000e+00 
 0.00000e+00  2.70000e+00 -2.87500e-01  0.00000e+00 
 0.00000e+00  2.70000e+00 -2.67500e-01  0.00000e+00 
 0.00000e+00  2.70000e+00 -2.47500e-01  0.00000e+00 
 0.00000e+00  2.70000e+00 -2.32500e-01  0.00000e+00 
 0.00000e+00  2.70000e+00 -2.17500e-01  0.00000e+00 
 0.00000e+00  2.70000e+00 -2.07500e-01  0.00000e+00 
 0.00000e+00  2.70000e+00 -1.97500e-01  0.00000e+00 
 0.00000e+00  2.70000e+00 -1.92500e-01  0.00000e+00 
 0.00000e+00  2.70000e+00 -1.87500e-01  0.00000e+00 
 0.00000e+00  2.70000e+00 -1.82500e-01  0.00000e+00 
 0.00000e+00  2.70000e+00 -1.77500e-01  0.00000e+00 
 0.00000e+00  2.70000e+00 -1.72500e-01  0.00000e+00 
 0.00000e+00  2.70000e+00 -1.67500e-01  0.00000e+00 
 0.00000e+00  2.70000e+00 -1.62500e-01  0.00000e+00 
 0.00000e+00  2.70000e+00 -1.57500e-01  0.00000e+00 
 0.00000e+00  2.70000e+00 -1.52500e-01  0.00000e+00 
 0.00000e+00  2.70000e+00 -1.47500e-01  0.00000e+00 
 0.00000e+00  2.70000e+00 -1.42500e-01  0.00000e+00 
 0.00000e+00  2.70000e+00 -1.37500e-01  0.00000e+00 
 0.00000e+00  2.70000e+00 -1.32500e-01  0.00000e+00 
 0.00000e+00  2.70000e+00 -1.27500e-01  0.00000e+00 
 0.00000e+00  2.70000e+00 -1.22500e-01  0.00000e+00 
 0.00000e+00  2.70000e+00 -1.17500e-01  0.00000e+00 
 0.00000e+00  2.70000e+00 -1.12500e-01  0.00000e+00 
 0.00000e+00  2.70000e+00 -1.07500e-01  0.00000e+00 
 0.00000e+00  2.70000e+00 -1.02500e-01  0.00000e+00 
 0.00000e+00  2.70000e+00 -9.75000e-02  0.00000e+00 
 0.00000e+00  2.70000e+00 -9.25000e-02  0.00000e+00 
 0.00000e+00  2.70000e+00 -8.75000e-02  0.00000e+00 
 0.00000e+00  2.70000e+00 -8.25000e-02  0.00000e+00 
 0.00000e+00  2.70000e+00 -7.75000e-02  0.00000e+00 
 0.00000e+00  2.70000e+00 -7.25000e-02  0.00000e+00 
 0.00000e+00  2.70000e+00 -6.75000e-02  0.00000e+00 
 0.00000e+00  2.70000e+00 -6.25000e-02  0.00000e+00 
 0.00000e+00  2.70000e+00 -5.75000e-02  0.00000e+00 
 0.00000e+00  2.70000e+00 -5.25000e-02  0.00000e+00 
 0.00000e+00  2.70000e+00 -4.75000e-02  0.00000e+00 
 0.00000e+00  2.70000e+00 -4.25000e-02  0.00000e+00 
 0.00000e+00  2.70000e+00 -3.75000e-02  0.00000e+00 
 0.00000e+00  2.70000e+00 -3.25000e-02  0.00000e+00 
 0.00000e+00  2.70000e+00 -2.75000e-02  0.00000e+00 
 0.00000e+00  2.70000e+00 -2.25000e-02  0.00000e+00 
 0.00000e+00  2.70000e+00 -1.75000e-02  0.00000e+00 
 0.00000e+00  2.70000e+00 -1.25000e-02  0.00000e+00 
 0.00000e+00  2.70000e+00 -7.50000e-03  0.00000e+00 
 0.00000e+00  2.70000e+00 -2.50000e-03  0.00000e+00 
 0.00000e+00  2.70000e+00  2.50000e-03  0.00000e+00 
 0.00000e+00  2.70000e+00  7.50000e-03  0.00000e+00 
 0.00000e+00  2.70000e+00  1.25000e-02  0.00000e+00 
 0.00000e+00  2.70000e+00  1.75000e-02  0.00000e+00 
 0.00000e+00  2.70000e+00  2.25000e-02  0.00000e+00 
 0.00000e+00  2.70000e+00  2.75000e-02  0.00000e+00 
 0.00000e+00  2.70000e+00  3.25000e-02  0.00000e+00 
 0.00000e+00  2.70000e+00  3.75000e-02  0.00000e+00 
 0.00000e+00  2.70000e+00  4.25000e-02  0.00000e+00 
 0.00000e+00  2.70000e+00  4.75000e-02  0.00000e+00 
 0.00000e+00  2.70000e+00  5.25000e-02  0.00000e+00 
 0.00000e+00  2.70000e+00  5.75000e-02  0.00000e+00 
 0.00000e+00  2.70000e+00  6.25000e-02  0.00000e+00 
 0.00000e+00  2.70000e+00  6.75000e-02  0.00000e+00 
 0.00000e+00  2.70000e+00  7.25000e-02  0.00000e+00 
 0.00000e+00  2.70000e+00  7.75000e-02  0.00000e+00 
 0.00000e+00  2.70000e+00  8.25000e-02  0.00000e+00 
 0.00000e+00  2.70000e+00  8.75000e-02  0.00000e+00 
 0.00000e+00  2.70000e+00  9.25000e-02  0.00000e+00 
 0.00000e+00  2.70000e+00  9.75000e-02  0.00000e+00 
 0.00000e+00  2.70000e+00  1.02500e-01  0.00000e+00 
 0.00000e+00  2.70000e+00  1.07500e-01  0.00000e+00 
 0.00000e+00  2.70000e+00  1.12500e-01  0.00000e+00 
 0.00000e+00  2.70000e+00  1.17500e-01  0.00000e+00 
 0.00000e+00  2.70000e+00  1.22500e-01  0.00000e+00 
 0.00000e+00  2.70000e+00  1.27500e-01  0.00000e+00 
 0.00000e+00  2.70000e+00  1.32500e-01  0.00000e+00 
 0.00000e+00  2.70000e+00  1.37500e-01  0.00000e+00 
 0.00000e+00  2.70000e+00  1.42500e-01  0.00000e+00 
 0.00000e+00  2.70000e+00  1.47500e-01  0.00000e+00 
 0.00000e+00  2.70000e+00  1.52500e-01  0.00000e+00 
 0.00000e+00  2.70000e+00  1.57500e-01  0.00000e+00 
 0.00000e+00  2.70000e+00  1.62500e-01  0.00000e+00 
 0.00000e+00  2.70000e+00  1.67500e-01  0.00000e+00 
 0.00000e+00  2.70000e+00  1.72500e-01  0.00000e+00 
 0.00000e+00  2.70000e+00  1.77500e-01  0.00000e+00 
 0.00000e+00  2.70000e+00  1.82500e-01  0.00000e+00 
 0.00000e+00  2.70000e+00  1.87500e-01  0.00000e+00 
 0.00000e+00  2.70000e+00  1.92500e-01  0.00000e+00 
 0.00000e+00  2.70000e+00  1.97500e-01  0.00000e+00 
 0.00000e+00  2.70000e+00  2.07500e-01  0.00000e+00 
 0.00000e+00  2.70000e+00  2.17500e-01  0.00000e+00 
 0.00000e+00  2.70000e+00  2.32500e-01  0.00000e+00 
 0.00000e+00  2.70000e+00  2.47500e-01  0.00000e+00 
 0.00000e+00  2.70000e+00  2.67500e-01  0.00000e+00 
 0.00000e+00  2.70000e+00  2.87500e-01  0.00000e+00 
 0.00000e+00  2.70000e+00  3.17500e-01  0.00000e+00 
 0.00000e+00  2.70000e+00  3.47500e-01  0.00000e+00 
