-3.35999e-02  6.97011e+00  1.09681e+01 
 5.87927e+01  5.83826e+01  5.81810e+01 
 2.03767e+01  2.07807e+01  2.14303e+01 
 3.90955e+06  3.87335e+06  3.84547e+06 
 2.08616e+03  2.05460e+03  2.03625e+03 
 1.02125e+05  1.02139e+05  1.02156e+05 
 3.12154e+02  1.62797e+02 -4.18669e+02 
 4.68251e+02  4.48096e+02  1.48399e+02 
 5.62467e+02  5.92263e+02  3.72241e+02 
 5.72746e+02  6.27660e+02  4.54647e+02 
 5.54978e+02  6.27988e+02  4.83265e+02 
 5.24192e+02  6.12735e+02  4.87586e+02 
 4.54288e+02  5.73656e+02  4.86305e+02 
 3.72919e+02  5.26752e+02  4.68260e+02 
 2.92041e+02  4.82734e+02  4.57680e+02 
 1.89585e+02  4.19498e+02  4.19736e+02 
 7.40117e+01  3.49135e+02  3.31667e+02 
-3.48728e+01  2.95586e+02  2.98378e+02 
-1.89107e+02  1.60724e+02  2.53762e+02 
-2.41603e+02  1.32312e+02  2.34450e+02 
-3.48533e+02  9.26543e+01  2.18204e+02 
-4.94811e+02  2.68902e+01  1.77336e+02 
-4.74482e+02  2.85027e+01  1.80387e+02 
-6.09600e+02 -1.53270e+01  1.69928e+02 
-7.59829e+02 -3.28655e+01  1.81865e+02 
-8.42120e+02 -4.52675e+01  2.08078e+02 
-9.00195e+02 -2.04273e+01  2.66872e+02 
-9.05433e+02  5.56103e+01  3.73817e+02 
-9.04562e+02  9.70236e+01  4.29257e+02 
-8.72020e+02  1.63524e+02  5.07823e+02 
-8.33297e+02  2.41957e+02  5.97896e+02 
-8.22284e+02  3.01258e+02  6.73622e+02 
-7.83745e+02  3.81244e+02  7.64958e+02 
-7.75612e+02  4.63410e+02  8.63081e+02 
-7.79405e+02  6.32437e+02  1.06858e+03 
-7.41007e+02  7.58374e+02  1.20541e+03 
-6.96264e+02  9.00529e+02  1.35425e+03 
-6.66737e+02  9.73241e+02  1.42329e+03 
-6.51587e+02  1.03372e+03  1.48650e+03 
-6.20571e+02  1.10912e+03  1.55760e+03 
-5.74067e+02  1.20352e+03  1.64001e+03 
-5.57941e+02  1.27431e+03  1.70570e+03 
-5.05976e+02  1.37395e+03  1.78654e+03 
-4.32296e+02  1.48833e+03  1.86597e+03 
-3.48015e+02  1.61028e+03  1.93922e+03 
-2.55278e+02  1.74485e+03  1.99312e+03 
-1.96762e+02  1.86936e+03  2.00858e+03 
-9.35939e+00  1.99986e+03  1.91239e+03 
 3.74898e+02  2.02072e+03  1.53930e+03 
 9.81472e+02  1.73504e+03  5.43101e+02 
 1.77843e+03  5.06936e+02 -1.98420e+03 
 2.05435e+03 -2.41339e+03 -6.74158e+03 
 1.51804e+03 -4.19026e+03 -8.42931e+03 
 8.67972e+02 -4.64709e+03 -8.26132e+03 
 3.30911e+02 -4.84388e+03 -7.95647e+03 
-1.76016e+01 -4.71141e+03 -7.42106e+03 
-2.29463e+02 -4.46479e+03 -6.95466e+03 
-4.11459e+02 -4.31974e+03 -6.26342e+03 
-5.67082e+02 -4.21628e+03 -5.75150e+03 
-7.05015e+02 -4.13179e+03 -5.63414e+03 
-8.20402e+02 -4.06102e+03 -5.45161e+03 
-9.24853e+02 -4.00765e+03 -5.34013e+03 
-1.00802e+03 -3.94646e+03 -5.18399e+03 
-1.08041e+03 -3.88601e+03 -5.05097e+03 
-1.14748e+03 -3.83367e+03 -4.94794e+03 
-1.21073e+03 -3.78963e+03 -4.83573e+03 
-1.26421e+03 -3.74635e+03 -4.71869e+03 
-1.38996e+03 -3.61126e+03 -4.52286e+03 
-1.47019e+03 -3.42679e+03 -4.29325e+03 
-1.68706e+03 -3.48787e+03 -4.10377e+03 
-1.75238e+03 -3.45115e+03 -3.96809e+03 
-1.81771e+03 -3.41444e+03 -3.83241e+03 
-1.70268e+03 -3.16682e+03 -3.57066e+03 
-1.80061e+03 -3.18734e+03 -3.51922e+03 
-1.82224e+03 -3.12984e+03 -3.40348e+03 
-1.85320e+03 -3.08598e+03 -3.29778e+03 
-1.85277e+03 -3.01571e+03 -3.17122e+03 
-1.85227e+03 -2.94522e+03 -3.04218e+03 
-1.82693e+03 -2.85065e+03 -2.88839e+03 
-1.78091e+03 -2.73671e+03 -2.71819e+03 
-1.76071e+03 -2.64371e+03 -2.56074e+03 
-1.69816e+03 -2.51134e+03 -2.37398e+03 
-1.66662e+03 -2.43893e+03 -2.25769e+03 
-1.64599e+03 -2.39941e+03 -2.19606e+03 
-1.61778e+03 -2.35867e+03 -2.13416e+03 
-1.56186e+03 -2.28360e+03 -2.01363e+03 
-1.52153e+03 -2.19994e+03 -1.88526e+03 
-1.50204e+03 -2.15999e+03 -1.82466e+03 
-1.47203e+03 -2.11354e+03 -1.76025e+03 
-1.42387e+03 -2.03008e+03 -1.63743e+03 
-1.39558e+03 -2.02516e+03 -1.60705e+03 
-1.26684e+03 -1.78414e+03 -1.24589e+03 
-1.14835e+03 -1.55884e+03 -9.86128e+02 
-8.08763e+02 -1.07949e+03 -7.87249e+02 
-6.48015e+02 -8.67619e+02 -7.63271e+02 
-4.87266e+02 -6.55751e+02 -7.39292e+02 
-3.44319e+02 -4.78794e+02 -7.09584e+02 
-2.14771e+02 -3.10218e+02 -6.77687e+02 
-9.33656e+01 -1.82292e+02 -6.43691e+02 
 3.34108e+01 -5.56322e+01 -6.13099e+02 
 7.51109e+01 -1.69713e+01 -6.02178e+02 
 1.17374e+02  1.90175e+01 -5.90730e+02 
 1.53501e+02  5.28277e+01 -5.78347e+02 
 1.82235e+02  8.42292e+01 -5.65073e+02 
 2.05303e+02  1.14639e+02 -5.47874e+02 
 2.31040e+02  1.39031e+02 -5.22271e+02 
-2.09732e+01  1.17812e+01  1.87541e+01 
-3.66693e+01  8.38624e+00  1.95354e+01 
-3.36645e+01  2.14473e+01  3.56537e+01 
-2.53045e+01  4.16353e+01  5.90208e+01 
-2.29072e+01  5.83748e+01  7.99724e+01 
-2.23141e+01  6.69919e+01  9.10831e+01 
-2.27577e+01  7.55522e+01  1.02266e+02 
-3.15109e+01  7.77690e+01  1.07695e+02 
-2.70373e+01  9.20882e+01  1.24496e+02 
-2.25638e+01  1.06407e+02  1.41297e+02 
-1.75227e+01  1.22293e+02  1.59883e+02 
-1.28016e+01  1.38354e+02  1.78792e+02 
-1.90191e+01  1.45343e+02  1.89087e+02 
-1.55384e+01  1.59915e+02  2.06332e+02 
-1.92335e+01  1.69240e+02  2.18145e+02 
-2.23142e+01  1.78109e+02  2.29501e+02 
-4.56547e+01  1.71257e+02  2.26644e+02 
-3.60832e+01  1.87948e+02  2.44133e+02 
-4.48082e+01  1.89730e+02  2.47686e+02 
-4.09768e+01  1.99694e+02  2.58191e+02 
-3.77750e+01  2.07220e+02  2.65324e+02 
-4.34186e+01  2.06036e+02  2.64362e+02 
-4.70517e+01  2.03994e+02  2.61172e+02 
-4.35503e+01  2.03998e+02  2.58882e+02 
-4.00489e+01  2.04002e+02  2.56592e+02 
-3.51709e+01  2.02505e+02  2.51892e+02 
-2.96325e+01  1.99973e+02  2.45736e+02 
-3.12867e+01  1.89385e+02  2.31829e+02 
-2.65845e+01  1.83744e+02  2.21812e+02 
-2.20234e+01  1.76121e+02  2.10308e+02 
-2.25706e+01  1.63953e+02  1.94497e+02 
-2.77982e+01  1.47297e+02  1.74160e+02 
-3.13750e+01  1.31503e+02  1.55076e+02 
-2.33040e+01  1.26427e+02  1.46732e+02 
-3.00594e+01  1.08302e+02  1.25431e+02 
-2.25232e+01  1.03421e+02  1.17379e+02 
-2.22410e+01  9.24352e+01  1.03895e+02 
-2.48280e+01  7.93040e+01  8.81154e+01 
-2.26859e+01  7.18237e+01  7.84203e+01 
-2.28408e+01  6.24092e+01  6.69949e+01 
-1.96457e+01  5.69766e+01  5.96258e+01 
-2.33365e+01  4.59039e+01  4.66252e+01 
-2.69039e+01  3.51774e+01  3.42257e+01 
-3.78418e+01  1.81435e+01  1.56858e+01 
-4.78866e+01 -3.37840e+00 -8.65072e+00 
-7.24163e+01 -3.70065e+01 -4.45647e+01 
-8.93625e+01 -6.18225e+01 -7.13011e+01 
-1.14395e+02 -9.55145e+01 -1.07288e+02 
-5.50306e+01 -8.93061e+01 -1.03903e+02 
-6.17689e+01 -1.08476e+02 -1.27025e+02 
-6.71834e+01 -1.24652e+02 -1.47053e+02 
-7.13189e+01 -1.41783e+02 -1.68575e+02 
-8.46033e+01 -1.71516e+02 -2.04020e+02 
-8.94207e+01 -1.85262e+02 -2.20746e+02 
-9.44186e+01 -2.00186e+02 -2.39378e+02 
-1.03701e+02 -2.20435e+02 -2.63433e+02 
-1.11554e+02 -2.40241e+02 -2.87751e+02 
-1.30362e+02 -2.72958e+02 -3.25667e+02 
-1.39805e+02 -2.96558e+02 -3.54592e+02 
-1.42179e+02 -3.13173e+02 -3.76775e+02 
-1.52449e+02 -3.38289e+02 -4.08328e+02 
-1.62213e+02 -3.64285e+02 -4.40498e+02 
-1.68945e+02 -3.86305e+02 -4.68336e+02 
-1.86881e+02 -4.21201e+02 -5.10121e+02 
-1.99193e+02 -4.49635e+02 -5.45044e+02 
-2.07884e+02 -4.71834e+02 -5.72854e+02 
-2.19211e+02 -4.95318e+02 -6.01359e+02 
-2.35089e+02 -5.21924e+02 -6.32581e+02 
-2.49284e+02 -5.43857e+02 -6.57529e+02 
-2.59000e+02 -5.58220e+02 -6.73604e+02 
-2.73304e+02 -5.75315e+02 -6.92084e+02 
-2.73452e+02 -5.71759e+02 -6.87547e+02 
-2.79511e+02 -5.72827e+02 -6.87287e+02 
-2.74765e+02 -5.59373e+02 -6.70835e+02 
-2.67845e+02 -5.41307e+02 -6.49525e+02 
-2.71695e+02 -5.34690e+02 -6.39423e+02 
-2.49121e+02 -4.96140e+02 -5.96023e+02 
-2.42180e+02 -4.74947e+02 -5.70110e+02 
-2.28792e+02 -4.46113e+02 -5.36342e+02 
-2.16972e+02 -4.18714e+02 -5.03728e+02 
-2.20517e+02 -4.07970e+02 -4.88099e+02 
-2.00864e+02 -3.73059e+02 -4.47965e+02 
-1.87137e+02 -3.46912e+02 -4.15636e+02 
-1.73912e+02 -3.18925e+02 -3.82975e+02 
-1.60108e+02 -2.93178e+02 -3.54378e+02 
-1.57350e+02 -2.79119e+02 -3.35975e+02 
-1.52977e+02 -2.63857e+02 -3.16729e+02 
-1.36034e+02 -2.37000e+02 -2.86485e+02 
-1.30308e+02 -2.22532e+02 -2.68905e+02 
-1.30238e+02 -2.14228e+02 -2.57984e+02 
-1.22557e+02 -1.99527e+02 -2.40586e+02 
-1.20430e+02 -1.90516e+02 -2.29278e+02 
-1.18248e+02 -1.75804e+02 -2.10613e+02 
-1.09363e+02 -1.57846e+02 -1.89564e+02 
-1.19444e+02 -1.59532e+02 -1.88534e+02 
-1.37117e+02 -1.67019e+02 -1.92610e+02 
-2.87836e+01  3.94511e+00  1.09976e+01 
-2.80787e+01  5.39279e+01  7.57677e+01 
-1.41394e+01  1.25245e+02  1.62499e+02 
-2.07910e+01  1.67837e+02  2.17071e+02 
-3.13241e+01  1.92429e+02  2.48468e+02 
-3.25639e+01  2.07062e+02  2.65272e+02 
-3.72215e+01  2.11355e+02  2.69281e+02 
-3.40639e+01  2.12732e+02  2.67486e+02 
-3.86062e+01  2.05542e+02  2.58331e+02 
-2.82692e+01  2.01290e+02  2.47472e+02 
-3.70791e+01  1.75140e+02  2.14262e+02 
-2.35691e+01  1.63150e+02  1.94041e+02 
-2.40636e+01  1.25772e+02  1.46210e+02 
-1.68248e+01  8.71866e+01  9.64019e+01 
-3.75314e+01  1.82501e+01  1.57950e+01 
-1.17078e+02 -9.80100e+01 -1.09932e+02 
-5.73969e+01 -9.12899e+01 -1.06097e+02 
-8.40344e+01 -1.70578e+02 -2.03301e+02 
-1.25472e+02 -2.81103e+02 -3.38710e+02 
-1.71107e+02 -3.90097e+02 -4.73205e+02 
-2.09873e+02 -4.73229e+02 -5.74487e+02 
-2.31787e+02 -5.17975e+02 -6.28529e+02 
-2.58705e+02 -5.57816e+02 -6.73978e+02 
-2.75589e+02 -5.73535e+02 -6.89707e+02 
-2.71176e+02 -5.64469e+02 -6.79234e+02 
-2.68494e+02 -5.43866e+02 -6.52677e+02 
-2.51943e+02 -5.00976e+02 -6.01397e+02 
-2.30676e+02 -4.49370e+02 -5.39276e+02 
-1.95271e+02 -3.68631e+02 -4.43735e+02 
-1.53684e+02 -2.75262e+02 -3.32210e+02 
-1.14590e+02 -1.84930e+02 -2.24058e+02 
-1.39850e+02 -1.69728e+02 -1.94483e+02 
 2.10304e+03  2.06476e+03  2.02328e+03 
 2.10339e+03  2.06510e+03  2.02088e+03 
 2.10318e+03  2.06501e+03  2.00935e+03 
 2.10285e+03  2.06469e+03  1.98986e+03 
 2.10355e+03  2.06499e+03  1.95745e+03 
 2.10340e+03  2.06504e+03  1.92486e+03 
 2.10316e+03  2.06418e+03  1.88223e+03 
 2.10303e+03  2.06198e+03  1.85782e+03 
 2.10293e+03  2.05563e+03  1.83311e+03 
 2.10346e+03  2.05043e+03  1.82309e+03 
 2.10344e+03  2.04375e+03  1.81386e+03 
 2.10323e+03  2.03316e+03  1.80406e+03 
 2.10276e+03  2.01896e+03  1.79444e+03 
 2.10318e+03  2.00447e+03  1.79008e+03 
 2.10329e+03  1.99031e+03  1.78625e+03 
 2.10317e+03  1.96721e+03  1.78129e+03 
 2.10285e+03  1.94291e+03  1.77779e+03 
 2.09924e+03  1.91249e+03  1.77207e+03 
 2.10349e+03  1.89342e+03  1.77659e+03 
 2.10330e+03  1.86607e+03  1.77728e+03 
 2.10291e+03  1.84564e+03  1.77781e+03 
 2.10327e+03  1.82050e+03  1.78001e+03 
 2.10345e+03  1.80690e+03  1.78343e+03 
 2.10345e+03  1.79634e+03  1.78506e+03 
 2.10362e+03  1.78293e+03  1.78825e+03 
 2.10370e+03  1.77916e+03  1.79249e+03 
 2.10388e+03  1.78139e+03  1.79856e+03 
 2.10343e+03  1.78776e+03  1.80012e+03 
 2.10337e+03  1.79643e+03  1.80370e+03 
 2.10303e+03  1.81177e+03  1.80645e+03 
 2.10385e+03  1.83164e+03  1.81414e+03 
 2.10315e+03  1.85106e+03  1.81661e+03 
 2.10245e+03  1.87049e+03  1.81909e+03 
 2.10254e+03  1.89846e+03  1.82446e+03 
 2.10226e+03  1.91924e+03  1.82333e+03 
 2.10227e+03  1.94309e+03  1.82767e+03 
 2.10227e+03  1.96694e+03  1.83200e+03 
 2.10216e+03  1.98034e+03  1.83440e+03 
 2.10079e+03  2.00103e+03  1.83493e+03 
 2.09737e+03  2.01589e+03  1.83616e+03 
 2.09330e+03  2.02737e+03  1.83811e+03 
 2.08448e+03  2.03745e+03  1.84038e+03 
 2.07150e+03  2.04548e+03  1.83974e+03 
 2.05006e+03  2.05105e+03  1.84222e+03 
 2.02861e+03  2.05662e+03  1.84471e+03 
 1.99444e+03  2.05970e+03  1.84621e+03 
 1.96742e+03  2.06182e+03  1.84383e+03 
 1.92465e+03  2.06317e+03  1.84653e+03 
 1.90309e+03  2.06334e+03  1.84702e+03 
 1.87236e+03  2.06405e+03  1.84665e+03 
 1.85271e+03  2.06413e+03  1.84635e+03 
 1.83830e+03  2.06405e+03  1.84798e+03 
 1.83696e+03  2.06451e+03  1.84772e+03 
 1.84522e+03  2.06427e+03  1.84722e+03 
 1.86012e+03  2.06444e+03  1.84795e+03 
 1.88687e+03  2.06427e+03  1.84854e+03 
 1.91518e+03  2.06467e+03  1.84981e+03 
 1.95044e+03  2.06492e+03  1.85129e+03 
 1.98197e+03  2.06458e+03  1.85152e+03 
 2.01300e+03  2.06441e+03  1.85190e+03 
 2.04325e+03  2.06495e+03  1.85501e+03 
 2.06306e+03  2.06516e+03  1.84883e+03 
 2.07901e+03  2.06478e+03  1.85692e+03 
 2.08809e+03  2.06474e+03  1.85872e+03 
 2.09555e+03  2.06397e+03  1.86223e+03 
 2.10027e+03  2.06397e+03  1.86447e+03 
 2.10095e+03  2.06321e+03  1.86463e+03 
 2.10198e+03  2.06322e+03  1.86715e+03 
 2.10169e+03  2.06264e+03  1.86965e+03 
 2.10286e+03  2.06379e+03  1.87376e+03 
 2.10182e+03  2.06296e+03  1.87533e+03 
 2.10248e+03  2.06354e+03  1.87741e+03 
 2.10198e+03  2.06300e+03  1.88016e+03 
 2.10233e+03  2.06323e+03  1.88325e+03 
 2.10123e+03  2.06280e+03  1.88480e+03 
 2.10195e+03  2.06289e+03  1.88817e+03 
 2.10292e+03  2.06382e+03  1.89282e+03 
 2.10314e+03  2.06391e+03  1.89751e+03 
 2.10268e+03  2.06369e+03  1.89895e+03 
 2.10242e+03  2.06347e+03  1.90142e+03 
 2.10308e+03  2.06395e+03  1.90614e+03 
 2.10228e+03  2.06331e+03  1.90979e+03 
 2.10296e+03  2.06422e+03  1.91298e+03 
 2.10224e+03  2.06297e+03  1.91696e+03 
 2.10269e+03  2.06399e+03  1.92361e+03 
 2.10310e+03  2.06394e+03  1.92524e+03 
 2.10183e+03  2.06314e+03  1.92885e+03 
 2.10234e+03  2.06343e+03  1.93191e+03 
 2.10234e+03  2.06338e+03  1.93445e+03 
 2.10260e+03  2.06360e+03  1.94804e+03 
 2.10199e+03  2.06346e+03  1.95625e+03 
 2.10188e+03  2.06282e+03  1.96748e+03 
 2.10228e+03  2.06357e+03  1.98031e+03 
 2.10216e+03  2.06318e+03  1.99123e+03 
 2.10235e+03  2.06337e+03  2.00118e+03 
 2.10255e+03  2.06355e+03  2.01113e+03 
 4.50494e+02  2.46946e+03  3.38801e+03 
-1.54256e+02 -2.94474e+02 -4.71908e+02 
 7.86646e+02  1.81860e+03  2.14645e+03 
 2.28276e+02 -3.75017e+00 -2.42426e+02 
 1.00000e+00  1.00000e+00  0.00000e+00  9.99500e-01 
 0.00000e+00  9.80060e-01  9.70000e-04  9.94160e-01 
 0.00000e+00  9.60050e-01  1.97000e-03  9.88800e-01 
 0.00000e+00  9.40020e-01  2.11000e-03  9.83430e-01 
 0.00000e+00  9.20000e-01  1.41000e-03  9.78060e-01 
 0.00000e+00  9.00000e-01  1.30000e-04  9.72710e-01 
 0.00000e+00  8.59760e-01 -3.47000e-03  9.61920e-01 
 0.00000e+00  8.19630e-01 -8.23000e-03  9.51170e-01 
 0.00000e+00  7.79600e-01 -1.38600e-02  9.40440e-01 
 0.00000e+00  7.39650e-01 -2.00600e-02  9.29740e-01 
 0.00000e+00  6.99760e-01 -2.66000e-02  9.19050e-01 
 0.00000e+00  6.59880e-01 -3.32400e-02  9.08360e-01 
 0.00000e+00  5.99680e-01 -4.30500e-02  8.92240e-01 
 0.00000e+00  5.80050e-01 -4.61100e-02  8.86980e-01 
 0.00000e+00  5.40060e-01 -5.20100e-02  8.76260e-01 
 0.00000e+00  5.00000e-01 -5.73600e-02  8.65530e-01 
 0.00000e+00  5.00000e-01 -5.73600e-02  9.99500e-01 
 0.00000e+00  4.60140e-01 -6.19300e-02  9.88820e-01 
 0.00000e+00  4.20200e-01 -6.56100e-02  9.78120e-01 
 0.00000e+00  3.80180e-01 -6.82400e-02  9.67390e-01 
 0.00000e+00  3.40100e-01 -6.95900e-02  9.56660e-01 
 0.00000e+00  3.00000e-01 -6.95700e-02  9.45910e-01 
 0.00000e+00  2.79880e-01 -6.91000e-02  9.40520e-01 
 0.00000e+00  2.59770e-01 -6.83200e-02  9.35130e-01 
 0.00000e+00  2.39670e-01 -6.72200e-02  9.29750e-01 
 0.00000e+00  2.19600e-01 -6.57900e-02  9.24370e-01 
 0.00000e+00  1.99550e-01 -6.40100e-02  9.18990e-01 
 0.00000e+00  1.79530e-01 -6.18700e-02  9.13630e-01 
 0.00000e+00  1.39620e-01 -5.64500e-02  9.02940e-01 
 0.00000e+00  1.19760e-01 -5.30800e-02  8.97620e-01 
 0.00000e+00  1.00000e-01 -4.91600e-02  8.92320e-01 
 0.00000e+00  9.23100e-02 -4.74500e-02  8.90260e-01 
 0.00000e+00  8.46400e-02 -4.56300e-02  8.88200e-01 
 0.00000e+00  7.69900e-02 -4.36900e-02  8.86160e-01 
 0.00000e+00  6.93900e-02 -4.16200e-02  8.84120e-01 
 0.00000e+00  6.18200e-02 -3.93900e-02  8.82090e-01 
 0.00000e+00  5.43000e-02 -3.69900e-02  8.80080e-01 
 0.00000e+00  4.68500e-02 -3.43800e-02  8.78080e-01 
 0.00000e+00  3.94700e-02 -3.15500e-02  8.76100e-01 
 0.00000e+00  3.21800e-02 -2.84700e-02  8.74150e-01 
 0.00000e+00  2.50200e-02 -2.51100e-02  8.72230e-01 
 0.00000e+00  1.81300e-02 -2.11800e-02  8.70380e-01 
 0.00000e+00  1.17500e-02 -1.64200e-02  8.68670e-01 
 0.00000e+00  6.09000e-03 -1.07800e-02  8.67160e-01 
 0.00000e+00  1.97000e-03 -3.88000e-03  8.66050e-01 
 0.00000e+00  0.00000e+00  3.96000e-03  8.65530e-01 
 1.00000e+00  1.94000e-03  1.22400e-02  8.66050e-01 
 1.00000e+00  6.29000e-03  1.95300e-02  8.67210e-01 
 1.00000e+00  1.17700e-02  2.59600e-02  8.68680e-01 
 1.00000e+00  1.80400e-02  3.15700e-02  8.70360e-01 
 1.00000e+00  2.47900e-02  3.65600e-02  8.72170e-01 
 1.00000e+00  3.17600e-02  4.12100e-02  8.74040e-01 
 1.00000e+00  3.89200e-02  4.55500e-02  8.75960e-01 
 1.00000e+00  4.62300e-02  4.96000e-02  8.77910e-01 
 1.00000e+00  5.36700e-02  5.34000e-02  8.79910e-01 
 1.00000e+00  6.12100e-02  5.69700e-02  8.81930e-01 
 1.00000e+00  6.88500e-02  6.03300e-02  8.83970e-01 
 1.00000e+00  7.65500e-02  6.35100e-02  8.86040e-01 
 1.00000e+00  8.43200e-02  6.65300e-02  8.88120e-01 
 1.00000e+00  9.21300e-02  6.93900e-02  8.90210e-01 
 1.00000e+00  1.00000e-01  7.21100e-02  8.92320e-01 
 1.00000e+00  1.19480e-01  7.82500e-02  8.97540e-01 
 1.00000e+00  1.39150e-01  8.36800e-02  9.02810e-01 
 1.00000e+00  1.78890e-01  9.28400e-02  9.13460e-01 
 1.00000e+00  1.98910e-01  9.66400e-02  9.18820e-01 
 1.00000e+00  2.19020e-01  9.99400e-02  9.24210e-01 
 1.00000e+00  2.39190e-01  1.02770e-01  9.29620e-01 
 1.00000e+00  2.59420e-01  1.05150e-01  9.35040e-01 
 1.00000e+00  2.79690e-01  1.07090e-01  9.40470e-01 
 1.00000e+00  3.00000e-01  1.08620e-01  9.45910e-01 
 1.00000e+00  3.20010e-01  1.09710e-01  9.51270e-01 
 1.00000e+00  3.40040e-01  1.10380e-01  9.56640e-01 
 1.00000e+00  3.60080e-01  1.10600e-01  9.62010e-01 
 1.00000e+00  3.80120e-01  1.10390e-01  9.67380e-01 
 1.00000e+00  4.00150e-01  1.09770e-01  9.72740e-01 
 1.00000e+00  4.20160e-01  1.08780e-01  9.78110e-01 
 1.00000e+00  4.33500e-01  1.07920e-01  9.81680e-01 
 1.00000e+00  4.40160e-01  1.07430e-01  9.83470e-01 
 1.00000e+00  4.46820e-01  1.06910e-01  9.85250e-01 
 1.00000e+00  4.60140e-01  1.05750e-01  9.88820e-01 
 1.00000e+00  4.73440e-01  1.04450e-01  9.92380e-01 
 1.00000e+00  4.80080e-01  1.03760e-01  9.94160e-01 
 1.00000e+00  4.86730e-01  1.03020e-01  9.95940e-01 
 1.00000e+00  5.00000e-01  1.01460e-01  9.99500e-01 
 1.00000e+00  5.00000e-01  1.01460e-01  8.65530e-01 
 1.00000e+00  5.40420e-01  9.59700e-02  8.76360e-01 
 1.00000e+00  5.80710e-01  8.95200e-02  8.87150e-01 
 1.00000e+00  6.60900e-01  7.42600e-02  9.08640e-01 
 1.00000e+00  7.00830e-01  6.57400e-02  9.19340e-01 
 1.00000e+00  7.40680e-01  5.68200e-02  9.30020e-01 
 1.00000e+00  7.80490e-01  4.77000e-02  9.40680e-01 
 1.00000e+00  8.20290e-01  3.85300e-02  9.51350e-01 
 1.00000e+00  8.60110e-01  2.95100e-02  9.62020e-01 
 1.00000e+00  9.00000e-01  2.07700e-02  9.72710e-01 
 1.00000e+00  9.14240e-01  1.77000e-02  9.76520e-01 
 1.00000e+00  9.28500e-01  1.47200e-02  9.80340e-01 
 1.00000e+00  9.42790e-01  1.18900e-02  9.84170e-01 
 1.00000e+00  9.57110e-01  9.27000e-03  9.88010e-01 
 1.00000e+00  9.71460e-01  6.79000e-03  9.91850e-01 
 1.00000e+00  9.85800e-01  4.22000e-03  9.95690e-01 
 0.00000e+00 -2.85000e+00 -1.50000e+00  7.27000e-01 
 0.00000e+00 -2.55000e+00 -1.50000e+00  7.27000e-01 
 0.00000e+00 -2.35000e+00 -1.50000e+00  7.27000e-01 
 0.00000e+00 -2.15000e+00 -1.50000e+00  7.27000e-01 
 0.00000e+00 -1.95000e+00 -1.50000e+00  7.27000e-01 
 0.00000e+00 -1.85000e+00 -1.50000e+00  7.27000e-01 
 0.00000e+00 -1.75000e+00 -1.50000e+00  7.27000e-01 
 0.00000e+00 -1.65000e+00 -1.50000e+00  7.27000e-01 
 0.00000e+00 -1.55000e+00 -1.50000e+00  7.27000e-01 
 0.00000e+00 -1.45000e+00 -1.50000e+00  7.27000e-01 
 0.00000e+00 -1.35000e+00 -1.50000e+00  7.27000e-01 
 0.00000e+00 -1.25000e+00 -1.50000e+00  7.27000e-01 
 0.00000e+00 -1.15000e+00 -1.50000e+00  7.27000e-01 
 0.00000e+00 -1.05000e+00 -1.50000e+00  7.27000e-01 
 0.00000e+00 -9.50000e-01 -1.50000e+00  7.27000e-01 
 0.00000e+00 -8.50000e-01 -1.50000e+00  7.27000e-01 
 0.00000e+00 -7.50000e-01 -1.50000e+00  7.27000e-01 
 0.00000e+00 -6.50000e-01 -1.50000e+00  7.27000e-01 
 0.00000e+00 -5.50000e-01 -1.50000e+00  7.27000e-01 
 0.00000e+00 -4.50000e-01 -1.50000e+00  7.27000e-01 
 0.00000e+00 -3.50000e-01 -1.50000e+00  7.27000e-01 
 0.00000e+00 -2.50000e-01 -1.50000e+00  7.27000e-01 
 0.00000e+00 -1.50000e-01 -1.50000e+00  7.27000e-01 
 0.00000e+00 -5.00000e-02 -1.50000e+00  7.27000e-01 
 0.00000e+00  5.00000e-02 -1.50000e+00  7.27000e-01 
 0.00000e+00  1.50000e-01 -1.50000e+00  7.27000e-01 
 0.00000e+00  2.50000e-01 -1.50000e+00  7.27000e-01 
 0.00000e+00  3.50000e-01 -1.50000e+00  7.27000e-01 
 0.00000e+00  4.50000e-01 -1.50000e+00  7.27000e-01 
 0.00000e+00  5.50000e-01 -1.50000e+00  7.27000e-01 
 0.00000e+00  6.50000e-01 -1.50000e+00  7.27000e-01 
 0.00000e+00  7.50000e-01 -1.50000e+00  7.27000e-01 
 0.00000e+00  8.50000e-01 -1.50000e+00  7.27000e-01 
 0.00000e+00  9.50000e-01 -1.50000e+00  7.27000e-01 
 0.00000e+00  1.05000e+00 -1.50000e+00  7.27000e-01 
 0.00000e+00  1.15000e+00 -1.50000e+00  7.27000e-01 
 0.00000e+00  1.25000e+00 -1.50000e+00  7.27000e-01 
 0.00000e+00  1.35000e+00 -1.50000e+00  7.27000e-01 
 0.00000e+00  1.45000e+00 -1.50000e+00  7.27000e-01 
 0.00000e+00  1.55000e+00 -1.50000e+00  7.27000e-01 
 0.00000e+00  1.65000e+00 -1.50000e+00  7.27000e-01 
 0.00000e+00  1.75000e+00 -1.50000e+00  7.27000e-01 
 0.00000e+00  1.85000e+00 -1.50000e+00  7.27000e-01 
 0.00000e+00  1.95000e+00 -1.50000e+00  7.27000e-01 
 0.00000e+00  2.15000e+00 -1.50000e+00  7.27000e-01 
 0.00000e+00  2.35000e+00 -1.50000e+00  7.27000e-01 
 0.00000e+00  2.55000e+00 -1.50000e+00  7.27000e-01 
 0.00000e+00  2.85000e+00 -1.50000e+00  7.27000e-01 
 1.00000e+00 -2.85000e+00  1.50000e+00  7.27000e-01 
 1.00000e+00 -2.55000e+00  1.50000e+00  7.27000e-01 
 1.00000e+00 -2.35000e+00  1.50000e+00  7.27000e-01 
 1.00000e+00 -2.15000e+00  1.50000e+00  7.27000e-01 
 1.00000e+00 -1.95000e+00  1.50000e+00  7.27000e-01 
 1.00000e+00 -1.85000e+00  1.50000e+00  7.27000e-01 
 1.00000e+00 -1.75000e+00  1.50000e+00  7.27000e-01 
 1.00000e+00 -1.65000e+00  1.50000e+00  7.27000e-01 
 1.00000e+00 -1.55000e+00  1.50000e+00  7.27000e-01 
 1.00000e+00 -1.45000e+00  1.50000e+00  7.27000e-01 
 1.00000e+00 -1.35000e+00  1.50000e+00  7.27000e-01 
 1.00000e+00 -1.25000e+00  1.50000e+00  7.27000e-01 
 1.00000e+00 -1.15000e+00  1.50000e+00  7.27000e-01 
 1.00000e+00 -1.05000e+00  1.50000e+00  7.27000e-01 
 1.00000e+00 -9.50000e-01  1.50000e+00  7.27000e-01 
 1.00000e+00 -8.50000e-01  1.50000e+00  7.27000e-01 
 1.00000e+00 -7.50000e-01  1.50000e+00  7.27000e-01 
 1.00000e+00 -6.50000e-01  1.50000e+00  7.27000e-01 
 1.00000e+00 -5.50000e-01  1.50000e+00  7.27000e-01 
 1.00000e+00 -4.50000e-01  1.50000e+00  7.27000e-01 
 1.00000e+00 -3.50000e-01  1.50000e+00  7.27000e-01 
 1.00000e+00 -2.50000e-01  1.50000e+00  7.27000e-01 
 1.00000e+00 -1.50000e-01  1.50000e+00  7.27000e-01 
 1.00000e+00 -5.00000e-02  1.50000e+00  7.27000e-01 
 1.00000e+00  5.00000e-02  1.50000e+00  7.27000e-01 
 1.00000e+00  1.50000e-01  1.50000e+00  7.27000e-01 
 1.00000e+00  2.50000e-01  1.50000e+00  7.27000e-01 
 1.00000e+00  3.50000e-01  1.50000e+00  7.27000e-01 
 1.00000e+00  4.50000e-01  1.50000e+00  7.27000e-01 
 1.00000e+00  5.50000e-01  1.50000e+00  7.27000e-01 
 1.00000e+00  6.50000e-01  1.50000e+00  7.27000e-01 
 1.00000e+00  7.50000e-01  1.50000e+00  7.27000e-01 
 1.00000e+00  8.50000e-01  1.50000e+00  7.27000e-01 
 1.00000e+00  9.50000e-01  1.50000e+00  7.27000e-01 
 1.00000e+00  1.05000e+00  1.50000e+00  7.27000e-01 
 1.00000e+00  1.15000e+00  1.50000e+00  7.27000e-01 
 1.00000e+00  1.25000e+00  1.50000e+00  7.27000e-01 
 1.00000e+00  1.35000e+00  1.50000e+00  7.27000e-01 
 1.00000e+00  1.45000e+00  1.50000e+00  7.27000e-01 
 1.00000e+00  1.55000e+00  1.50000e+00  7.27000e-01 
 1.00000e+00  1.65000e+00  1.50000e+00  7.27000e-01 
 1.00000e+00  1.75000e+00  1.50000e+00  7.27000e-01 
 1.00000e+00  1.85000e+00  1.50000e+00  7.27000e-01 
 1.00000e+00  1.95000e+00  1.50000e+00  7.27000e-01 
 1.00000e+00  2.15000e+00  1.50000e+00  7.27000e-01 
 1.00000e+00  2.35000e+00  1.50000e+00  7.27000e-01 
 1.00000e+00  2.55000e+00  1.50000e+00  7.27000e-01 
 1.00000e+00  2.85000e+00  1.50000e+00  7.27000e-01 
 2.00000e+00 -2.85000e+00 -1.50000e+00  1.26700e+00 
 2.00000e+00 -1.95000e+00 -1.50000e+00  1.26700e+00 
 2.00000e+00 -1.35000e+00 -1.50000e+00  1.26700e+00 
 2.00000e+00 -9.50000e-01 -1.50000e+00  1.26700e+00 
 2.00000e+00 -6.50000e-01 -1.50000e+00  1.26700e+00 
 2.00000e+00 -4.50000e-01 -1.50000e+00  1.26700e+00 
 2.00000e+00 -2.50000e-01 -1.50000e+00  1.26700e+00 
 2.00000e+00 -5.00000e-02 -1.50000e+00  1.26700e+00 
 2.00000e+00  5.00000e-02 -1.50000e+00  1.26700e+00 
 2.00000e+00  2.50000e-01 -1.50000e+00  1.26700e+00 
 2.00000e+00  4.50000e-01 -1.50000e+00  1.26700e+00 
 2.00000e+00  6.50000e-01 -1.50000e+00  1.26700e+00 
 2.00000e+00  9.50000e-01 -1.50000e+00  1.26700e+00 
 2.00000e+00  1.35000e+00 -1.50000e+00  1.26700e+00 
 2.00000e+00  1.95000e+00 -1.50000e+00  1.26700e+00 
 2.00000e+00  2.85000e+00 -1.50000e+00  1.26700e+00 
 3.00000e+00 -2.85000e+00  1.50000e+00  1.26700e+00 
 3.00000e+00 -1.95000e+00  1.50000e+00  1.26700e+00 
 3.00000e+00 -1.35000e+00  1.50000e+00  1.26700e+00 
 3.00000e+00 -9.50000e-01  1.50000e+00  1.26700e+00 
 3.00000e+00 -6.50000e-01  1.50000e+00  1.26700e+00 
 3.00000e+00 -4.50000e-01  1.50000e+00  1.26700e+00 
 3.00000e+00 -2.50000e-01  1.50000e+00  1.26700e+00 
 3.00000e+00 -5.00000e-02  1.50000e+00  1.26700e+00 
 3.00000e+00  5.00000e-02  1.50000e+00  1.26700e+00 
 3.00000e+00  2.50000e-01  1.50000e+00  1.26700e+00 
 3.00000e+00  4.50000e-01  1.50000e+00  1.26700e+00 
 3.00000e+00  6.50000e-01  1.50000e+00  1.26700e+00 
 3.00000e+00  9.50000e-01  1.50000e+00  1.26700e+00 
 3.00000e+00  1.35000e+00  1.50000e+00  1.26700e+00 
 3.00000e+00  1.95000e+00  1.50000e+00  1.26700e+00 
 3.00000e+00  2.85000e+00  1.50000e+00  1.26700e+00 
 0.00000e+00  2.70000e+00 -3.47500e-01  0.00000e+00 
 0.00000e+00  2.70000e+00 -3.17500e-01  0.00000e+00 
 0.00000e+00  2.70000e+00 -2.87500e-01  0.00000e+00 
 0.00000e+00  2.70000e+00 -2.67500e-01  0.00000e+00 
 0.00000e+00  2.70000e+00 -2.47500e-01  0.00000e+00 
 0.00000e+00  2.70000e+00 -2.32500e-01  0.00000e+00 
 0.00000e+00  2.70000e+00 -2.17500e-01  0.00000e+00 
 0.00000e+00  2.70000e+00 -2.07500e-01  0.00000e+00 
 0.00000e+00  2.70000e+00 -1.97500e-01  0.00000e+00 
 0.00000e+00  2.70000e+00 -1.92500e-01  0.00000e+00 
 0.00000e+00  2.70000e+00 -1.87500e-01  0.00000e+00 
 0.00000e+00  2.70000e+00 -1.82500e-01  0.00000e+00 
 0.00000e+00  2.70000e+00 -1.77500e-01  0.00000e+00 
 0.00000e+00  2.70000e+00 -1.72500e-01  0.00000e+00 
 0.00000e+00  2.70000e+00 -1.67500e-01  0.00000e+00 
 0.00000e+00  2.70000e+00 -1.62500e-01  0.00000e+00 
 0.00000e+00  2.70000e+00 -1.57500e-01  0.00000e+00 
 0.00000e+00  2.70000e+00 -1.52500e-01  0.00000e+00 
 0.00000e+00  2.70000e+00 -1.47500e-01  0.00000e+00 
 0.00000e+00  2.70000e+00 -1.42500e-01  0.00000e+00 
 0.00000e+00  2.70000e+00 -1.37500e-01  0.00000e+00 
 0.00000e+00  2.70000e+00 -1.32500e-01  0.00000e+00 
 0.00000e+00  2.70000e+00 -1.27500e-01  0.00000e+00 
 0.00000e+00  2.70000e+00 -1.22500e-01  0.00000e+00 
 0.00000e+00  2.70000e+00 -1.17500e-01  0.00000e+00 
 0.00000e+00  2.70000e+00 -1.12500e-01  0.00000e+00 
 0.00000e+00  2.70000e+00 -1.07500e-01  0.00000e+00 
 0.00000e+00  2.70000e+00 -1.02500e-01  0.00000e+00 
 0.00000e+00  2.70000e+00 -9.75000e-02  0.00000e+00 
 0.00000e+00  2.70000e+00 -9.25000e-02  0.00000e+00 
 0.00000e+00  2.70000e+00 -8.75000e-02  0.00000e+00 
 0.00000e+00  2.70000e+00 -8.25000e-02  0.00000e+00 
 0.00000e+00  2.70000e+00 -7.75000e-02  0.00000e+00 
 0.00000e+00  2.70000e+00 -7.25000e-02  0.00000e+00 
 0.00000e+00  2.70000e+00 -6.75000e-02  0.00000e+00 
 0.00000e+00  2.70000e+00 -6.25000e-02  0.00000e+00 
 0.00000e+00  2.70000e+00 -5.75000e-02  0.00000e+00 
 0.00000e+00  2.70000e+00 -5.25000e-02  0.00000e+00 
 0.00000e+00  2.70000e+00 -4.75000e-02  0.00000e+00 
 0.00000e+00  2.70000e+00 -4.25000e-02  0.00000e+00 
 0.00000e+00  2.70000e+00 -3.75000e-02  0.00000e+00 
 0.00000e+00  2.70000e+00 -3.25000e-02  0.00000e+00 
 0.00000e+00  2.70000e+00 -2.75000e-02  0.00000e+00 
 0.00000e+00  2.70000e+00 -2.25000e-02  0.00000e+00 
 0.00000e+00  2.70000e+00 -1.75000e-02  0.00000e+00 
 0.00000e+00  2.70000e+00 -1.25000e-02  0.00000e+00 
 0.00000e+00  2.70000e+00 -7.50000e-03  0.00000e+00 
 0.00000e+00  2.70000e+00 -2.50000e-03  0.00000e+00 
 0.00000e+00  2.70000e+00  2.50000e-03  0.00000e+00 
 0.00000e+00  2.70000e+00  7.50000e-03  0.00000e+00 
 0.00000e+00  2.70000e+00  1.25000e-02  0.00000e+00 
 0.00000e+00  2.70000e+00  1.75000e-02  0.00000e+00 
 0.00000e+00  2.70000e+00  2.25000e-02  0.00000e+00 
 0.00000e+00  2.70000e+00  2.75000e-02  0.00000e+00 
 0.00000e+00  2.70000e+00  3.25000e-02  0.00000e+00 
 0.00000e+00  2.70000e+00  3.75000e-02  0.00000e+00 
 0.00000e+00  2.70000e+00  4.25000e-02  0.00000e+00 
 0.00000e+00  2.70000e+00  4.75000e-02  0.00000e+00 
 0.00000e+00  2.70000e+00  5.25000e-02  0.00000e+00 
 0.00000e+00  2.70000e+00  5.75000e-02  0.00000e+00 
 0.00000e+00  2.70000e+00  6.25000e-02  0.00000e+00 
 0.00000e+00  2.70000e+00  6.75000e-02  0.00000e+00 
 0.00000e+00  2.70000e+00  7.25000e-02  0.00000e+00 
 0.00000e+00  2.70000e+00  7.75000e-02  0.00000e+00 
 0.00000e+00  2.70000e+00  8.25000e-02  0.00000e+00 
 0.00000e+00  2.70000e+00  8.75000e-02  0.00000e+00 
 0.00000e+00  2.70000e+00  9.25000e-02  0.00000e+00 
 0.00000e+00  2.70000e+00  9.75000e-02  0.00000e+00 
 0.00000e+00  2.70000e+00  1.02500e-01  0.00000e+00 
 0.00000e+00  2.70000e+00  1.07500e-01  0.00000e+00 
 0.00000e+00  2.70000e+00  1.12500e-01  0.00000e+00 
 0.00000e+00  2.70000e+00  1.17500e-01  0.00000e+00 
 0.00000e+00  2.70000e+00  1.22500e-01  0.00000e+00 
 0.00000e+00  2.70000e+00  1.27500e-01  0.00000e+00 
 0.00000e+00  2.70000e+00  1.32500e-01  0.00000e+00 
 0.00000e+00  2.70000e+00  1.37500e-01  0.00000e+00 
 0.00000e+00  2.70000e+00  1.42500e-01  0.00000e+00 
 0.00000e+00  2.70000e+00  1.47500e-01  0.00000e+00 
 0.00000e+00  2.70000e+00  1.52500e-01  0.00000e+00 
 0.00000e+00  2.70000e+00  1.57500e-01  0.00000e+00 
 0.00000e+00  2.70000e+00  1.62500e-01  0.00000e+00 
 0.00000e+00  2.70000e+00  1.67500e-01  0.00000e+00 
 0.00000e+00  2.70000e+00  1.72500e-01  0.00000e+00 
 0.00000e+00  2.70000e+00  1.77500e-01  0.00000e+00 
 0.00000e+00  2.70000e+00  1.82500e-01  0.00000e+00 
 0.00000e+00  2.70000e+00  1.87500e-01  0.00000e+00 
 0.00000e+00  2.70000e+00  1.92500e-01  0.00000e+00 
 0.00000e+00  2.70000e+00  1.97500e-01  0.00000e+00 
 0.00000e+00  2.70000e+00  2.07500e-01  0.00000e+00 
 0.00000e+00  2.70000e+00  2.17500e-01  0.00000e+00 
 0.00000e+00  2.70000e+00  2.32500e-01  0.00000e+00 
 0.00000e+00  2.70000e+00  2.47500e-01  0.00000e+00 
 0.00000e+00  2.70000e+00  2.67500e-01  0.00000e+00 
 0.00000e+00  2.70000e+00  2.87500e-01  0.00000e+00 
 0.00000e+00  2.70000e+00  3.17500e-01  0.00000e+00 
 0.00000e+00  2.70000e+00  3.47500e-01  0.00000e+00 
