-1.03238e+00  4.96609e+00  9.96792e+00 
 5.88065e+01  5.85309e+01  5.82022e+01 
 2.03038e+01  2.13836e+01  2.09494e+01 
 3.91224e+06  3.86912e+06  3.85773e+06 
 2.08768e+03  2.06084e+03  2.04090e+03 
 1.02129e+05  1.02136e+05  1.02147e+05 
 3.15461e+02  2.63831e+02 -1.62090e+02 
 4.59446e+02  4.86707e+02  2.89074e+02 
 5.47906e+02  6.10326e+02  4.82623e+02 
 5.55138e+02  6.36098e+02  5.45350e+02 
 5.35389e+02  6.29275e+02  5.63191e+02 
 5.03541e+02  6.07951e+02  5.60288e+02 
 4.30103e+02  5.58521e+02  5.45125e+02 
 3.44580e+02  4.99458e+02  5.18533e+02 
 2.58396e+02  4.44270e+02  4.95179e+02 
 1.50676e+02  3.70007e+02  4.55679e+02 
 2.89577e+01  2.87842e+02  3.78553e+02 
-8.72477e+01  2.14104e+02  3.17985e+02 
-2.53701e+02  1.33337e+02  2.66338e+02 
-3.10843e+02  9.17627e+01  2.44016e+02 
-4.28348e+02 -3.96978e+01  2.21007e+02 
-5.89729e+02 -1.11068e+02  1.73847e+02 
-5.71993e+02 -1.10423e+02  1.77443e+02 
-6.96884e+02 -1.65430e+02  1.59560e+02 
-8.70260e+02 -2.06145e+02  1.63982e+02 
-9.75958e+02 -2.37528e+02  1.79307e+02 
-1.04441e+03 -2.32517e+02  2.29887e+02 
-1.06383e+03 -1.75496e+02  3.30186e+02 
-1.06972e+03 -1.44494e+02  3.81368e+02 
-1.04415e+03 -8.64877e+01  4.58073e+02 
-1.01430e+03 -1.66396e+01  5.45763e+02 
-1.01226e+03  3.20621e+01  6.17527e+02 
-9.80743e+02  1.02789e+02  7.06159e+02 
-9.89427e+02  1.72441e+02  8.01860e+02 
-1.02835e+03  3.10518e+02  1.00061e+03 
-1.01094e+03  4.22724e+02  1.13623e+03 
-9.90382e+02  5.53795e+02  1.28459e+03 
-9.73498e+02  6.19033e+02  1.35545e+03 
-9.69697e+02  6.73954e+02  1.41899e+03 
-9.52611e+02  7.45686e+02  1.49180e+03 
-9.19273e+02  8.38895e+02  1.57641e+03 
-9.23066e+02  9.10366e+02  1.64176e+03 
-8.89744e+02  1.01024e+03  1.72770e+03 
-8.35750e+02  1.12703e+03  1.81653e+03 
-7.75480e+02  1.26043e+03  1.90019e+03 
-7.20110e+02  1.41544e+03  1.97456e+03 
-7.10908e+02  1.56813e+03  2.01471e+03 
-5.76038e+02  1.78185e+03  1.96694e+03 
-2.13841e+02  1.97863e+03  1.67946e+03 
 4.22625e+02  2.02033e+03  8.27227e+02 
 1.42809e+03  1.45781e+03 -1.44723e+03 
 2.03846e+03 -4.74372e+02 -5.85458e+03 
 1.83252e+03 -2.11055e+03 -7.60286e+03 
 1.29908e+03 -2.78348e+03 -7.57436e+03 
 8.01348e+02 -3.17374e+03 -7.37888e+03 
 4.46697e+02 -3.23799e+03 -6.91586e+03 
 2.11372e+02 -3.15940e+03 -6.45449e+03 
 1.09420e+01 -3.13598e+03 -6.11899e+03 
-1.64764e+02 -3.12502e+03 -5.58402e+03 
-3.13159e+02 -3.11844e+03 -5.30505e+03 
-4.42798e+02 -3.11113e+03 -5.18089e+03 
-5.58864e+02 -3.11145e+03 -5.10414e+03 
-6.54547e+02 -3.09726e+03 -4.97263e+03 
-7.37838e+02 -3.07991e+03 -4.86046e+03 
-8.15494e+02 -3.06871e+03 -4.77543e+03 
-8.87877e+02 -3.05735e+03 -4.67946e+03 
-9.50256e+02 -3.04405e+03 -4.57604e+03 
-1.09566e+03 -3.02668e+03 -4.41247e+03 
-1.19446e+03 -2.98175e+03 -4.21017e+03 
-1.44028e+03 -2.98092e+03 -4.07227e+03 
-1.51950e+03 -2.94550e+03 -3.96216e+03 
-1.59871e+03 -2.91007e+03 -3.85204e+03 
-1.49889e+03 -2.81660e+03 -3.59873e+03 
-1.60180e+03 -2.77652e+03 -3.57194e+03 
-1.63310e+03 -2.75819e+03 -3.47773e+03 
-1.67196e+03 -2.75161e+03 -3.39340e+03 
-1.68066e+03 -2.70468e+03 -3.28877e+03 
-1.68833e+03 -2.66188e+03 -3.18189e+03 
-1.67122e+03 -2.59069e+03 -3.05364e+03 
-1.63530e+03 -2.49962e+03 -2.90699e+03 
-1.62304e+03 -2.43210e+03 -2.77952e+03 
-1.57049e+03 -2.31687e+03 -2.61926e+03 
-1.54608e+03 -2.25822e+03 -2.52526e+03 
-1.53060e+03 -2.22416e+03 -2.47496e+03 
-1.50968e+03 -2.18969e+03 -2.42499e+03 
-1.46249e+03 -2.12817e+03 -2.32901e+03 
-1.41289e+03 -2.05667e+03 -2.22532e+03 
-1.39437e+03 -2.02135e+03 -2.17631e+03 
-1.36655e+03 -1.97885e+03 -2.12229e+03 
-1.32188e+03 -1.90360e+03 -2.02193e+03 
-1.28893e+03 -1.89313e+03 -2.02759e+03 
-1.17462e+03 -1.68670e+03 -1.73252e+03 
-1.07130e+03 -1.49115e+03 -1.44766e+03 
-7.52915e+02 -1.04938e+03 -8.95547e+02 
-6.00745e+02 -8.48895e+02 -7.07594e+02 
-4.48574e+02 -6.48408e+02 -5.19640e+02 
-3.12697e+02 -4.73475e+02 -4.20223e+02 
-1.89032e+02 -3.09172e+02 -3.52633e+02 
-7.39248e+01 -1.73693e+02 -3.09810e+02 
 4.77981e+01 -2.52861e+01 -2.75794e+02 
 8.60936e+01  2.11563e+01 -2.65055e+02 
 1.28560e+02  6.64700e+01 -2.53930e+02 
 1.62491e+02  1.08392e+02 -2.43396e+02 
 1.88709e+02  1.45292e+02 -2.34138e+02 
 2.09176e+02  1.79705e+02 -2.21912e+02 
 2.31522e+02  2.11107e+02 -2.14757e+02 
-2.79637e+01  3.42192e+00  2.05389e+01 
-4.57516e+01 -2.86847e+00  2.09043e+01 
-4.43322e+01  7.84376e+00  3.67322e+01 
-3.78790e+01  2.50891e+01  5.99639e+01 
-3.76673e+01  3.83896e+01  8.04180e+01 
-3.84653e+01  4.52026e+01  9.11735e+01 
-4.03316e+01  5.18362e+01  1.02172e+02 
-5.08854e+01  5.16146e+01  1.07113e+02 
-4.80304e+01  6.35077e+01  1.23903e+02 
-4.51754e+01  7.54008e+01  1.40694e+02 
-4.20898e+01  8.87107e+01  1.59073e+02 
-3.92258e+01  1.01993e+02  1.77869e+02 
-4.77280e+01  1.05985e+02  1.87923e+02 
-4.63036e+01  1.18174e+02  2.05340e+02 
-5.23294e+01  1.24301e+02  2.17257e+02 
-5.73598e+01  1.30336e+02  2.28526e+02 
-8.34854e+01  1.20186e+02  2.25543e+02 
-7.52698e+01  1.35380e+02  2.43359e+02 
-8.56765e+01  1.34921e+02  2.47211e+02 
-8.31363e+01  1.43697e+02  2.57996e+02 
-8.08976e+01  1.50168e+02  2.65722e+02 
-8.73449e+01  1.48395e+02  2.65119e+02 
-9.12176e+01  1.46214e+02  2.62877e+02 
-8.71507e+01  1.47140e+02  2.61373e+02 
-8.30837e+01  1.48066e+02  2.59869e+02 
-7.70629e+01  1.48130e+02  2.56043e+02 
-7.02896e+01  1.47458e+02  2.50898e+02 
-7.02133e+01  1.39043e+02  2.37977e+02 
-6.38959e+01  1.35590e+02  2.29043e+02 
-5.71566e+01  1.30991e+02  2.18172e+02 
-5.58507e+01  1.21668e+02  2.02701e+02 
-5.89919e+01  1.07719e+02  1.83216e+02 
-6.07347e+01  9.49715e+01  1.64139e+02 
-5.04649e+01  9.30449e+01  1.56082e+02 
-5.53461e+01  7.74559e+01  1.35040e+02 
-4.57890e+01  7.58154e+01  1.27105e+02 
-4.35896e+01  6.74064e+01  1.13560e+02 
-4.45176e+01  5.65635e+01  9.78938e+01 
-4.06920e+01  5.13807e+01  8.81086e+01 
-3.95011e+01  4.43155e+01  7.64999e+01 
-3.47910e+01  4.10208e+01  6.92052e+01 
-3.72725e+01  3.15290e+01  5.61888e+01 
-3.98154e+01  2.23403e+01  4.39545e+01 
-4.97615e+01  6.88758e+00  2.55284e+01 
-5.78511e+01 -1.20823e+01  1.33282e+00 
-8.09288e+01 -4.33920e+01 -3.45074e+01 
-9.66637e+01 -6.63305e+01 -6.09675e+01 
-1.20294e+02 -9.83030e+01 -9.67747e+01 
-5.18461e+01 -8.10705e+01 -9.93878e+01 
-5.67279e+01 -9.68100e+01 -1.22291e+02 
-6.05325e+01 -1.10400e+02 -1.41696e+02 
-6.27106e+01 -1.23953e+02 -1.62664e+02 
-7.36239e+01 -1.49486e+02 -1.97531e+02 
-7.69742e+01 -1.60907e+02 -2.13911e+02 
-8.07145e+01 -1.73302e+02 -2.32073e+02 
-8.84193e+01 -1.90364e+02 -2.55789e+02 
-9.44770e+01 -2.07364e+02 -2.79446e+02 
-1.11273e+02 -2.36297e+02 -3.16558e+02 
-1.18698e+02 -2.56258e+02 -3.44723e+02 
-1.19036e+02 -2.69065e+02 -3.66094e+02 
-1.27139e+02 -2.90270e+02 -3.96417e+02 
-1.34741e+02 -3.11926e+02 -4.27852e+02 
-1.39227e+02 -3.29717e+02 -4.55022e+02 
-1.55014e+02 -3.60107e+02 -4.95546e+02 
-1.65316e+02 -3.84045e+02 -5.29191e+02 
-1.71926e+02 -4.02984e+02 -5.56378e+02 
-1.81666e+02 -4.22957e+02 -5.83995e+02 
-1.95924e+02 -4.46828e+02 -6.14185e+02 
-2.08929e+02 -4.66240e+02 -6.38486e+02 
-2.18084e+02 -4.79128e+02 -6.54108e+02 
-2.32671e+02 -4.95749e+02 -6.71827e+02 
-2.33215e+02 -4.93289e+02 -6.67042e+02 
-2.39214e+02 -4.95689e+02 -6.66159e+02 
-2.35431e+02 -4.84495e+02 -6.49834e+02 
-2.29808e+02 -4.69710e+02 -6.28220e+02 
-2.35372e+02 -4.65967e+02 -6.17622e+02 
-2.14827e+02 -4.31648e+02 -5.74080e+02 
-2.09918e+02 -4.14429e+02 -5.48459e+02 
-1.98836e+02 -3.89796e+02 -5.14810e+02 
-1.89181e+02 -3.66559e+02 -4.82324e+02 
-1.94516e+02 -3.59493e+02 -4.67518e+02 
-1.77326e+02 -3.28119e+02 -4.28097e+02 
-1.65773e+02 -3.05490e+02 -3.96317e+02 
-1.54497e+02 -2.81581e+02 -3.64575e+02 
-1.42426e+02 -2.58764e+02 -3.36439e+02 
-1.41496e+02 -2.47255e+02 -3.18855e+02 
-1.38840e+02 -2.34411e+02 -3.00407e+02 
-1.23298e+02 -2.10223e+02 -2.70755e+02 
-1.19007e+02 -1.98071e+02 -2.53847e+02 
-1.20069e+02 -1.92010e+02 -2.43216e+02 
-1.13551e+02 -1.79006e+02 -2.26317e+02 
-1.12569e+02 -1.71570e+02 -2.15377e+02 
-1.12291e+02 -1.60008e+02 -1.97374e+02 
-1.04716e+02 -1.44486e+02 -1.76908e+02 
-1.16154e+02 -1.48516e+02 -1.76384e+02 
-1.35341e+02 -1.58496e+02 -1.81041e+02 
-3.58286e+01 -4.24909e+00  1.29105e+01 
-4.29377e+01  3.39125e+01  7.60190e+01 
-3.87008e+01  9.15681e+01  1.61707e+02 
-5.36598e+01  1.22988e+02  2.15882e+02 
-7.05216e+01  1.39789e+02  2.47532e+02 
-7.46389e+01  1.51205e+02  2.64875e+02 
-8.10036e+01  1.53895e+02  2.69876e+02 
-7.74460e+01  1.56042e+02  2.69429e+02 
-8.16389e+01  1.49587e+02  2.60908e+02 
-6.87871e+01  1.48933e+02  2.51959e+02 
-7.45952e+01  1.26858e+02  2.20499e+02 
-5.67595e+01  1.20748e+02  2.01769e+02 
-5.11133e+01  9.20597e+01  1.55029e+02 
-3.63897e+01  6.47761e+01  1.05652e+02 
-4.93670e+01  6.94689e+00  2.54863e+01 
-1.22880e+02 -1.01059e+02 -9.93440e+01 
-5.42129e+01 -8.31849e+01 -1.01341e+02 
-7.31556e+01 -1.48702e+02 -1.96599e+02 
-1.04487e+02 -2.40920e+02 -3.28624e+02 
-1.41296e+02 -3.33347e+02 -4.59046e+02 
-1.73873e+02 -4.04084e+02 -5.57167e+02 
-1.92679e+02 -4.42644e+02 -6.09453e+02 
-2.17762e+02 -4.78887e+02 -6.53620e+02 
-2.34414e+02 -4.94841e+02 -6.68304e+02 
-2.31462e+02 -4.87326e+02 -6.57347e+02 
-2.31107e+02 -4.71942e+02 -6.30632e+02 
-2.18160e+02 -4.36581e+02 -5.79265e+02 
-2.00998e+02 -3.92705e+02 -5.18127e+02 
-1.71590e+02 -3.24093e+02 -4.23791e+02 
-1.37636e+02 -2.43512e+02 -3.15086e+02 
-1.06613e+02 -1.66054e+02 -2.10002e+02 
-1.38097e+02 -1.61286e+02 -1.83255e+02 
 2.10247e+03  2.07473e+03  2.04275e+03 
 2.10288e+03  2.07499e+03  2.04276e+03 
 2.10260e+03  2.07505e+03  2.04082e+03 
 2.10232e+03  2.07472e+03  2.03409e+03 
 2.10296e+03  2.07507e+03  2.01651e+03 
 2.10280e+03  2.07485e+03  1.99203e+03 
 2.10271e+03  2.07495e+03  1.95241e+03 
 2.10247e+03  2.07470e+03  1.92556e+03 
 2.10242e+03  2.07430e+03  1.88973e+03 
 2.10272e+03  2.07492e+03  1.86994e+03 
 2.10287e+03  2.07476e+03  1.85367e+03 
 2.10262e+03  2.07480e+03  1.83438e+03 
 2.10219e+03  2.07396e+03  1.81339e+03 
 2.10264e+03  2.07468e+03  1.79596e+03 
 2.10281e+03  2.07443e+03  1.78246e+03 
 2.10258e+03  2.07338e+03  1.76584e+03 
 2.10229e+03  2.07127e+03  1.75104e+03 
 2.09886e+03  2.06422e+03  1.73446e+03 
 2.10293e+03  2.06415e+03  1.72785e+03 
 2.10279e+03  2.05587e+03  1.71768e+03 
 2.10252e+03  2.04585e+03  1.71282e+03 
 2.10263e+03  2.02722e+03  1.70614e+03 
 2.10290e+03  2.01183e+03  1.70336e+03 
 2.10288e+03  1.99480e+03  1.70331e+03 
 2.10292e+03  1.95888e+03  1.70714e+03 
 2.10309e+03  1.93187e+03  1.70972e+03 
 2.10335e+03  1.90201e+03  1.71629e+03 
 2.10285e+03  1.87478e+03  1.72434e+03 
 2.10277e+03  1.85423e+03  1.73336e+03 
 2.10246e+03  1.83173e+03  1.74307e+03 
 2.10328e+03  1.81907e+03  1.75584e+03 
 2.10257e+03  1.81591e+03  1.76953e+03 
 2.10186e+03  1.81275e+03  1.78323e+03 
 2.10194e+03  1.82444e+03  1.79990e+03 
 2.10174e+03  1.83761e+03  1.81420e+03 
 2.10186e+03  1.86263e+03  1.83176e+03 
 2.10198e+03  1.88765e+03  1.84932e+03 
 2.10209e+03  1.90604e+03  1.85949e+03 
 2.10208e+03  1.93894e+03  1.87929e+03 
 2.10152e+03  1.96473e+03  1.89429e+03 
 2.10151e+03  1.98545e+03  1.90707e+03 
 2.10119e+03  2.00738e+03  1.92071e+03 
 2.10071e+03  2.02581e+03  1.93449e+03 
 2.09734e+03  2.03966e+03  1.94740e+03 
 2.09397e+03  2.05351e+03  1.96030e+03 
 2.08431e+03  2.06282e+03  1.97323e+03 
 2.07270e+03  2.06762e+03  1.98170e+03 
 2.04809e+03  2.07177e+03  1.99312e+03 
 2.03089e+03  2.07226e+03  1.99783e+03 
 1.99947e+03  2.07364e+03  2.00622e+03 
 1.96921e+03  2.07388e+03  2.01173e+03 
 1.93217e+03  2.07386e+03  2.01712e+03 
 1.89860e+03  2.07421e+03  2.02164e+03 
 1.87065e+03  2.07419e+03  2.02585e+03 
 1.85145e+03  2.07431e+03  2.02921e+03 
 1.83660e+03  2.07413e+03  2.03121e+03 
 1.83480e+03  2.07427e+03  2.03406e+03 
 1.84418e+03  2.07463e+03  2.03665e+03 
 1.86096e+03  2.07430e+03  2.03731e+03 
 1.88741e+03  2.07407e+03  2.03787e+03 
 1.92391e+03  2.07478e+03  2.04020e+03 
 1.95307e+03  2.07501e+03  2.04116e+03 
 1.98752e+03  2.07442e+03  2.04111e+03 
 2.01064e+03  2.07453e+03  2.04124e+03 
 2.03868e+03  2.07428e+03  2.04095e+03 
 2.06169e+03  2.07458e+03  2.04151e+03 
 2.07997e+03  2.07357e+03  2.04044e+03 
 2.08993e+03  2.07364e+03  2.04086e+03 
 2.09504e+03  2.07313e+03  2.04035e+03 
 2.10033e+03  2.07391e+03  2.04173e+03 
 2.10067e+03  2.07346e+03  2.04070e+03 
 2.10179e+03  2.07393e+03  2.04151e+03 
 2.10146e+03  2.07302e+03  2.04081e+03 
 2.10190e+03  2.07388e+03  2.04129e+03 
 2.10087e+03  2.07292e+03  2.04075e+03 
 2.10150e+03  2.07305e+03  2.04078e+03 
 2.10233e+03  2.07432e+03  2.04177e+03 
 2.10273e+03  2.07441e+03  2.04196e+03 
 2.10235e+03  2.07394e+03  2.04147e+03 
 2.10199e+03  2.07374e+03  2.04149e+03 
 2.10261e+03  2.07438e+03  2.04187e+03 
 2.10185e+03  2.07348e+03  2.04141e+03 
 2.10253e+03  2.07416e+03  2.04204e+03 
 2.10185e+03  2.07325e+03  2.04113e+03 
 2.10233e+03  2.07424e+03  2.04186e+03 
 2.10277e+03  2.07442e+03  2.04205e+03 
 2.10150e+03  2.07324e+03  2.04093e+03 
 2.10205e+03  2.07336e+03  2.04132e+03 
 2.10187e+03  2.07371e+03  2.04133e+03 
 2.10214e+03  2.07391e+03  2.04159e+03 
 2.10156e+03  2.07362e+03  2.04133e+03 
 2.10145e+03  2.07313e+03  2.04088e+03 
 2.10177e+03  2.07371e+03  2.04153e+03 
 2.10176e+03  2.07349e+03  2.04128e+03 
 2.10195e+03  2.07358e+03  2.04142e+03 
 2.10215e+03  2.07366e+03  2.04156e+03 
 1.33645e+02  1.90318e+03  3.19267e+03 
-1.61964e+02 -2.29136e+02 -4.27264e+02 
 6.50148e+02  1.58274e+03  2.08826e+03 
 2.32279e+02  1.10501e+02 -1.76363e+02 
 1.00000e+00  1.00000e+00  0.00000e+00  9.99500e-01 
 0.00000e+00  9.80060e-01  9.70000e-04  9.94160e-01 
 0.00000e+00  9.60050e-01  1.97000e-03  9.88800e-01 
 0.00000e+00  9.40020e-01  2.11000e-03  9.83430e-01 
 0.00000e+00  9.20000e-01  1.41000e-03  9.78060e-01 
 0.00000e+00  9.00000e-01  1.30000e-04  9.72710e-01 
 0.00000e+00  8.59760e-01 -3.47000e-03  9.61920e-01 
 0.00000e+00  8.19630e-01 -8.23000e-03  9.51170e-01 
 0.00000e+00  7.79600e-01 -1.38600e-02  9.40440e-01 
 0.00000e+00  7.39650e-01 -2.00600e-02  9.29740e-01 
 0.00000e+00  6.99760e-01 -2.66000e-02  9.19050e-01 
 0.00000e+00  6.59880e-01 -3.32400e-02  9.08360e-01 
 0.00000e+00  5.99680e-01 -4.30500e-02  8.92240e-01 
 0.00000e+00  5.80050e-01 -4.61100e-02  8.86980e-01 
 0.00000e+00  5.40060e-01 -5.20100e-02  8.76260e-01 
 0.00000e+00  5.00000e-01 -5.73600e-02  8.65530e-01 
 0.00000e+00  5.00000e-01 -5.73600e-02  9.99500e-01 
 0.00000e+00  4.60140e-01 -6.19300e-02  9.88820e-01 
 0.00000e+00  4.20200e-01 -6.56100e-02  9.78120e-01 
 0.00000e+00  3.80180e-01 -6.82400e-02  9.67390e-01 
 0.00000e+00  3.40100e-01 -6.95900e-02  9.56660e-01 
 0.00000e+00  3.00000e-01 -6.95700e-02  9.45910e-01 
 0.00000e+00  2.79880e-01 -6.91000e-02  9.40520e-01 
 0.00000e+00  2.59770e-01 -6.83200e-02  9.35130e-01 
 0.00000e+00  2.39670e-01 -6.72200e-02  9.29750e-01 
 0.00000e+00  2.19600e-01 -6.57900e-02  9.24370e-01 
 0.00000e+00  1.99550e-01 -6.40100e-02  9.18990e-01 
 0.00000e+00  1.79530e-01 -6.18700e-02  9.13630e-01 
 0.00000e+00  1.39620e-01 -5.64500e-02  9.02940e-01 
 0.00000e+00  1.19760e-01 -5.30800e-02  8.97620e-01 
 0.00000e+00  1.00000e-01 -4.91600e-02  8.92320e-01 
 0.00000e+00  9.23100e-02 -4.74500e-02  8.90260e-01 
 0.00000e+00  8.46400e-02 -4.56300e-02  8.88200e-01 
 0.00000e+00  7.69900e-02 -4.36900e-02  8.86160e-01 
 0.00000e+00  6.93900e-02 -4.16200e-02  8.84120e-01 
 0.00000e+00  6.18200e-02 -3.93900e-02  8.82090e-01 
 0.00000e+00  5.43000e-02 -3.69900e-02  8.80080e-01 
 0.00000e+00  4.68500e-02 -3.43800e-02  8.78080e-01 
 0.00000e+00  3.94700e-02 -3.15500e-02  8.76100e-01 
 0.00000e+00  3.21800e-02 -2.84700e-02  8.74150e-01 
 0.00000e+00  2.50200e-02 -2.51100e-02  8.72230e-01 
 0.00000e+00  1.81300e-02 -2.11800e-02  8.70380e-01 
 0.00000e+00  1.17500e-02 -1.64200e-02  8.68670e-01 
 0.00000e+00  6.09000e-03 -1.07800e-02  8.67160e-01 
 0.00000e+00  1.97000e-03 -3.88000e-03  8.66050e-01 
 0.00000e+00  0.00000e+00  3.96000e-03  8.65530e-01 
 1.00000e+00  1.94000e-03  1.22400e-02  8.66050e-01 
 1.00000e+00  6.29000e-03  1.95300e-02  8.67210e-01 
 1.00000e+00  1.17700e-02  2.59600e-02  8.68680e-01 
 1.00000e+00  1.80400e-02  3.15700e-02  8.70360e-01 
 1.00000e+00  2.47900e-02  3.65600e-02  8.72170e-01 
 1.00000e+00  3.17600e-02  4.12100e-02  8.74040e-01 
 1.00000e+00  3.89200e-02  4.55500e-02  8.75960e-01 
 1.00000e+00  4.62300e-02  4.96000e-02  8.77910e-01 
 1.00000e+00  5.36700e-02  5.34000e-02  8.79910e-01 
 1.00000e+00  6.12100e-02  5.69700e-02  8.81930e-01 
 1.00000e+00  6.88500e-02  6.03300e-02  8.83970e-01 
 1.00000e+00  7.65500e-02  6.35100e-02  8.86040e-01 
 1.00000e+00  8.43200e-02  6.65300e-02  8.88120e-01 
 1.00000e+00  9.21300e-02  6.93900e-02  8.90210e-01 
 1.00000e+00  1.00000e-01  7.21100e-02  8.92320e-01 
 1.00000e+00  1.19480e-01  7.82500e-02  8.97540e-01 
 1.00000e+00  1.39150e-01  8.36800e-02  9.02810e-01 
 1.00000e+00  1.78890e-01  9.28400e-02  9.13460e-01 
 1.00000e+00  1.98910e-01  9.66400e-02  9.18820e-01 
 1.00000e+00  2.19020e-01  9.99400e-02  9.24210e-01 
 1.00000e+00  2.39190e-01  1.02770e-01  9.29620e-01 
 1.00000e+00  2.59420e-01  1.05150e-01  9.35040e-01 
 1.00000e+00  2.79690e-01  1.07090e-01  9.40470e-01 
 1.00000e+00  3.00000e-01  1.08620e-01  9.45910e-01 
 1.00000e+00  3.20010e-01  1.09710e-01  9.51270e-01 
 1.00000e+00  3.40040e-01  1.10380e-01  9.56640e-01 
 1.00000e+00  3.60080e-01  1.10600e-01  9.62010e-01 
 1.00000e+00  3.80120e-01  1.10390e-01  9.67380e-01 
 1.00000e+00  4.00150e-01  1.09770e-01  9.72740e-01 
 1.00000e+00  4.20160e-01  1.08780e-01  9.78110e-01 
 1.00000e+00  4.33500e-01  1.07920e-01  9.81680e-01 
 1.00000e+00  4.40160e-01  1.07430e-01  9.83470e-01 
 1.00000e+00  4.46820e-01  1.06910e-01  9.85250e-01 
 1.00000e+00  4.60140e-01  1.05750e-01  9.88820e-01 
 1.00000e+00  4.73440e-01  1.04450e-01  9.92380e-01 
 1.00000e+00  4.80080e-01  1.03760e-01  9.94160e-01 
 1.00000e+00  4.86730e-01  1.03020e-01  9.95940e-01 
 1.00000e+00  5.00000e-01  1.01460e-01  9.99500e-01 
 1.00000e+00  5.00000e-01  1.01460e-01  8.65530e-01 
 1.00000e+00  5.40420e-01  9.59700e-02  8.76360e-01 
 1.00000e+00  5.80710e-01  8.95200e-02  8.87150e-01 
 1.00000e+00  6.60900e-01  7.42600e-02  9.08640e-01 
 1.00000e+00  7.00830e-01  6.57400e-02  9.19340e-01 
 1.00000e+00  7.40680e-01  5.68200e-02  9.30020e-01 
 1.00000e+00  7.80490e-01  4.77000e-02  9.40680e-01 
 1.00000e+00  8.20290e-01  3.85300e-02  9.51350e-01 
 1.00000e+00  8.60110e-01  2.95100e-02  9.62020e-01 
 1.00000e+00  9.00000e-01  2.07700e-02  9.72710e-01 
 1.00000e+00  9.14240e-01  1.77000e-02  9.76520e-01 
 1.00000e+00  9.28500e-01  1.47200e-02  9.80340e-01 
 1.00000e+00  9.42790e-01  1.18900e-02  9.84170e-01 
 1.00000e+00  9.57110e-01  9.27000e-03  9.88010e-01 
 1.00000e+00  9.71460e-01  6.79000e-03  9.91850e-01 
 1.00000e+00  9.85800e-01  4.22000e-03  9.95690e-01 
 0.00000e+00 -2.85000e+00 -1.50000e+00  7.27000e-01 
 0.00000e+00 -2.55000e+00 -1.50000e+00  7.27000e-01 
 0.00000e+00 -2.35000e+00 -1.50000e+00  7.27000e-01 
 0.00000e+00 -2.15000e+00 -1.50000e+00  7.27000e-01 
 0.00000e+00 -1.95000e+00 -1.50000e+00  7.27000e-01 
 0.00000e+00 -1.85000e+00 -1.50000e+00  7.27000e-01 
 0.00000e+00 -1.75000e+00 -1.50000e+00  7.27000e-01 
 0.00000e+00 -1.65000e+00 -1.50000e+00  7.27000e-01 
 0.00000e+00 -1.55000e+00 -1.50000e+00  7.27000e-01 
 0.00000e+00 -1.45000e+00 -1.50000e+00  7.27000e-01 
 0.00000e+00 -1.35000e+00 -1.50000e+00  7.27000e-01 
 0.00000e+00 -1.25000e+00 -1.50000e+00  7.27000e-01 
 0.00000e+00 -1.15000e+00 -1.50000e+00  7.27000e-01 
 0.00000e+00 -1.05000e+00 -1.50000e+00  7.27000e-01 
 0.00000e+00 -9.50000e-01 -1.50000e+00  7.27000e-01 
 0.00000e+00 -8.50000e-01 -1.50000e+00  7.27000e-01 
 0.00000e+00 -7.50000e-01 -1.50000e+00  7.27000e-01 
 0.00000e+00 -6.50000e-01 -1.50000e+00  7.27000e-01 
 0.00000e+00 -5.50000e-01 -1.50000e+00  7.27000e-01 
 0.00000e+00 -4.50000e-01 -1.50000e+00  7.27000e-01 
 0.00000e+00 -3.50000e-01 -1.50000e+00  7.27000e-01 
 0.00000e+00 -2.50000e-01 -1.50000e+00  7.27000e-01 
 0.00000e+00 -1.50000e-01 -1.50000e+00  7.27000e-01 
 0.00000e+00 -5.00000e-02 -1.50000e+00  7.27000e-01 
 0.00000e+00  5.00000e-02 -1.50000e+00  7.27000e-01 
 0.00000e+00  1.50000e-01 -1.50000e+00  7.27000e-01 
 0.00000e+00  2.50000e-01 -1.50000e+00  7.27000e-01 
 0.00000e+00  3.50000e-01 -1.50000e+00  7.27000e-01 
 0.00000e+00  4.50000e-01 -1.50000e+00  7.27000e-01 
 0.00000e+00  5.50000e-01 -1.50000e+00  7.27000e-01 
 0.00000e+00  6.50000e-01 -1.50000e+00  7.27000e-01 
 0.00000e+00  7.50000e-01 -1.50000e+00  7.27000e-01 
 0.00000e+00  8.50000e-01 -1.50000e+00  7.27000e-01 
 0.00000e+00  9.50000e-01 -1.50000e+00  7.27000e-01 
 0.00000e+00  1.05000e+00 -1.50000e+00  7.27000e-01 
 0.00000e+00  1.15000e+00 -1.50000e+00  7.27000e-01 
 0.00000e+00  1.25000e+00 -1.50000e+00  7.27000e-01 
 0.00000e+00  1.35000e+00 -1.50000e+00  7.27000e-01 
 0.00000e+00  1.45000e+00 -1.50000e+00  7.27000e-01 
 0.00000e+00  1.55000e+00 -1.50000e+00  7.27000e-01 
 0.00000e+00  1.65000e+00 -1.50000e+00  7.27000e-01 
 0.00000e+00  1.75000e+00 -1.50000e+00  7.27000e-01 
 0.00000e+00  1.85000e+00 -1.50000e+00  7.27000e-01 
 0.00000e+00  1.95000e+00 -1.50000e+00  7.27000e-01 
 0.00000e+00  2.15000e+00 -1.50000e+00  7.27000e-01 
 0.00000e+00  2.35000e+00 -1.50000e+00  7.27000e-01 
 0.00000e+00  2.55000e+00 -1.50000e+00  7.27000e-01 
 0.00000e+00  2.85000e+00 -1.50000e+00  7.27000e-01 
 1.00000e+00 -2.85000e+00  1.50000e+00  7.27000e-01 
 1.00000e+00 -2.55000e+00  1.50000e+00  7.27000e-01 
 1.00000e+00 -2.35000e+00  1.50000e+00  7.27000e-01 
 1.00000e+00 -2.15000e+00  1.50000e+00  7.27000e-01 
 1.00000e+00 -1.95000e+00  1.50000e+00  7.27000e-01 
 1.00000e+00 -1.85000e+00  1.50000e+00  7.27000e-01 
 1.00000e+00 -1.75000e+00  1.50000e+00  7.27000e-01 
 1.00000e+00 -1.65000e+00  1.50000e+00  7.27000e-01 
 1.00000e+00 -1.55000e+00  1.50000e+00  7.27000e-01 
 1.00000e+00 -1.45000e+00  1.50000e+00  7.27000e-01 
 1.00000e+00 -1.35000e+00  1.50000e+00  7.27000e-01 
 1.00000e+00 -1.25000e+00  1.50000e+00  7.27000e-01 
 1.00000e+00 -1.15000e+00  1.50000e+00  7.27000e-01 
 1.00000e+00 -1.05000e+00  1.50000e+00  7.27000e-01 
 1.00000e+00 -9.50000e-01  1.50000e+00  7.27000e-01 
 1.00000e+00 -8.50000e-01  1.50000e+00  7.27000e-01 
 1.00000e+00 -7.50000e-01  1.50000e+00  7.27000e-01 
 1.00000e+00 -6.50000e-01  1.50000e+00  7.27000e-01 
 1.00000e+00 -5.50000e-01  1.50000e+00  7.27000e-01 
 1.00000e+00 -4.50000e-01  1.50000e+00  7.27000e-01 
 1.00000e+00 -3.50000e-01  1.50000e+00  7.27000e-01 
 1.00000e+00 -2.50000e-01  1.50000e+00  7.27000e-01 
 1.00000e+00 -1.50000e-01  1.50000e+00  7.27000e-01 
 1.00000e+00 -5.00000e-02  1.50000e+00  7.27000e-01 
 1.00000e+00  5.00000e-02  1.50000e+00  7.27000e-01 
 1.00000e+00  1.50000e-01  1.50000e+00  7.27000e-01 
 1.00000e+00  2.50000e-01  1.50000e+00  7.27000e-01 
 1.00000e+00  3.50000e-01  1.50000e+00  7.27000e-01 
 1.00000e+00  4.50000e-01  1.50000e+00  7.27000e-01 
 1.00000e+00  5.50000e-01  1.50000e+00  7.27000e-01 
 1.00000e+00  6.50000e-01  1.50000e+00  7.27000e-01 
 1.00000e+00  7.50000e-01  1.50000e+00  7.27000e-01 
 1.00000e+00  8.50000e-01  1.50000e+00  7.27000e-01 
 1.00000e+00  9.50000e-01  1.50000e+00  7.27000e-01 
 1.00000e+00  1.05000e+00  1.50000e+00  7.27000e-01 
 1.00000e+00  1.15000e+00  1.50000e+00  7.27000e-01 
 1.00000e+00  1.25000e+00  1.50000e+00  7.27000e-01 
 1.00000e+00  1.35000e+00  1.50000e+00  7.27000e-01 
 1.00000e+00  1.45000e+00  1.50000e+00  7.27000e-01 
 1.00000e+00  1.55000e+00  1.50000e+00  7.27000e-01 
 1.00000e+00  1.65000e+00  1.50000e+00  7.27000e-01 
 1.00000e+00  1.75000e+00  1.50000e+00  7.27000e-01 
 1.00000e+00  1.85000e+00  1.50000e+00  7.27000e-01 
 1.00000e+00  1.95000e+00  1.50000e+00  7.27000e-01 
 1.00000e+00  2.15000e+00  1.50000e+00  7.27000e-01 
 1.00000e+00  2.35000e+00  1.50000e+00  7.27000e-01 
 1.00000e+00  2.55000e+00  1.50000e+00  7.27000e-01 
 1.00000e+00  2.85000e+00  1.50000e+00  7.27000e-01 
 2.00000e+00 -2.85000e+00 -1.50000e+00  1.26700e+00 
 2.00000e+00 -1.95000e+00 -1.50000e+00  1.26700e+00 
 2.00000e+00 -1.35000e+00 -1.50000e+00  1.26700e+00 
 2.00000e+00 -9.50000e-01 -1.50000e+00  1.26700e+00 
 2.00000e+00 -6.50000e-01 -1.50000e+00  1.26700e+00 
 2.00000e+00 -4.50000e-01 -1.50000e+00  1.26700e+00 
 2.00000e+00 -2.50000e-01 -1.50000e+00  1.26700e+00 
 2.00000e+00 -5.00000e-02 -1.50000e+00  1.26700e+00 
 2.00000e+00  5.00000e-02 -1.50000e+00  1.26700e+00 
 2.00000e+00  2.50000e-01 -1.50000e+00  1.26700e+00 
 2.00000e+00  4.50000e-01 -1.50000e+00  1.26700e+00 
 2.00000e+00  6.50000e-01 -1.50000e+00  1.26700e+00 
 2.00000e+00  9.50000e-01 -1.50000e+00  1.26700e+00 
 2.00000e+00  1.35000e+00 -1.50000e+00  1.26700e+00 
 2.00000e+00  1.95000e+00 -1.50000e+00  1.26700e+00 
 2.00000e+00  2.85000e+00 -1.50000e+00  1.26700e+00 
 3.00000e+00 -2.85000e+00  1.50000e+00  1.26700e+00 
 3.00000e+00 -1.95000e+00  1.50000e+00  1.26700e+00 
 3.00000e+00 -1.35000e+00  1.50000e+00  1.26700e+00 
 3.00000e+00 -9.50000e-01  1.50000e+00  1.26700e+00 
 3.00000e+00 -6.50000e-01  1.50000e+00  1.26700e+00 
 3.00000e+00 -4.50000e-01  1.50000e+00  1.26700e+00 
 3.00000e+00 -2.50000e-01  1.50000e+00  1.26700e+00 
 3.00000e+00 -5.00000e-02  1.50000e+00  1.26700e+00 
 3.00000e+00  5.00000e-02  1.50000e+00  1.26700e+00 
 3.00000e+00  2.50000e-01  1.50000e+00  1.26700e+00 
 3.00000e+00  4.50000e-01  1.50000e+00  1.26700e+00 
 3.00000e+00  6.50000e-01  1.50000e+00  1.26700e+00 
 3.00000e+00  9.50000e-01  1.50000e+00  1.26700e+00 
 3.00000e+00  1.35000e+00  1.50000e+00  1.26700e+00 
 3.00000e+00  1.95000e+00  1.50000e+00  1.26700e+00 
 3.00000e+00  2.85000e+00  1.50000e+00  1.26700e+00 
 0.00000e+00  2.70000e+00 -3.47500e-01  0.00000e+00 
 0.00000e+00  2.70000e+00 -3.17500e-01  0.00000e+00 
 0.00000e+00  2.70000e+00 -2.87500e-01  0.00000e+00 
 0.00000e+00  2.70000e+00 -2.67500e-01  0.00000e+00 
 0.00000e+00  2.70000e+00 -2.47500e-01  0.00000e+00 
 0.00000e+00  2.70000e+00 -2.32500e-01  0.00000e+00 
 0.00000e+00  2.70000e+00 -2.17500e-01  0.00000e+00 
 0.00000e+00  2.70000e+00 -2.07500e-01  0.00000e+00 
 0.00000e+00  2.70000e+00 -1.97500e-01  0.00000e+00 
 0.00000e+00  2.70000e+00 -1.92500e-01  0.00000e+00 
 0.00000e+00  2.70000e+00 -1.87500e-01  0.00000e+00 
 0.00000e+00  2.70000e+00 -1.82500e-01  0.00000e+00 
 0.00000e+00  2.70000e+00 -1.77500e-01  0.00000e+00 
 0.00000e+00  2.70000e+00 -1.72500e-01  0.00000e+00 
 0.00000e+00  2.70000e+00 -1.67500e-01  0.00000e+00 
 0.00000e+00  2.70000e+00 -1.62500e-01  0.00000e+00 
 0.00000e+00  2.70000e+00 -1.57500e-01  0.00000e+00 
 0.00000e+00  2.70000e+00 -1.52500e-01  0.00000e+00 
 0.00000e+00  2.70000e+00 -1.47500e-01  0.00000e+00 
 0.00000e+00  2.70000e+00 -1.42500e-01  0.00000e+00 
 0.00000e+00  2.70000e+00 -1.37500e-01  0.00000e+00 
 0.00000e+00  2.70000e+00 -1.32500e-01  0.00000e+00 
 0.00000e+00  2.70000e+00 -1.27500e-01  0.00000e+00 
 0.00000e+00  2.70000e+00 -1.22500e-01  0.00000e+00 
 0.00000e+00  2.70000e+00 -1.17500e-01  0.00000e+00 
 0.00000e+00  2.70000e+00 -1.12500e-01  0.00000e+00 
 0.00000e+00  2.70000e+00 -1.07500e-01  0.00000e+00 
 0.00000e+00  2.70000e+00 -1.02500e-01  0.00000e+00 
 0.00000e+00  2.70000e+00 -9.75000e-02  0.00000e+00 
 0.00000e+00  2.70000e+00 -9.25000e-02  0.00000e+00 
 0.00000e+00  2.70000e+00 -8.75000e-02  0.00000e+00 
 0.00000e+00  2.70000e+00 -8.25000e-02  0.00000e+00 
 0.00000e+00  2.70000e+00 -7.75000e-02  0.00000e+00 
 0.00000e+00  2.70000e+00 -7.25000e-02  0.00000e+00 
 0.00000e+00  2.70000e+00 -6.75000e-02  0.00000e+00 
 0.00000e+00  2.70000e+00 -6.25000e-02  0.00000e+00 
 0.00000e+00  2.70000e+00 -5.75000e-02  0.00000e+00 
 0.00000e+00  2.70000e+00 -5.25000e-02  0.00000e+00 
 0.00000e+00  2.70000e+00 -4.75000e-02  0.00000e+00 
 0.00000e+00  2.70000e+00 -4.25000e-02  0.00000e+00 
 0.00000e+00  2.70000e+00 -3.75000e-02  0.00000e+00 
 0.00000e+00  2.70000e+00 -3.25000e-02  0.00000e+00 
 0.00000e+00  2.70000e+00 -2.75000e-02  0.00000e+00 
 0.00000e+00  2.70000e+00 -2.25000e-02  0.00000e+00 
 0.00000e+00  2.70000e+00 -1.75000e-02  0.00000e+00 
 0.00000e+00  2.70000e+00 -1.25000e-02  0.00000e+00 
 0.00000e+00  2.70000e+00 -7.50000e-03  0.00000e+00 
 0.00000e+00  2.70000e+00 -2.50000e-03  0.00000e+00 
 0.00000e+00  2.70000e+00  2.50000e-03  0.00000e+00 
 0.00000e+00  2.70000e+00  7.50000e-03  0.00000e+00 
 0.00000e+00  2.70000e+00  1.25000e-02  0.00000e+00 
 0.00000e+00  2.70000e+00  1.75000e-02  0.00000e+00 
 0.00000e+00  2.70000e+00  2.25000e-02  0.00000e+00 
 0.00000e+00  2.70000e+00  2.75000e-02  0.00000e+00 
 0.00000e+00  2.70000e+00  3.25000e-02  0.00000e+00 
 0.00000e+00  2.70000e+00  3.75000e-02  0.00000e+00 
 0.00000e+00  2.70000e+00  4.25000e-02  0.00000e+00 
 0.00000e+00  2.70000e+00  4.75000e-02  0.00000e+00 
 0.00000e+00  2.70000e+00  5.25000e-02  0.00000e+00 
 0.00000e+00  2.70000e+00  5.75000e-02  0.00000e+00 
 0.00000e+00  2.70000e+00  6.25000e-02  0.00000e+00 
 0.00000e+00  2.70000e+00  6.75000e-02  0.00000e+00 
 0.00000e+00  2.70000e+00  7.25000e-02  0.00000e+00 
 0.00000e+00  2.70000e+00  7.75000e-02  0.00000e+00 
 0.00000e+00  2.70000e+00  8.25000e-02  0.00000e+00 
 0.00000e+00  2.70000e+00  8.75000e-02  0.00000e+00 
 0.00000e+00  2.70000e+00  9.25000e-02  0.00000e+00 
 0.00000e+00  2.70000e+00  9.75000e-02  0.00000e+00 
 0.00000e+00  2.70000e+00  1.02500e-01  0.00000e+00 
 0.00000e+00  2.70000e+00  1.07500e-01  0.00000e+00 
 0.00000e+00  2.70000e+00  1.12500e-01  0.00000e+00 
 0.00000e+00  2.70000e+00  1.17500e-01  0.00000e+00 
 0.00000e+00  2.70000e+00  1.22500e-01  0.00000e+00 
 0.00000e+00  2.70000e+00  1.27500e-01  0.00000e+00 
 0.00000e+00  2.70000e+00  1.32500e-01  0.00000e+00 
 0.00000e+00  2.70000e+00  1.37500e-01  0.00000e+00 
 0.00000e+00  2.70000e+00  1.42500e-01  0.00000e+00 
 0.00000e+00  2.70000e+00  1.47500e-01  0.00000e+00 
 0.00000e+00  2.70000e+00  1.52500e-01  0.00000e+00 
 0.00000e+00  2.70000e+00  1.57500e-01  0.00000e+00 
 0.00000e+00  2.70000e+00  1.62500e-01  0.00000e+00 
 0.00000e+00  2.70000e+00  1.67500e-01  0.00000e+00 
 0.00000e+00  2.70000e+00  1.72500e-01  0.00000e+00 
 0.00000e+00  2.70000e+00  1.77500e-01  0.00000e+00 
 0.00000e+00  2.70000e+00  1.82500e-01  0.00000e+00 
 0.00000e+00  2.70000e+00  1.87500e-01  0.00000e+00 
 0.00000e+00  2.70000e+00  1.92500e-01  0.00000e+00 
 0.00000e+00  2.70000e+00  1.97500e-01  0.00000e+00 
 0.00000e+00  2.70000e+00  2.07500e-01  0.00000e+00 
 0.00000e+00  2.70000e+00  2.17500e-01  0.00000e+00 
 0.00000e+00  2.70000e+00  2.32500e-01  0.00000e+00 
 0.00000e+00  2.70000e+00  2.47500e-01  0.00000e+00 
 0.00000e+00  2.70000e+00  2.67500e-01  0.00000e+00 
 0.00000e+00  2.70000e+00  2.87500e-01  0.00000e+00 
 0.00000e+00  2.70000e+00  3.17500e-01  0.00000e+00 
 0.00000e+00  2.70000e+00  3.47500e-01  0.00000e+00 
