-2.02975e+00  3.96873e+00  8.96841e+00 
 5.88391e+01  5.85954e+01  5.82408e+01 
 2.02287e+01  2.06113e+01  2.08937e+01 
 3.91607e+06  3.89116e+06  3.86156e+06 
 2.09047e+03  2.07065e+03  2.04398e+03 
 1.02127e+05  1.02132e+05  1.02146e+05 
 3.20468e+02  2.85918e+02 -4.11316e+00 
 4.48788e+02  4.91025e+02  3.72361e+02 
 5.31100e+02  6.08033e+02  5.44540e+02 
 5.36667e+02  6.29355e+02  5.94582e+02 
 5.14924e+02  6.19709e+02  6.04280e+02 
 4.80811e+02  5.95886e+02  5.96065e+02 
 4.04216e+02  5.41139e+02  5.71070e+02 
 3.16189e+02  4.78198e+02  5.36082e+02 
 2.25600e+02  4.17660e+02  5.04278e+02 
 1.12842e+02  3.37270e+02  4.54359e+02 
-1.48163e+01  2.48113e+02  4.05070e+02 
-1.38296e+02  1.67472e+02  3.11504e+02 
-3.19470e+02  6.87042e+01  2.47167e+02 
-3.82214e+02  3.83622e+01  2.22943e+02 
-5.10414e+02 -9.63648e+01  1.93308e+02 
-6.83185e+02 -1.96111e+02  1.40086e+02 
-6.69419e+02 -1.94819e+02  1.42513e+02 
-8.16666e+02 -2.56258e+02  1.17496e+02 
-9.30958e+02 -3.07585e+02  1.13989e+02 
-1.09720e+03 -3.50885e+02  1.21058e+02 
-1.18842e+03 -3.57538e+02  1.63634e+02 
-1.22401e+03 -3.10401e+02  2.56497e+02 
-1.23765e+03 -2.85321e+02  3.03006e+02 
-1.21980e+03 -2.30101e+02  3.77514e+02 
-1.19905e+03 -1.65331e+02  4.63253e+02 
-1.20655e+03 -1.20060e+02  5.30617e+02 
-1.18699e+03 -5.47428e+01  6.16663e+02 
-1.20892e+03  2.14225e+00  7.08753e+02 
-1.28631e+03  1.16172e+02  9.00171e+02 
-1.29103e+03  2.16417e+02  1.03306e+03 
-1.29796e+03  3.35613e+02  1.18100e+03 
-1.28777e+03  3.97506e+02  1.25219e+03 
-1.30401e+03  4.47804e+02  1.31629e+03 
-1.30241e+03  5.15024e+02  1.39031e+03 
-1.28770e+03  6.03566e+02  1.47650e+03 
-1.31022e+03  6.64368e+02  1.54809e+03 
-1.29802e+03  7.61918e+02  1.63906e+03 
-1.26740e+03  8.77731e+02  1.73692e+03 
-1.23772e+03  1.01109e+03  1.83445e+03 
-1.22542e+03  1.17067e+03  1.93003e+03 
-1.27148e+03  1.32461e+03  2.00070e+03 
-1.20596e+03  1.56611e+03  2.01371e+03 
-8.90520e+02  1.83990e+03  1.82797e+03 
-2.54410e+02  2.04270e+03  1.15697e+03 
 9.35160e+02  1.80561e+03 -7.89282e+02 
 1.85966e+03  3.89884e+02 -4.73258e+03 
 2.01496e+03 -1.12051e+03 -6.51567e+03 
 1.63401e+03 -1.86885e+03 -6.65500e+03 
 1.19703e+03 -2.33129e+03 -6.59280e+03 
 8.51437e+02 -2.48630e+03 -6.23258e+03 
 6.04322e+02 -2.48925e+03 -5.81722e+03 
 3.94482e+02 -2.52353e+03 -5.54568e+03 
 2.11660e+02 -2.55920e+03 -5.33937e+03 
 5.04906e+01 -2.59131e+03 -5.13489e+03 
-8.97668e+01 -2.61599e+03 -4.78169e+03 
-2.14409e+02 -2.64370e+03 -4.69084e+03 
-3.20223e+02 -2.65365e+03 -4.61175e+03 
-4.12843e+02 -2.65830e+03 -4.53010e+03 
-5.00214e+02 -2.66666e+03 -4.46916e+03 
-5.79292e+02 -2.67681e+03 -4.39337e+03 
-6.50032e+02 -2.67763e+03 -4.30781e+03 
-8.11769e+02 -2.69465e+03 -4.17858e+03 
-9.28263e+02 -2.68000e+03 -4.00516e+03 
-1.19788e+03 -2.73600e+03 -3.91560e+03 
-1.28958e+03 -2.72131e+03 -3.82852e+03 
-1.38127e+03 -2.70661e+03 -3.74143e+03 
-1.29766e+03 -2.66155e+03 -3.49445e+03 
-1.40637e+03 -2.66146e+03 -3.48335e+03 
-1.44644e+03 -2.59194e+03 -3.40162e+03 
-1.49185e+03 -2.59260e+03 -3.33153e+03 
-1.50964e+03 -2.55536e+03 -3.23871e+03 
-1.52548e+03 -2.52425e+03 -3.14552e+03 
-1.51622e+03 -2.46403e+03 -3.02830e+03 
-1.49011e+03 -2.36157e+03 -2.89409e+03 
-1.48510e+03 -2.29102e+03 -2.77905e+03 
-1.44293e+03 -2.18513e+03 -2.63022e+03 
-1.42323e+03 -2.14056e+03 -2.54371e+03 
-1.41096e+03 -2.11029e+03 -2.49859e+03 
-1.39159e+03 -2.08008e+03 -2.45163e+03 
-1.35505e+03 -2.02895e+03 -2.36424e+03 
-1.30574e+03 -1.96460e+03 -2.26869e+03 
-1.28712e+03 -1.93315e+03 -2.22355e+03 
-1.25837e+03 -1.89153e+03 -2.17218e+03 
-1.21998e+03 -1.82159e+03 -2.07968e+03 
-1.24385e+03 -1.82000e+03 -2.07771e+03 
-1.07978e+03 -1.62036e+03 -1.80582e+03 
-9.92496e+02 -1.44166e+03 -1.54794e+03 
-6.95701e+02 -1.01780e+03 -1.02626e+03 
-5.51864e+02 -8.23544e+02 -8.11043e+02 
-4.08027e+02 -6.29283e+02 -5.95826e+02 
-2.79146e+02 -4.58517e+02 -4.35882e+02 
-1.62291e+02 -3.01888e+02 -3.03427e+02 
-5.32567e+01 -1.61380e+02 -2.20281e+02 
 6.33104e+01 -1.65962e+01 -1.45200e+02 
 9.81315e+01  3.13683e+01 -1.23257e+02 
 1.40732e+02  7.78253e+01 -1.02529e+02 
 1.72546e+02  1.20166e+02 -8.26635e+01 
 1.96539e+02  1.55881e+02 -6.38320e+01 
 2.14513e+02  1.90045e+02 -4.40853e+01 
 2.33291e+02  2.21372e+02 -2.87802e+01 
-3.46493e+01 -1.94410e+00  1.89208e+01 
-5.43106e+01 -1.01653e+01  1.82632e+01 
-5.45543e+01 -8.36082e-01  3.34753e+01 
-5.00123e+01  1.48155e+01  5.58421e+01 
-5.22078e+01  2.59922e+01  7.54067e+01 
-5.43056e+01  3.18042e+01  8.56247e+01 
-5.77534e+01  3.69389e+01  9.60782e+01 
-7.00607e+01  3.49445e+01  1.00346e+02 
-6.88797e+01  4.56747e+01  1.16530e+02 
-6.76988e+01  5.64048e+01  1.32713e+02 
-6.64214e+01  6.83566e+01  1.50491e+02 
-6.55443e+01  8.00512e+01  1.68547e+02 
-7.64106e+01  8.23830e+01  1.77985e+02 
-7.70192e+01  9.32951e+01  1.94914e+02 
-8.53168e+01  9.75951e+01  2.06125e+02 
-9.25920e+01  1.02224e+02  2.16919e+02 
-1.21493e+02  8.94905e+01  2.12989e+02 
-1.14723e+02  1.03759e+02  2.30799e+02 
-1.26981e+02  1.01883e+02  2.34087e+02 
-1.25804e+02  1.09690e+02  2.44971e+02 
-1.24323e+02  1.15698e+02  2.52818e+02 
-1.31627e+02  1.13399e+02  2.52316e+02 
-1.35712e+02  1.10886e+02  2.50239e+02 
-1.31020e+02  1.12280e+02  2.49286e+02 
-1.26327e+02  1.13675e+02  2.48333e+02 
-1.19370e+02  1.14681e+02  2.45330e+02 
-1.11020e+02  1.15128e+02  2.41165e+02 
-1.09377e+02  1.07962e+02  2.28741e+02 
-1.01262e+02  1.06261e+02  2.20857e+02 
-9.24895e+01  1.03376e+02  2.10898e+02 
-8.90773e+01  9.54365e+01  1.96169e+02 
-9.02221e+01  8.31133e+01  1.77418e+02 
-8.99243e+01  7.16679e+01  1.59178e+02 
-7.75531e+01  7.16876e+01  1.51772e+02 
-8.04842e+01  5.77314e+01  1.31462e+02 
-6.88930e+01  5.76386e+01  1.24267e+02 
-6.47222e+01  5.07602e+01  1.11251e+02 
-6.39214e+01  4.15737e+01  9.60258e+01 
-5.84970e+01  3.76186e+01  8.68431e+01 
-5.57704e+01  3.17002e+01  7.55730e+01 
-4.98219e+01  2.94551e+01  6.87655e+01 
-5.10378e+01  2.11285e+01  5.60914e+01 
-5.24859e+01  1.30697e+01  4.42660e+01 
-6.13093e+01 -1.64232e+00  2.60848e+01 
-6.76319e+01 -1.88532e+01  2.45748e+00 
-8.90670e+01 -4.92997e+01 -3.29625e+01 
-1.03619e+02 -7.11678e+01 -5.90923e+01 
-1.25948e+02 -1.01882e+02 -9.43606e+01 
-4.82680e+01 -7.69936e+01 -9.60939e+01 
-5.12117e+01 -9.11569e+01 -1.18113e+02 
-5.34758e+01 -1.03126e+02 -1.36632e+02 
-5.37486e+01 -1.15021e+02 -1.56600e+02 
-6.23242e+01 -1.38247e+02 -1.90025e+02 
-6.43736e+01 -1.48463e+02 -2.05774e+02 
-6.66778e+01 -1.59426e+02 -2.23054e+02 
-7.28152e+01 -1.75290e+02 -2.45911e+02 
-7.72093e+01 -1.90244e+02 -2.68468e+02 
-9.20539e+01 -2.17297e+02 -3.04384e+02 
-9.74447e+01 -2.35090e+02 -3.31311e+02 
-9.59158e+01 -2.45890e+02 -3.51355e+02 
-1.01896e+02 -2.65721e+02 -3.80221e+02 
-1.07148e+02 -2.84216e+02 -4.10314e+02 
-1.09697e+02 -2.99658e+02 -4.35884e+02 
-1.23179e+02 -3.27573e+02 -4.74907e+02 
-1.31339e+02 -3.49335e+02 -5.07032e+02 
-1.36200e+02 -3.65901e+02 -5.32909e+02 
-1.44233e+02 -3.84399e+02 -5.59338e+02 
-1.56966e+02 -4.06671e+02 -5.88571e+02 
-1.68926e+02 -4.25114e+02 -6.12206e+02 
-1.77419e+02 -4.37456e+02 -6.27384e+02 
-1.91608e+02 -4.53975e+02 -6.45078e+02 
-1.92521e+02 -4.52147e+02 -6.40595e+02 
-1.98951e+02 -4.55203e+02 -6.40204e+02 
-1.96052e+02 -4.45536e+02 -6.24545e+02 
-1.92260e+02 -4.32028e+02 -6.03889e+02 
-1.98926e+02 -4.29836e+02 -5.94337e+02 
-1.80549e+02 -3.97792e+02 -5.52111e+02 
-1.77543e+02 -3.82415e+02 -5.27641e+02 
-1.68638e+02 -3.60262e+02 -4.95226e+02 
-1.61104e+02 -3.38981e+02 -4.64240e+02 
-1.68333e+02 -3.35327e+02 -4.50138e+02 
-1.53320e+02 -3.06467e+02 -4.12075e+02 
-1.43822e+02 -2.84051e+02 -3.81314e+02 
-1.34743e+02 -2.62068e+02 -3.50594e+02 
-1.24338e+02 -2.41015e+02 -3.23320e+02 
-1.25171e+02 -2.31370e+02 -3.06637e+02 
-1.24126e+02 -2.20496e+02 -2.89070e+02 
-1.10207e+02 -1.97424e+02 -2.60156e+02 
-1.07288e+02 -1.86397e+02 -2.43787e+02 
-1.09444e+02 -1.81224e+02 -2.33865e+02 
-1.03995e+02 -1.69147e+02 -2.17527e+02 
-1.04141e+02 -1.62802e+02 -2.07203e+02 
-1.05751e+02 -1.52984e+02 -1.89857e+02 
-9.97333e+01 -1.38542e+02 -1.70222e+02 
-1.12410e+02 -1.43401e+02 -1.70173e+02 
-1.33261e+02 -1.54875e+02 -1.75601e+02 
-4.25771e+01 -9.75746e+00  1.13310e+01 
-5.74953e+01  2.12318e+01  7.09865e+01 
-6.30813e+01  7.14506e+01  1.53347e+02 
-8.66993e+01  9.60846e+01  2.04738e+02 
-1.09970e+02  1.08519e+02  2.35030e+02 
-1.17140e+02  1.17661e+02  2.52023e+02 
-1.25124e+02  1.18981e+02  2.57195e+02 
-1.21275e+02  1.21256e+02  2.57662e+02 
-1.25004e+02  1.15262e+02  2.49538e+02 
-1.09518e+02  1.16636e+02  2.42250e+02 
-1.12278e+02  9.70544e+01  2.12376e+02 
-9.01478e+01  9.44504e+01  1.95397e+02 
-7.82457e+01  7.08774e+01  1.51031e+02 
-5.57790e+01  4.94119e+01  1.03951e+02 
-6.09087e+01 -1.38300e+00  2.61875e+01 
-1.28391e+02 -1.04501e+02 -9.68596e+01 
-5.04835e+01 -7.91577e+01 -9.81848e+01 
-6.18533e+01 -1.37409e+02 -1.89191e+02 
-8.34481e+01 -2.20174e+02 -3.15467e+02 
-1.11574e+02 -3.03044e+02 -4.39948e+02 
-1.37877e+02 -3.67267e+02 -5.34150e+02 
-1.53720e+02 -4.02701e+02 -5.84308e+02 
-1.77195e+02 -4.37409e+02 -6.27166e+02 
-1.93557e+02 -4.53719e+02 -6.42114e+02 
-1.91553e+02 -4.47262e+02 -6.31660e+02 
-1.93438e+02 -4.34341e+02 -6.06497e+02 
-1.83805e+02 -4.02222e+02 -5.57161e+02 
-1.70801e+02 -3.62826e+02 -4.98304e+02 
-1.47892e+02 -3.00607e+02 -4.07579e+02 
-1.21498e+02 -2.27753e+02 -3.02911e+02 
-9.82246e+01 -1.57137e+02 -2.01641e+02 
-1.35862e+02 -1.57766e+02 -1.77851e+02 
 2.10343e+03  2.08504e+03  2.04982e+03 
 2.10382e+03  2.08537e+03  2.05017e+03 
 2.10352e+03  2.08523e+03  2.04976e+03 
 2.10325e+03  2.08478e+03  2.04861e+03 
 2.10389e+03  2.08547e+03  2.04278e+03 
 2.10380e+03  2.08538e+03  2.02994e+03 
 2.10369e+03  2.08527e+03  1.99821e+03 
 2.10339e+03  2.08500e+03  1.97366e+03 
 2.10333e+03  2.08483e+03  1.93555e+03 
 2.10369e+03  2.08538e+03  1.91440e+03 
 2.10377e+03  2.08537e+03  1.89511e+03 
 2.10366e+03  2.08535e+03  1.87294e+03 
 2.10307e+03  2.08459e+03  1.84744e+03 
 2.10355e+03  2.08513e+03  1.82912e+03 
 2.10368e+03  2.08533e+03  1.81203e+03 
 2.10346e+03  2.08505e+03  1.79319e+03 
 2.10326e+03  2.08463e+03  1.77487e+03 
 2.09995e+03  2.08058e+03  1.75746e+03 
 2.10379e+03  2.08531e+03  1.74879e+03 
 2.10374e+03  2.08490e+03  1.74228e+03 
 2.10348e+03  2.08398e+03  1.73832e+03 
 2.10368e+03  2.08224e+03  1.73822e+03 
 2.10386e+03  2.07984e+03  1.73862e+03 
 2.10383e+03  2.07580e+03  1.74336e+03 
 2.10390e+03  2.06362e+03  1.75539e+03 
 2.10413e+03  2.05227e+03  1.76603e+03 
 2.10432e+03  2.03398e+03  1.78007e+03 
 2.10377e+03  2.01257e+03  1.79570e+03 
 2.10371e+03  1.99059e+03  1.80983e+03 
 2.10333e+03  1.96017e+03  1.82868e+03 
 2.10422e+03  1.93079e+03  1.84923e+03 
 2.10351e+03  1.90304e+03  1.86728e+03 
 2.10281e+03  1.87528e+03  1.88533e+03 
 2.10277e+03  1.84861e+03  1.90736e+03 
 2.10265e+03  1.83302e+03  1.92433e+03 
 2.10283e+03  1.82939e+03  1.94239e+03 
 2.10302e+03  1.82577e+03  1.96045e+03 
 2.10310e+03  1.83089e+03  1.97106e+03 
 2.10289e+03  1.84951e+03  1.98745e+03 
 2.10237e+03  1.87106e+03  1.99853e+03 
 2.10273e+03  1.89354e+03  2.00724e+03 
 2.10247e+03  1.92130e+03  2.01624e+03 
 2.10314e+03  1.94875e+03  2.02404e+03 
 2.10308e+03  1.97636e+03  2.02984e+03 
 2.10303e+03  2.00397e+03  2.03565e+03 
 2.10296e+03  2.02932e+03  2.03977e+03 
 2.10214e+03  2.04466e+03  2.04282e+03 
 2.09930e+03  2.06291e+03  2.04532e+03 
 2.09587e+03  2.06928e+03  2.04599e+03 
 2.08698e+03  2.07661e+03  2.04726e+03 
 2.07561e+03  2.08006e+03  2.04793e+03 
 2.05457e+03  2.08266e+03  2.04841e+03 
 2.02926e+03  2.08419e+03  2.04911e+03 
 2.00089e+03  2.08447e+03  2.04909e+03 
 1.97316e+03  2.08457e+03  2.04920e+03 
 1.93412e+03  2.08453e+03  2.04931e+03 
 1.90201e+03  2.08490e+03  2.04967e+03 
 1.87021e+03  2.08528e+03  2.05003e+03 
 1.84801e+03  2.08484e+03  2.04951e+03 
 1.83460e+03  2.08464e+03  2.04926e+03 
 1.83309e+03  2.08546e+03  2.05010e+03 
 1.84160e+03  2.08556e+03  2.05023e+03 
 1.86190e+03  2.08514e+03  2.04974e+03 
 1.88303e+03  2.08515e+03  2.04980e+03 
 1.91338e+03  2.08465e+03  2.04894e+03 
 1.94919e+03  2.08479e+03  2.04900e+03 
 1.99018e+03  2.08382e+03  2.04811e+03 
 2.01904e+03  2.08401e+03  2.04822e+03 
 2.04197e+03  2.08346e+03  2.04766e+03 
 2.06968e+03  2.08433e+03  2.04871e+03 
 2.08363e+03  2.08356e+03  2.04782e+03 
 2.09130e+03  2.08409e+03  2.04865e+03 
 2.09813e+03  2.08354e+03  2.04779e+03 
 2.10082e+03  2.08397e+03  2.04833e+03 
 2.10140e+03  2.08306e+03  2.04780e+03 
 2.10247e+03  2.08345e+03  2.04792e+03 
 2.10348e+03  2.08449e+03  2.04883e+03 
 2.10374e+03  2.08464e+03  2.04891e+03 
 2.10346e+03  2.08435e+03  2.04865e+03 
 2.10303e+03  2.08410e+03  2.04848e+03 
 2.10362e+03  2.08462e+03  2.04885e+03 
 2.10296e+03  2.08397e+03  2.04829e+03 
 2.10331e+03  2.08491e+03  2.04918e+03 
 2.10284e+03  2.08359e+03  2.04794e+03 
 2.10341e+03  2.08450e+03  2.04895e+03 
 2.10380e+03  2.08459e+03  2.04894e+03 
 2.10257e+03  2.08365e+03  2.04806e+03 
 2.10297e+03  2.08394e+03  2.04823e+03 
 2.10302e+03  2.08394e+03  2.04841e+03 
 2.10307e+03  2.08415e+03  2.04869e+03 
 2.10261e+03  2.08382e+03  2.04853e+03 
 2.10243e+03  2.08335e+03  2.04793e+03 
 2.10279e+03  2.08402e+03  2.04854e+03 
 2.10276e+03  2.08375e+03  2.04820e+03 
 2.10297e+03  2.08395e+03  2.04835e+03 
 2.10318e+03  2.08415e+03  2.04850e+03 
-1.86416e+02  1.59857e+03  2.96244e+03 
-1.98537e+02 -2.03043e+02 -3.77445e+02 
 5.11500e+02  1.44296e+03  2.00525e+03 
 2.52836e+02  1.49203e+02 -1.15359e+02 
 1.00000e+00  1.00000e+00  0.00000e+00  9.99500e-01 
 0.00000e+00  9.80060e-01  9.70000e-04  9.94160e-01 
 0.00000e+00  9.60050e-01  1.97000e-03  9.88800e-01 
 0.00000e+00  9.40020e-01  2.11000e-03  9.83430e-01 
 0.00000e+00  9.20000e-01  1.41000e-03  9.78060e-01 
 0.00000e+00  9.00000e-01  1.30000e-04  9.72710e-01 
 0.00000e+00  8.59760e-01 -3.47000e-03  9.61920e-01 
 0.00000e+00  8.19630e-01 -8.23000e-03  9.51170e-01 
 0.00000e+00  7.79600e-01 -1.38600e-02  9.40440e-01 
 0.00000e+00  7.39650e-01 -2.00600e-02  9.29740e-01 
 0.00000e+00  6.99760e-01 -2.66000e-02  9.19050e-01 
 0.00000e+00  6.59880e-01 -3.32400e-02  9.08360e-01 
 0.00000e+00  5.99680e-01 -4.30500e-02  8.92240e-01 
 0.00000e+00  5.80050e-01 -4.61100e-02  8.86980e-01 
 0.00000e+00  5.40060e-01 -5.20100e-02  8.76260e-01 
 0.00000e+00  5.00000e-01 -5.73600e-02  8.65530e-01 
 0.00000e+00  5.00000e-01 -5.73600e-02  9.99500e-01 
 0.00000e+00  4.60140e-01 -6.19300e-02  9.88820e-01 
 0.00000e+00  4.20200e-01 -6.56100e-02  9.78120e-01 
 0.00000e+00  3.80180e-01 -6.82400e-02  9.67390e-01 
 0.00000e+00  3.40100e-01 -6.95900e-02  9.56660e-01 
 0.00000e+00  3.00000e-01 -6.95700e-02  9.45910e-01 
 0.00000e+00  2.79880e-01 -6.91000e-02  9.40520e-01 
 0.00000e+00  2.59770e-01 -6.83200e-02  9.35130e-01 
 0.00000e+00  2.39670e-01 -6.72200e-02  9.29750e-01 
 0.00000e+00  2.19600e-01 -6.57900e-02  9.24370e-01 
 0.00000e+00  1.99550e-01 -6.40100e-02  9.18990e-01 
 0.00000e+00  1.79530e-01 -6.18700e-02  9.13630e-01 
 0.00000e+00  1.39620e-01 -5.64500e-02  9.02940e-01 
 0.00000e+00  1.19760e-01 -5.30800e-02  8.97620e-01 
 0.00000e+00  1.00000e-01 -4.91600e-02  8.92320e-01 
 0.00000e+00  9.23100e-02 -4.74500e-02  8.90260e-01 
 0.00000e+00  8.46400e-02 -4.56300e-02  8.88200e-01 
 0.00000e+00  7.69900e-02 -4.36900e-02  8.86160e-01 
 0.00000e+00  6.93900e-02 -4.16200e-02  8.84120e-01 
 0.00000e+00  6.18200e-02 -3.93900e-02  8.82090e-01 
 0.00000e+00  5.43000e-02 -3.69900e-02  8.80080e-01 
 0.00000e+00  4.68500e-02 -3.43800e-02  8.78080e-01 
 0.00000e+00  3.94700e-02 -3.15500e-02  8.76100e-01 
 0.00000e+00  3.21800e-02 -2.84700e-02  8.74150e-01 
 0.00000e+00  2.50200e-02 -2.51100e-02  8.72230e-01 
 0.00000e+00  1.81300e-02 -2.11800e-02  8.70380e-01 
 0.00000e+00  1.17500e-02 -1.64200e-02  8.68670e-01 
 0.00000e+00  6.09000e-03 -1.07800e-02  8.67160e-01 
 0.00000e+00  1.97000e-03 -3.88000e-03  8.66050e-01 
 0.00000e+00  0.00000e+00  3.96000e-03  8.65530e-01 
 1.00000e+00  1.94000e-03  1.22400e-02  8.66050e-01 
 1.00000e+00  6.29000e-03  1.95300e-02  8.67210e-01 
 1.00000e+00  1.17700e-02  2.59600e-02  8.68680e-01 
 1.00000e+00  1.80400e-02  3.15700e-02  8.70360e-01 
 1.00000e+00  2.47900e-02  3.65600e-02  8.72170e-01 
 1.00000e+00  3.17600e-02  4.12100e-02  8.74040e-01 
 1.00000e+00  3.89200e-02  4.55500e-02  8.75960e-01 
 1.00000e+00  4.62300e-02  4.96000e-02  8.77910e-01 
 1.00000e+00  5.36700e-02  5.34000e-02  8.79910e-01 
 1.00000e+00  6.12100e-02  5.69700e-02  8.81930e-01 
 1.00000e+00  6.88500e-02  6.03300e-02  8.83970e-01 
 1.00000e+00  7.65500e-02  6.35100e-02  8.86040e-01 
 1.00000e+00  8.43200e-02  6.65300e-02  8.88120e-01 
 1.00000e+00  9.21300e-02  6.93900e-02  8.90210e-01 
 1.00000e+00  1.00000e-01  7.21100e-02  8.92320e-01 
 1.00000e+00  1.19480e-01  7.82500e-02  8.97540e-01 
 1.00000e+00  1.39150e-01  8.36800e-02  9.02810e-01 
 1.00000e+00  1.78890e-01  9.28400e-02  9.13460e-01 
 1.00000e+00  1.98910e-01  9.66400e-02  9.18820e-01 
 1.00000e+00  2.19020e-01  9.99400e-02  9.24210e-01 
 1.00000e+00  2.39190e-01  1.02770e-01  9.29620e-01 
 1.00000e+00  2.59420e-01  1.05150e-01  9.35040e-01 
 1.00000e+00  2.79690e-01  1.07090e-01  9.40470e-01 
 1.00000e+00  3.00000e-01  1.08620e-01  9.45910e-01 
 1.00000e+00  3.20010e-01  1.09710e-01  9.51270e-01 
 1.00000e+00  3.40040e-01  1.10380e-01  9.56640e-01 
 1.00000e+00  3.60080e-01  1.10600e-01  9.62010e-01 
 1.00000e+00  3.80120e-01  1.10390e-01  9.67380e-01 
 1.00000e+00  4.00150e-01  1.09770e-01  9.72740e-01 
 1.00000e+00  4.20160e-01  1.08780e-01  9.78110e-01 
 1.00000e+00  4.33500e-01  1.07920e-01  9.81680e-01 
 1.00000e+00  4.40160e-01  1.07430e-01  9.83470e-01 
 1.00000e+00  4.46820e-01  1.06910e-01  9.85250e-01 
 1.00000e+00  4.60140e-01  1.05750e-01  9.88820e-01 
 1.00000e+00  4.73440e-01  1.04450e-01  9.92380e-01 
 1.00000e+00  4.80080e-01  1.03760e-01  9.94160e-01 
 1.00000e+00  4.86730e-01  1.03020e-01  9.95940e-01 
 1.00000e+00  5.00000e-01  1.01460e-01  9.99500e-01 
 1.00000e+00  5.00000e-01  1.01460e-01  8.65530e-01 
 1.00000e+00  5.40420e-01  9.59700e-02  8.76360e-01 
 1.00000e+00  5.80710e-01  8.95200e-02  8.87150e-01 
 1.00000e+00  6.60900e-01  7.42600e-02  9.08640e-01 
 1.00000e+00  7.00830e-01  6.57400e-02  9.19340e-01 
 1.00000e+00  7.40680e-01  5.68200e-02  9.30020e-01 
 1.00000e+00  7.80490e-01  4.77000e-02  9.40680e-01 
 1.00000e+00  8.20290e-01  3.85300e-02  9.51350e-01 
 1.00000e+00  8.60110e-01  2.95100e-02  9.62020e-01 
 1.00000e+00  9.00000e-01  2.07700e-02  9.72710e-01 
 1.00000e+00  9.14240e-01  1.77000e-02  9.76520e-01 
 1.00000e+00  9.28500e-01  1.47200e-02  9.80340e-01 
 1.00000e+00  9.42790e-01  1.18900e-02  9.84170e-01 
 1.00000e+00  9.57110e-01  9.27000e-03  9.88010e-01 
 1.00000e+00  9.71460e-01  6.79000e-03  9.91850e-01 
 1.00000e+00  9.85800e-01  4.22000e-03  9.95690e-01 
 0.00000e+00 -2.85000e+00 -1.50000e+00  7.27000e-01 
 0.00000e+00 -2.55000e+00 -1.50000e+00  7.27000e-01 
 0.00000e+00 -2.35000e+00 -1.50000e+00  7.27000e-01 
 0.00000e+00 -2.15000e+00 -1.50000e+00  7.27000e-01 
 0.00000e+00 -1.95000e+00 -1.50000e+00  7.27000e-01 
 0.00000e+00 -1.85000e+00 -1.50000e+00  7.27000e-01 
 0.00000e+00 -1.75000e+00 -1.50000e+00  7.27000e-01 
 0.00000e+00 -1.65000e+00 -1.50000e+00  7.27000e-01 
 0.00000e+00 -1.55000e+00 -1.50000e+00  7.27000e-01 
 0.00000e+00 -1.45000e+00 -1.50000e+00  7.27000e-01 
 0.00000e+00 -1.35000e+00 -1.50000e+00  7.27000e-01 
 0.00000e+00 -1.25000e+00 -1.50000e+00  7.27000e-01 
 0.00000e+00 -1.15000e+00 -1.50000e+00  7.27000e-01 
 0.00000e+00 -1.05000e+00 -1.50000e+00  7.27000e-01 
 0.00000e+00 -9.50000e-01 -1.50000e+00  7.27000e-01 
 0.00000e+00 -8.50000e-01 -1.50000e+00  7.27000e-01 
 0.00000e+00 -7.50000e-01 -1.50000e+00  7.27000e-01 
 0.00000e+00 -6.50000e-01 -1.50000e+00  7.27000e-01 
 0.00000e+00 -5.50000e-01 -1.50000e+00  7.27000e-01 
 0.00000e+00 -4.50000e-01 -1.50000e+00  7.27000e-01 
 0.00000e+00 -3.50000e-01 -1.50000e+00  7.27000e-01 
 0.00000e+00 -2.50000e-01 -1.50000e+00  7.27000e-01 
 0.00000e+00 -1.50000e-01 -1.50000e+00  7.27000e-01 
 0.00000e+00 -5.00000e-02 -1.50000e+00  7.27000e-01 
 0.00000e+00  5.00000e-02 -1.50000e+00  7.27000e-01 
 0.00000e+00  1.50000e-01 -1.50000e+00  7.27000e-01 
 0.00000e+00  2.50000e-01 -1.50000e+00  7.27000e-01 
 0.00000e+00  3.50000e-01 -1.50000e+00  7.27000e-01 
 0.00000e+00  4.50000e-01 -1.50000e+00  7.27000e-01 
 0.00000e+00  5.50000e-01 -1.50000e+00  7.27000e-01 
 0.00000e+00  6.50000e-01 -1.50000e+00  7.27000e-01 
 0.00000e+00  7.50000e-01 -1.50000e+00  7.27000e-01 
 0.00000e+00  8.50000e-01 -1.50000e+00  7.27000e-01 
 0.00000e+00  9.50000e-01 -1.50000e+00  7.27000e-01 
 0.00000e+00  1.05000e+00 -1.50000e+00  7.27000e-01 
 0.00000e+00  1.15000e+00 -1.50000e+00  7.27000e-01 
 0.00000e+00  1.25000e+00 -1.50000e+00  7.27000e-01 
 0.00000e+00  1.35000e+00 -1.50000e+00  7.27000e-01 
 0.00000e+00  1.45000e+00 -1.50000e+00  7.27000e-01 
 0.00000e+00  1.55000e+00 -1.50000e+00  7.27000e-01 
 0.00000e+00  1.65000e+00 -1.50000e+00  7.27000e-01 
 0.00000e+00  1.75000e+00 -1.50000e+00  7.27000e-01 
 0.00000e+00  1.85000e+00 -1.50000e+00  7.27000e-01 
 0.00000e+00  1.95000e+00 -1.50000e+00  7.27000e-01 
 0.00000e+00  2.15000e+00 -1.50000e+00  7.27000e-01 
 0.00000e+00  2.35000e+00 -1.50000e+00  7.27000e-01 
 0.00000e+00  2.55000e+00 -1.50000e+00  7.27000e-01 
 0.00000e+00  2.85000e+00 -1.50000e+00  7.27000e-01 
 1.00000e+00 -2.85000e+00  1.50000e+00  7.27000e-01 
 1.00000e+00 -2.55000e+00  1.50000e+00  7.27000e-01 
 1.00000e+00 -2.35000e+00  1.50000e+00  7.27000e-01 
 1.00000e+00 -2.15000e+00  1.50000e+00  7.27000e-01 
 1.00000e+00 -1.95000e+00  1.50000e+00  7.27000e-01 
 1.00000e+00 -1.85000e+00  1.50000e+00  7.27000e-01 
 1.00000e+00 -1.75000e+00  1.50000e+00  7.27000e-01 
 1.00000e+00 -1.65000e+00  1.50000e+00  7.27000e-01 
 1.00000e+00 -1.55000e+00  1.50000e+00  7.27000e-01 
 1.00000e+00 -1.45000e+00  1.50000e+00  7.27000e-01 
 1.00000e+00 -1.35000e+00  1.50000e+00  7.27000e-01 
 1.00000e+00 -1.25000e+00  1.50000e+00  7.27000e-01 
 1.00000e+00 -1.15000e+00  1.50000e+00  7.27000e-01 
 1.00000e+00 -1.05000e+00  1.50000e+00  7.27000e-01 
 1.00000e+00 -9.50000e-01  1.50000e+00  7.27000e-01 
 1.00000e+00 -8.50000e-01  1.50000e+00  7.27000e-01 
 1.00000e+00 -7.50000e-01  1.50000e+00  7.27000e-01 
 1.00000e+00 -6.50000e-01  1.50000e+00  7.27000e-01 
 1.00000e+00 -5.50000e-01  1.50000e+00  7.27000e-01 
 1.00000e+00 -4.50000e-01  1.50000e+00  7.27000e-01 
 1.00000e+00 -3.50000e-01  1.50000e+00  7.27000e-01 
 1.00000e+00 -2.50000e-01  1.50000e+00  7.27000e-01 
 1.00000e+00 -1.50000e-01  1.50000e+00  7.27000e-01 
 1.00000e+00 -5.00000e-02  1.50000e+00  7.27000e-01 
 1.00000e+00  5.00000e-02  1.50000e+00  7.27000e-01 
 1.00000e+00  1.50000e-01  1.50000e+00  7.27000e-01 
 1.00000e+00  2.50000e-01  1.50000e+00  7.27000e-01 
 1.00000e+00  3.50000e-01  1.50000e+00  7.27000e-01 
 1.00000e+00  4.50000e-01  1.50000e+00  7.27000e-01 
 1.00000e+00  5.50000e-01  1.50000e+00  7.27000e-01 
 1.00000e+00  6.50000e-01  1.50000e+00  7.27000e-01 
 1.00000e+00  7.50000e-01  1.50000e+00  7.27000e-01 
 1.00000e+00  8.50000e-01  1.50000e+00  7.27000e-01 
 1.00000e+00  9.50000e-01  1.50000e+00  7.27000e-01 
 1.00000e+00  1.05000e+00  1.50000e+00  7.27000e-01 
 1.00000e+00  1.15000e+00  1.50000e+00  7.27000e-01 
 1.00000e+00  1.25000e+00  1.50000e+00  7.27000e-01 
 1.00000e+00  1.35000e+00  1.50000e+00  7.27000e-01 
 1.00000e+00  1.45000e+00  1.50000e+00  7.27000e-01 
 1.00000e+00  1.55000e+00  1.50000e+00  7.27000e-01 
 1.00000e+00  1.65000e+00  1.50000e+00  7.27000e-01 
 1.00000e+00  1.75000e+00  1.50000e+00  7.27000e-01 
 1.00000e+00  1.85000e+00  1.50000e+00  7.27000e-01 
 1.00000e+00  1.95000e+00  1.50000e+00  7.27000e-01 
 1.00000e+00  2.15000e+00  1.50000e+00  7.27000e-01 
 1.00000e+00  2.35000e+00  1.50000e+00  7.27000e-01 
 1.00000e+00  2.55000e+00  1.50000e+00  7.27000e-01 
 1.00000e+00  2.85000e+00  1.50000e+00  7.27000e-01 
 2.00000e+00 -2.85000e+00 -1.50000e+00  1.26700e+00 
 2.00000e+00 -1.95000e+00 -1.50000e+00  1.26700e+00 
 2.00000e+00 -1.35000e+00 -1.50000e+00  1.26700e+00 
 2.00000e+00 -9.50000e-01 -1.50000e+00  1.26700e+00 
 2.00000e+00 -6.50000e-01 -1.50000e+00  1.26700e+00 
 2.00000e+00 -4.50000e-01 -1.50000e+00  1.26700e+00 
 2.00000e+00 -2.50000e-01 -1.50000e+00  1.26700e+00 
 2.00000e+00 -5.00000e-02 -1.50000e+00  1.26700e+00 
 2.00000e+00  5.00000e-02 -1.50000e+00  1.26700e+00 
 2.00000e+00  2.50000e-01 -1.50000e+00  1.26700e+00 
 2.00000e+00  4.50000e-01 -1.50000e+00  1.26700e+00 
 2.00000e+00  6.50000e-01 -1.50000e+00  1.26700e+00 
 2.00000e+00  9.50000e-01 -1.50000e+00  1.26700e+00 
 2.00000e+00  1.35000e+00 -1.50000e+00  1.26700e+00 
 2.00000e+00  1.95000e+00 -1.50000e+00  1.26700e+00 
 2.00000e+00  2.85000e+00 -1.50000e+00  1.26700e+00 
 3.00000e+00 -2.85000e+00  1.50000e+00  1.26700e+00 
 3.00000e+00 -1.95000e+00  1.50000e+00  1.26700e+00 
 3.00000e+00 -1.35000e+00  1.50000e+00  1.26700e+00 
 3.00000e+00 -9.50000e-01  1.50000e+00  1.26700e+00 
 3.00000e+00 -6.50000e-01  1.50000e+00  1.26700e+00 
 3.00000e+00 -4.50000e-01  1.50000e+00  1.26700e+00 
 3.00000e+00 -2.50000e-01  1.50000e+00  1.26700e+00 
 3.00000e+00 -5.00000e-02  1.50000e+00  1.26700e+00 
 3.00000e+00  5.00000e-02  1.50000e+00  1.26700e+00 
 3.00000e+00  2.50000e-01  1.50000e+00  1.26700e+00 
 3.00000e+00  4.50000e-01  1.50000e+00  1.26700e+00 
 3.00000e+00  6.50000e-01  1.50000e+00  1.26700e+00 
 3.00000e+00  9.50000e-01  1.50000e+00  1.26700e+00 
 3.00000e+00  1.35000e+00  1.50000e+00  1.26700e+00 
 3.00000e+00  1.95000e+00  1.50000e+00  1.26700e+00 
 3.00000e+00  2.85000e+00  1.50000e+00  1.26700e+00 
 0.00000e+00  2.70000e+00 -3.47500e-01  0.00000e+00 
 0.00000e+00  2.70000e+00 -3.17500e-01  0.00000e+00 
 0.00000e+00  2.70000e+00 -2.87500e-01  0.00000e+00 
 0.00000e+00  2.70000e+00 -2.67500e-01  0.00000e+00 
 0.00000e+00  2.70000e+00 -2.47500e-01  0.00000e+00 
 0.00000e+00  2.70000e+00 -2.32500e-01  0.00000e+00 
 0.00000e+00  2.70000e+00 -2.17500e-01  0.00000e+00 
 0.00000e+00  2.70000e+00 -2.07500e-01  0.00000e+00 
 0.00000e+00  2.70000e+00 -1.97500e-01  0.00000e+00 
 0.00000e+00  2.70000e+00 -1.92500e-01  0.00000e+00 
 0.00000e+00  2.70000e+00 -1.87500e-01  0.00000e+00 
 0.00000e+00  2.70000e+00 -1.82500e-01  0.00000e+00 
 0.00000e+00  2.70000e+00 -1.77500e-01  0.00000e+00 
 0.00000e+00  2.70000e+00 -1.72500e-01  0.00000e+00 
 0.00000e+00  2.70000e+00 -1.67500e-01  0.00000e+00 
 0.00000e+00  2.70000e+00 -1.62500e-01  0.00000e+00 
 0.00000e+00  2.70000e+00 -1.57500e-01  0.00000e+00 
 0.00000e+00  2.70000e+00 -1.52500e-01  0.00000e+00 
 0.00000e+00  2.70000e+00 -1.47500e-01  0.00000e+00 
 0.00000e+00  2.70000e+00 -1.42500e-01  0.00000e+00 
 0.00000e+00  2.70000e+00 -1.37500e-01  0.00000e+00 
 0.00000e+00  2.70000e+00 -1.32500e-01  0.00000e+00 
 0.00000e+00  2.70000e+00 -1.27500e-01  0.00000e+00 
 0.00000e+00  2.70000e+00 -1.22500e-01  0.00000e+00 
 0.00000e+00  2.70000e+00 -1.17500e-01  0.00000e+00 
 0.00000e+00  2.70000e+00 -1.12500e-01  0.00000e+00 
 0.00000e+00  2.70000e+00 -1.07500e-01  0.00000e+00 
 0.00000e+00  2.70000e+00 -1.02500e-01  0.00000e+00 
 0.00000e+00  2.70000e+00 -9.75000e-02  0.00000e+00 
 0.00000e+00  2.70000e+00 -9.25000e-02  0.00000e+00 
 0.00000e+00  2.70000e+00 -8.75000e-02  0.00000e+00 
 0.00000e+00  2.70000e+00 -8.25000e-02  0.00000e+00 
 0.00000e+00  2.70000e+00 -7.75000e-02  0.00000e+00 
 0.00000e+00  2.70000e+00 -7.25000e-02  0.00000e+00 
 0.00000e+00  2.70000e+00 -6.75000e-02  0.00000e+00 
 0.00000e+00  2.70000e+00 -6.25000e-02  0.00000e+00 
 0.00000e+00  2.70000e+00 -5.75000e-02  0.00000e+00 
 0.00000e+00  2.70000e+00 -5.25000e-02  0.00000e+00 
 0.00000e+00  2.70000e+00 -4.75000e-02  0.00000e+00 
 0.00000e+00  2.70000e+00 -4.25000e-02  0.00000e+00 
 0.00000e+00  2.70000e+00 -3.75000e-02  0.00000e+00 
 0.00000e+00  2.70000e+00 -3.25000e-02  0.00000e+00 
 0.00000e+00  2.70000e+00 -2.75000e-02  0.00000e+00 
 0.00000e+00  2.70000e+00 -2.25000e-02  0.00000e+00 
 0.00000e+00  2.70000e+00 -1.75000e-02  0.00000e+00 
 0.00000e+00  2.70000e+00 -1.25000e-02  0.00000e+00 
 0.00000e+00  2.70000e+00 -7.50000e-03  0.00000e+00 
 0.00000e+00  2.70000e+00 -2.50000e-03  0.00000e+00 
 0.00000e+00  2.70000e+00  2.50000e-03  0.00000e+00 
 0.00000e+00  2.70000e+00  7.50000e-03  0.00000e+00 
 0.00000e+00  2.70000e+00  1.25000e-02  0.00000e+00 
 0.00000e+00  2.70000e+00  1.75000e-02  0.00000e+00 
 0.00000e+00  2.70000e+00  2.25000e-02  0.00000e+00 
 0.00000e+00  2.70000e+00  2.75000e-02  0.00000e+00 
 0.00000e+00  2.70000e+00  3.25000e-02  0.00000e+00 
 0.00000e+00  2.70000e+00  3.75000e-02  0.00000e+00 
 0.00000e+00  2.70000e+00  4.25000e-02  0.00000e+00 
 0.00000e+00  2.70000e+00  4.75000e-02  0.00000e+00 
 0.00000e+00  2.70000e+00  5.25000e-02  0.00000e+00 
 0.00000e+00  2.70000e+00  5.75000e-02  0.00000e+00 
 0.00000e+00  2.70000e+00  6.25000e-02  0.00000e+00 
 0.00000e+00  2.70000e+00  6.75000e-02  0.00000e+00 
 0.00000e+00  2.70000e+00  7.25000e-02  0.00000e+00 
 0.00000e+00  2.70000e+00  7.75000e-02  0.00000e+00 
 0.00000e+00  2.70000e+00  8.25000e-02  0.00000e+00 
 0.00000e+00  2.70000e+00  8.75000e-02  0.00000e+00 
 0.00000e+00  2.70000e+00  9.25000e-02  0.00000e+00 
 0.00000e+00  2.70000e+00  9.75000e-02  0.00000e+00 
 0.00000e+00  2.70000e+00  1.02500e-01  0.00000e+00 
 0.00000e+00  2.70000e+00  1.07500e-01  0.00000e+00 
 0.00000e+00  2.70000e+00  1.12500e-01  0.00000e+00 
 0.00000e+00  2.70000e+00  1.17500e-01  0.00000e+00 
 0.00000e+00  2.70000e+00  1.22500e-01  0.00000e+00 
 0.00000e+00  2.70000e+00  1.27500e-01  0.00000e+00 
 0.00000e+00  2.70000e+00  1.32500e-01  0.00000e+00 
 0.00000e+00  2.70000e+00  1.37500e-01  0.00000e+00 
 0.00000e+00  2.70000e+00  1.42500e-01  0.00000e+00 
 0.00000e+00  2.70000e+00  1.47500e-01  0.00000e+00 
 0.00000e+00  2.70000e+00  1.52500e-01  0.00000e+00 
 0.00000e+00  2.70000e+00  1.57500e-01  0.00000e+00 
 0.00000e+00  2.70000e+00  1.62500e-01  0.00000e+00 
 0.00000e+00  2.70000e+00  1.67500e-01  0.00000e+00 
 0.00000e+00  2.70000e+00  1.72500e-01  0.00000e+00 
 0.00000e+00  2.70000e+00  1.77500e-01  0.00000e+00 
 0.00000e+00  2.70000e+00  1.82500e-01  0.00000e+00 
 0.00000e+00  2.70000e+00  1.87500e-01  0.00000e+00 
 0.00000e+00  2.70000e+00  1.92500e-01  0.00000e+00 
 0.00000e+00  2.70000e+00  1.97500e-01  0.00000e+00 
 0.00000e+00  2.70000e+00  2.07500e-01  0.00000e+00 
 0.00000e+00  2.70000e+00  2.17500e-01  0.00000e+00 
 0.00000e+00  2.70000e+00  2.32500e-01  0.00000e+00 
 0.00000e+00  2.70000e+00  2.47500e-01  0.00000e+00 
 0.00000e+00  2.70000e+00  2.67500e-01  0.00000e+00 
 0.00000e+00  2.70000e+00  2.87500e-01  0.00000e+00 
 0.00000e+00  2.70000e+00  3.17500e-01  0.00000e+00 
 0.00000e+00  2.70000e+00  3.47500e-01  0.00000e+00 
