-4.02875e+00  9.68777e-01  6.97011e+00 
 5.88570e+01  5.87709e+01  5.83826e+01 
 2.00439e+01  2.04340e+01  2.07807e+01 
 3.92160e+06  3.90683e+06  3.87335e+06 
 2.09303e+03  2.08424e+03  2.05460e+03 
 1.02127e+05  1.02126e+05  1.02139e+05 
 3.26321e+02  3.06306e+02  1.62797e+02 
 4.17774e+02  4.74942e+02  4.48096e+02 
 4.73118e+02  5.74661e+02  5.92263e+02 
 4.71370e+02  5.86997e+02  6.27660e+02 
 4.48057e+02  5.71049e+02  6.27988e+02 
 4.16692e+02  5.41927e+02  6.12735e+02 
 3.40247e+02  4.75759e+02  5.73656e+02 
 2.48661e+02  3.99001e+02  5.26752e+02 
 1.53059e+02  3.22811e+02  4.82734e+02 
 3.53396e+01  2.25834e+02  4.19498e+02 
-9.93061e+01  1.16606e+02  3.49135e+02 
-2.34449e+02  1.48405e+01  2.95586e+02 
-4.41029e+02 -1.26363e+02  1.60724e+02 
-5.12846e+02 -1.71831e+02  1.32312e+02 
-6.59565e+02 -2.69707e+02  9.26543e+01 
-8.53969e+02 -3.98544e+02  2.68902e+01 
-8.44225e+02 -3.84425e+02  2.85027e+01 
-1.01540e+03 -5.61637e+02 -1.53270e+01 
-1.16367e+03 -6.40457e+02 -3.28655e+01 
-1.31241e+03 -7.15654e+02 -4.52675e+01 
-1.43259e+03 -7.59606e+02 -2.04273e+01 
-1.50671e+03 -7.51550e+02  5.56103e+01 
-1.52842e+03 -7.43453e+02  9.70236e+01 
-1.54633e+03 -7.05119e+02  1.63524e+02 
-1.52317e+03 -6.58374e+02  2.41957e+02 
-1.55918e+03 -6.40044e+02  3.01258e+02 
-1.56112e+03 -5.91395e+02  3.81244e+02 
-1.59104e+03 -5.69962e+02  4.63410e+02 
-1.81492e+03 -5.40669e+02  6.32437e+02 
-1.86880e+03 -4.83648e+02  7.58374e+02 
-1.93948e+03 -4.16061e+02  9.00529e+02 
-1.96765e+03 -3.76664e+02  9.73241e+02 
-2.00781e+03 -3.50616e+02  1.03372e+03 
-2.04016e+03 -3.07952e+02  1.10912e+03 
-2.07231e+03 -2.46510e+02  1.20352e+03 
-2.13285e+03 -2.16454e+02  1.27431e+03 
-2.17368e+03 -1.49228e+02  1.37395e+03 
-2.20064e+03 -5.89635e+01  1.48833e+03 
-2.24637e+03  4.57322e+01  1.61028e+03 
-2.34731e+03  1.65205e+02  1.74485e+03 
-2.53128e+03  2.63321e+02  1.86936e+03 
-2.64933e+03  4.88676e+02  1.99986e+03 
-2.48267e+03  8.75416e+02  2.02072e+03 
-1.93176e+03  1.42279e+03  1.73504e+03 
-4.67213e+02  1.98705e+03  5.06936e+02 
 9.94201e+02  1.90874e+03 -2.41339e+03 
 2.01648e+03  1.06706e+03 -4.19026e+03 
 2.01726e+03  3.35631e+02 -4.64709e+03 
 1.76252e+03 -2.19098e+02 -4.84388e+03 
 1.48226e+03 -5.45116e+02 -4.71141e+03 
 1.24639e+03 -7.22330e+02 -4.46479e+03 
 1.03837e+03 -8.77143e+02 -4.31974e+03 
 8.50709e+02 -1.01273e+03 -4.21628e+03 
 6.83089e+02 -1.13154e+03 -4.13179e+03 
 5.32629e+02 -1.22964e+03 -4.06102e+03 
 3.98635e+02 -1.31914e+03 -4.00765e+03 
 2.80245e+02 -1.38769e+03 -3.94646e+03 
 1.75661e+02 -1.44650e+03 -3.88601e+03 
 7.59017e+01 -1.50186e+03 -3.83367e+03 
-1.54016e+01 -1.55369e+03 -3.78963e+03 
-9.80492e+01 -1.59493e+03 -3.74635e+03 
-2.85427e+02 -1.69907e+03 -3.61126e+03 
-4.28366e+02 -1.75936e+03 -3.42679e+03 
-7.36114e+02 -1.94121e+03 -3.48787e+03 
-8.46368e+02 -1.99137e+03 -3.45115e+03 
-9.56621e+02 -2.04153e+03 -3.41444e+03 
-9.07702e+02 -1.91286e+03 -3.16682e+03 
-1.02419e+03 -2.00435e+03 -3.18734e+03 
-1.08080e+03 -2.01543e+03 -3.12984e+03 
-1.14010e+03 -2.03779e+03 -3.08598e+03 
-1.17303e+03 -2.02859e+03 -3.01571e+03 
-1.20405e+03 -2.01947e+03 -2.94522e+03 
-1.21076e+03 -1.98410e+03 -2.85065e+03 
-1.20222e+03 -1.92940e+03 -2.73671e+03 
-1.21021e+03 -1.90108e+03 -2.64371e+03 
-1.18503e+03 -1.82466e+03 -2.51134e+03 
-1.17547e+03 -1.77863e+03 -2.43893e+03 
-1.16792e+03 -1.74753e+03 -2.39941e+03 
-1.15947e+03 -1.71081e+03 -2.35867e+03 
-1.13350e+03 -1.67470e+03 -2.28360e+03 
-1.08902e+03 -1.63221e+03 -2.19994e+03 
-1.07170e+03 -1.61205e+03 -2.15999e+03 
-1.04839e+03 -1.57929e+03 -2.11354e+03 
-1.01346e+03 -1.52619e+03 -2.03008e+03 
-1.05048e+03 -1.50787e+03 -2.02516e+03 
-9.09885e+02 -1.35865e+03 -1.78414e+03 
-8.30806e+02 -1.22560e+03 -1.55884e+03 
-5.77247e+02 -8.64141e+02 -1.07949e+03 
-4.49959e+02 -6.95054e+02 -8.67619e+02 
-3.22671e+02 -5.25967e+02 -6.55751e+02 
-2.08221e+02 -3.76075e+02 -4.78794e+02 
-1.05038e+02 -2.40360e+02 -3.10218e+02 
-8.93178e+00 -1.12809e+02 -1.82292e+02 
 9.65565e+01  1.90469e+01 -5.56322e+01 
 1.31208e+02  6.60818e+01 -1.69713e+01 
 1.66596e+02  1.05883e+02  1.90175e+01 
 1.93987e+02  1.44022e+02  5.28277e+01 
 2.13052e+02  1.74587e+02  8.42292e+01 
 2.24185e+02  2.00774e+02  1.14639e+02 
 2.36408e+02  2.28882e+02  1.39031e+02 
-4.45269e+01 -1.58176e+01  1.17812e+01 
-6.79972e+01 -2.96314e+01  8.38624e+00 
-7.15884e+01 -2.50375e+01  2.14473e+01 
-7.09222e+01 -1.48768e+01  4.16353e+01 
-7.76566e+01 -1.02042e+01  5.83748e+01 
-8.25231e+01 -8.21592e+00  6.69919e+01 
-8.89660e+01 -7.20942e+00  7.55522e+01 
-1.04839e+02 -1.43084e+01  7.77690e+01 
-1.07154e+02 -8.18461e+00  9.20882e+01 
-1.09468e+02 -2.06083e+00  1.06407e+02 
-1.12071e+02  4.76392e+00  1.22293e+02 
-1.15351e+02  1.13921e+01  1.38354e+02 
-1.30630e+02  7.42704e+00  1.45343e+02 
-1.35702e+02  1.28608e+01  1.59915e+02 
-1.48833e+02  1.11798e+01  1.69240e+02 
-1.60650e+02  1.03026e+01  1.78109e+02 
-1.95472e+02 -1.02512e+01  1.71257e+02 
-1.91678e+02  4.34875e-01  1.87948e+02 
-2.08064e+02 -6.35587e+00  1.89730e+02 
-2.09301e+02 -1.50174e+00  1.99694e+02 
-2.09663e+02  2.38640e+00  2.07220e+02 
-2.18794e+02 -2.37828e+00  2.06036e+02 
-2.23782e+02 -5.60899e+00  2.03994e+02 
-2.17692e+02 -2.72749e+00  2.03998e+02 
-2.11602e+02  1.54007e-01  2.04002e+02 
-2.02408e+02  4.07177e+00  2.02505e+02 
-1.91307e+02  8.20065e+00  1.99973e+02 
-1.86576e+02  5.07481e+00  1.89385e+02 
-1.74721e+02  8.08084e+00  1.83744e+02 
-1.61679e+02  1.06963e+01  1.76121e+02 
-1.53995e+02  8.23103e+00  1.63953e+02 
-1.51343e+02  1.16268e+00  1.47297e+02 
-1.46715e+02 -4.42084e+00  1.31503e+02 
-1.29901e+02  1.61906e+00  1.26427e+02 
-1.28897e+02 -7.05112e+00  1.08302e+02 
-1.13144e+02 -1.54839e+00  1.03421e+02 
-1.05320e+02 -2.98767e+00  9.24352e+01 
-1.01116e+02 -7.39259e+00  7.93040e+01 
-9.22824e+01 -6.75499e+00  7.18237e+01 
-8.65335e+01 -8.32025e+00  6.24092e+01 
-7.78052e+01 -6.48212e+00  5.69766e+01 
-7.65154e+01 -1.13209e+01  4.59039e+01 
-7.56504e+01 -1.61770e+01  3.51774e+01 
-8.23581e+01 -2.80072e+01  1.81435e+01 
-8.50205e+01 -3.99844e+01 -3.37840e+00 
-1.03445e+02 -6.59275e+01 -3.70065e+01 
-1.15334e+02 -8.41439e+01 -6.18225e+01 
-1.34557e+02 -1.10555e+02 -9.55145e+01 
-3.77485e+01 -6.01842e+01 -8.93061e+01 
-3.70082e+01 -6.88101e+01 -1.08476e+02 
-3.62647e+01 -7.58338e+01 -1.24652e+02 
-3.29137e+01 -8.19679e+01 -1.41783e+02 
-3.67022e+01 -9.77235e+01 -1.71516e+02 
-3.62179e+01 -1.03793e+02 -1.85262e+02 
-3.58400e+01 -1.10392e+02 -2.00186e+02 
-3.91393e+01 -1.21185e+02 -2.20435e+02 
-4.02002e+01 -1.30844e+02 -2.40241e+02 
-5.12699e+01 -1.51659e+02 -2.72958e+02 
-5.28808e+01 -1.63171e+02 -2.96558e+02 
-4.75892e+01 -1.67594e+02 -3.13173e+02 
-4.96933e+01 -1.80055e+02 -3.38289e+02 
-5.07212e+01 -1.92084e+02 -3.64285e+02 
-4.94575e+01 -2.01234e+02 -3.86305e+02 
-5.86671e+01 -2.21287e+02 -4.21201e+02 
-6.27016e+01 -2.35447e+02 -4.49635e+02 
-6.40131e+01 -2.46603e+02 -4.71834e+02 
-6.89198e+01 -2.59053e+02 -4.95318e+02 
-7.89740e+01 -2.76437e+02 -5.21924e+02 
-8.86521e+01 -2.91519e+02 -5.43857e+02 
-9.59118e+01 -3.01929e+02 -5.58220e+02 
-1.09446e+02 -3.17283e+02 -5.75315e+02 
-1.10918e+02 -3.17116e+02 -5.71759e+02 
-1.18213e+02 -3.21645e+02 -5.72827e+02 
-1.17620e+02 -3.15906e+02 -5.59373e+02 
-1.16201e+02 -3.07448e+02 -5.41307e+02 
-1.25550e+02 -3.09856e+02 -5.34690e+02 
-1.11471e+02 -2.85800e+02 -4.96140e+02 
-1.12038e+02 -2.76727e+02 -4.74947e+02 
-1.07266e+02 -2.61275e+02 -4.46113e+02 
-1.03604e+02 -2.47175e+02 -4.18714e+02 
-1.14765e+02 -2.48630e+02 -4.07970e+02 
-1.04358e+02 -2.26790e+02 -3.73059e+02 
-9.85088e+01 -2.10951e+02 -3.46912e+02 
-9.38786e+01 -1.95449e+02 -3.18925e+02 
-8.66005e+01 -1.79985e+02 -2.93178e+02 
-9.08594e+01 -1.75524e+02 -2.79119e+02 
-9.29665e+01 -1.69553e+02 -2.63857e+02 
-8.21279e+01 -1.50983e+02 -2.37000e+02 
-8.17459e+01 -1.43863e+02 -2.22532e+02 
-8.63553e+01 -1.42487e+02 -2.14228e+02 
-8.31115e+01 -1.33695e+02 -1.99527e+02 
-8.53891e+01 -1.30617e+02 -1.90516e+02 
-9.08849e+01 -1.26483e+02 -1.75804e+02 
-8.75722e+01 -1.16293e+02 -1.57846e+02 
-1.02772e+02 -1.24979e+02 -1.59532e+02 
-1.26563e+02 -1.41077e+02 -1.67019e+02 
-5.24809e+01 -2.37448e+01  3.94511e+00 
-8.32803e+01 -1.52242e+01  5.39279e+01 
-1.08591e+02  8.08674e+00  1.25245e+02 
-1.50466e+02  9.65048e+00  1.67837e+02 
-1.87077e+02  5.21502e+00  1.92429e+02 
-2.00416e+02  6.66236e+00  2.07062e+02 
-2.12167e+02  3.67833e+00  2.11355e+02 
-2.07881e+02  6.55636e+00  2.12732e+02 
-2.10532e+02  1.69873e+00  2.05542e+02 
-1.89875e+02  9.52503e+00  2.01290e+02 
-1.86308e+02 -1.99600e+00  1.75140e+02 
-1.55173e+02  7.26738e+00  1.63150e+02 
-1.30709e+02  7.73831e-01  1.25772e+02 
-9.27916e+01  7.05793e-01  8.71866e+01 
-8.21136e+01 -2.76882e+01  1.82501e+01 
-1.37221e+02 -1.13340e+02 -9.80100e+01 
-3.99120e+01 -6.25354e+01 -9.12899e+01 
-3.64539e+01 -9.70454e+01 -1.70578e+02 
-3.93398e+01 -1.48680e+02 -2.81103e+02 
-5.09170e+01 -2.03276e+02 -3.90097e+02 
-6.56445e+01 -2.48495e+02 -4.73229e+02 
-7.57764e+01 -2.73459e+02 -5.17975e+02 
-9.57200e+01 -3.01723e+02 -5.57816e+02 
-1.12162e+02 -3.17895e+02 -5.73535e+02 
-1.11404e+02 -3.14004e+02 -5.64469e+02 
-1.17514e+02 -3.09039e+02 -5.43866e+02 
-1.14318e+02 -2.88892e+02 -5.00976e+02 
-1.09326e+02 -2.63078e+02 -4.49370e+02 
-9.88202e+01 -2.21128e+02 -3.68631e+02 
-8.70921e+01 -1.71792e+02 -2.75262e+02 
-7.93329e+01 -1.24732e+02 -1.84930e+02 
-1.29332e+02 -1.43874e+02 -1.69728e+02 
 2.10439e+03  2.10118e+03  2.06476e+03 
 2.10489e+03  2.10137e+03  2.06510e+03 
 2.10459e+03  2.10136e+03  2.06501e+03 
 2.10429e+03  2.10104e+03  2.06469e+03 
 2.10496e+03  2.10151e+03  2.06499e+03 
 2.10472e+03  2.10147e+03  2.06504e+03 
 2.10476e+03  2.10124e+03  2.06418e+03 
 2.10436e+03  2.10105e+03  2.06198e+03 
 2.10440e+03  2.10085e+03  2.05563e+03 
 2.10485e+03  2.10137e+03  2.05043e+03 
 2.10473e+03  2.10147e+03  2.04375e+03 
 2.10457e+03  2.10128e+03  2.03316e+03 
 2.10398e+03  2.10075e+03  2.01896e+03 
 2.10451e+03  2.10129e+03  2.00447e+03 
 2.10455e+03  2.10137e+03  1.99031e+03 
 2.10431e+03  2.10113e+03  1.96721e+03 
 2.10421e+03  2.10081e+03  1.94291e+03 
 2.10135e+03  2.09705e+03  1.91249e+03 
 2.10471e+03  2.10144e+03  1.89342e+03 
 2.10481e+03  2.10142e+03  1.86607e+03 
 2.10447e+03  2.10098e+03  1.84564e+03 
 2.10470e+03  2.10127e+03  1.82050e+03 
 2.10460e+03  2.10151e+03  1.80690e+03 
 2.10468e+03  2.10138e+03  1.79634e+03 
 2.10474e+03  2.10157e+03  1.78293e+03 
 2.10491e+03  2.10181e+03  1.77916e+03 
 2.10513e+03  2.10182e+03  1.78139e+03 
 2.10454e+03  2.10144e+03  1.78776e+03 
 2.10452e+03  2.10138e+03  1.79643e+03 
 2.10400e+03  2.10099e+03  1.81177e+03 
 2.10503e+03  2.10184e+03  1.83164e+03 
 2.10440e+03  2.10101e+03  1.85106e+03 
 2.10377e+03  2.10018e+03  1.87049e+03 
 2.10362e+03  2.09949e+03  1.89846e+03 
 2.10364e+03  2.09803e+03  1.91924e+03 
 2.10376e+03  2.09303e+03  1.94309e+03 
 2.10389e+03  2.08802e+03  1.96694e+03 
 2.10394e+03  2.08131e+03  1.98034e+03 
 2.10381e+03  2.06374e+03  2.00103e+03 
 2.10329e+03  2.04297e+03  2.01589e+03 
 2.10363e+03  2.02273e+03  2.02737e+03 
 2.10316e+03  1.99391e+03  2.03745e+03 
 2.10413e+03  1.96387e+03  2.04548e+03 
 2.10397e+03  1.93162e+03  2.05105e+03 
 2.10382e+03  1.89937e+03  2.05662e+03 
 2.10404e+03  1.86814e+03  2.05970e+03 
 2.10382e+03  1.85071e+03  2.06182e+03 
 2.10431e+03  1.83701e+03  2.06317e+03 
 2.10401e+03  1.83560e+03  2.06334e+03 
 2.10369e+03  1.84357e+03  2.06405e+03 
 2.10374e+03  1.85770e+03  2.06413e+03 
 2.10280e+03  1.88424e+03  2.06405e+03 
 2.10170e+03  1.91478e+03  2.06451e+03 
 2.09885e+03  1.94429e+03  2.06427e+03 
 2.09484e+03  1.97068e+03  2.06444e+03 
 2.08562e+03  2.00464e+03  2.06427e+03 
 2.07421e+03  2.03059e+03  2.06467e+03 
 2.05673e+03  2.05524e+03  2.06492e+03 
 2.03520e+03  2.07157e+03  2.06458e+03 
 2.00788e+03  2.08412e+03  2.06441e+03 
 1.97515e+03  2.09365e+03  2.06495e+03 
 1.94596e+03  2.09769e+03  2.06516e+03 
 1.91257e+03  2.09942e+03  2.06478e+03 
 1.88878e+03  2.10030e+03  2.06474e+03 
 1.86097e+03  2.10068e+03  2.06397e+03 
 1.83814e+03  2.10118e+03  2.06397e+03 
 1.81907e+03  2.09999e+03  2.06321e+03 
 1.81465e+03  2.10034e+03  2.06322e+03 
 1.81675e+03  2.09985e+03  2.06264e+03 
 1.83331e+03  2.10067e+03  2.06379e+03 
 1.85445e+03  2.09977e+03  2.06296e+03 
 1.87461e+03  2.10047e+03  2.06354e+03 
 1.91114e+03  2.09999e+03  2.06300e+03 
 1.93670e+03  2.10020e+03  2.06323e+03 
 1.97636e+03  2.09934e+03  2.06280e+03 
 2.00426e+03  2.09991e+03  2.06289e+03 
 2.03205e+03  2.10084e+03  2.06382e+03 
 2.05919e+03  2.10097e+03  2.06391e+03 
 2.07340e+03  2.10071e+03  2.06369e+03 
 2.08563e+03  2.10038e+03  2.06347e+03 
 2.09419e+03  2.10090e+03  2.06395e+03 
 2.09956e+03  2.10015e+03  2.06331e+03 
 2.10259e+03  2.10098e+03  2.06422e+03 
 2.10352e+03  2.10003e+03  2.06297e+03 
 2.10464e+03  2.10059e+03  2.06399e+03 
 2.10523e+03  2.10080e+03  2.06394e+03 
 2.10373e+03  2.09985e+03  2.06314e+03 
 2.10457e+03  2.10020e+03  2.06343e+03 
 2.10425e+03  2.10035e+03  2.06338e+03 
 2.10428e+03  2.10029e+03  2.06360e+03 
 2.10387e+03  2.09993e+03  2.06346e+03 
 2.10378e+03  2.09969e+03  2.06282e+03 
 2.10395e+03  2.10031e+03  2.06357e+03 
 2.10403e+03  2.10007e+03  2.06318e+03 
 2.10428e+03  2.10026e+03  2.06337e+03 
 2.10453e+03  2.10044e+03  2.06355e+03 
-8.29130e+02  6.69798e+02  2.46946e+03 
-2.26886e+02 -1.53560e+02 -2.94474e+02 
 2.12750e+02  9.94247e+02  1.81860e+03 
 2.27155e+02  1.76310e+02 -3.75017e+00 
 1.00000e+00  1.00000e+00  0.00000e+00  9.99500e-01 
 0.00000e+00  9.80060e-01  9.70000e-04  9.94160e-01 
 0.00000e+00  9.60050e-01  1.97000e-03  9.88800e-01 
 0.00000e+00  9.40020e-01  2.11000e-03  9.83430e-01 
 0.00000e+00  9.20000e-01  1.41000e-03  9.78060e-01 
 0.00000e+00  9.00000e-01  1.30000e-04  9.72710e-01 
 0.00000e+00  8.59760e-01 -3.47000e-03  9.61920e-01 
 0.00000e+00  8.19630e-01 -8.23000e-03  9.51170e-01 
 0.00000e+00  7.79600e-01 -1.38600e-02  9.40440e-01 
 0.00000e+00  7.39650e-01 -2.00600e-02  9.29740e-01 
 0.00000e+00  6.99760e-01 -2.66000e-02  9.19050e-01 
 0.00000e+00  6.59880e-01 -3.32400e-02  9.08360e-01 
 0.00000e+00  5.99680e-01 -4.30500e-02  8.92240e-01 
 0.00000e+00  5.80050e-01 -4.61100e-02  8.86980e-01 
 0.00000e+00  5.40060e-01 -5.20100e-02  8.76260e-01 
 0.00000e+00  5.00000e-01 -5.73600e-02  8.65530e-01 
 0.00000e+00  5.00000e-01 -5.73600e-02  9.99500e-01 
 0.00000e+00  4.60140e-01 -6.19300e-02  9.88820e-01 
 0.00000e+00  4.20200e-01 -6.56100e-02  9.78120e-01 
 0.00000e+00  3.80180e-01 -6.82400e-02  9.67390e-01 
 0.00000e+00  3.40100e-01 -6.95900e-02  9.56660e-01 
 0.00000e+00  3.00000e-01 -6.95700e-02  9.45910e-01 
 0.00000e+00  2.79880e-01 -6.91000e-02  9.40520e-01 
 0.00000e+00  2.59770e-01 -6.83200e-02  9.35130e-01 
 0.00000e+00  2.39670e-01 -6.72200e-02  9.29750e-01 
 0.00000e+00  2.19600e-01 -6.57900e-02  9.24370e-01 
 0.00000e+00  1.99550e-01 -6.40100e-02  9.18990e-01 
 0.00000e+00  1.79530e-01 -6.18700e-02  9.13630e-01 
 0.00000e+00  1.39620e-01 -5.64500e-02  9.02940e-01 
 0.00000e+00  1.19760e-01 -5.30800e-02  8.97620e-01 
 0.00000e+00  1.00000e-01 -4.91600e-02  8.92320e-01 
 0.00000e+00  9.23100e-02 -4.74500e-02  8.90260e-01 
 0.00000e+00  8.46400e-02 -4.56300e-02  8.88200e-01 
 0.00000e+00  7.69900e-02 -4.36900e-02  8.86160e-01 
 0.00000e+00  6.93900e-02 -4.16200e-02  8.84120e-01 
 0.00000e+00  6.18200e-02 -3.93900e-02  8.82090e-01 
 0.00000e+00  5.43000e-02 -3.69900e-02  8.80080e-01 
 0.00000e+00  4.68500e-02 -3.43800e-02  8.78080e-01 
 0.00000e+00  3.94700e-02 -3.15500e-02  8.76100e-01 
 0.00000e+00  3.21800e-02 -2.84700e-02  8.74150e-01 
 0.00000e+00  2.50200e-02 -2.51100e-02  8.72230e-01 
 0.00000e+00  1.81300e-02 -2.11800e-02  8.70380e-01 
 0.00000e+00  1.17500e-02 -1.64200e-02  8.68670e-01 
 0.00000e+00  6.09000e-03 -1.07800e-02  8.67160e-01 
 0.00000e+00  1.97000e-03 -3.88000e-03  8.66050e-01 
 0.00000e+00  0.00000e+00  3.96000e-03  8.65530e-01 
 1.00000e+00  1.94000e-03  1.22400e-02  8.66050e-01 
 1.00000e+00  6.29000e-03  1.95300e-02  8.67210e-01 
 1.00000e+00  1.17700e-02  2.59600e-02  8.68680e-01 
 1.00000e+00  1.80400e-02  3.15700e-02  8.70360e-01 
 1.00000e+00  2.47900e-02  3.65600e-02  8.72170e-01 
 1.00000e+00  3.17600e-02  4.12100e-02  8.74040e-01 
 1.00000e+00  3.89200e-02  4.55500e-02  8.75960e-01 
 1.00000e+00  4.62300e-02  4.96000e-02  8.77910e-01 
 1.00000e+00  5.36700e-02  5.34000e-02  8.79910e-01 
 1.00000e+00  6.12100e-02  5.69700e-02  8.81930e-01 
 1.00000e+00  6.88500e-02  6.03300e-02  8.83970e-01 
 1.00000e+00  7.65500e-02  6.35100e-02  8.86040e-01 
 1.00000e+00  8.43200e-02  6.65300e-02  8.88120e-01 
 1.00000e+00  9.21300e-02  6.93900e-02  8.90210e-01 
 1.00000e+00  1.00000e-01  7.21100e-02  8.92320e-01 
 1.00000e+00  1.19480e-01  7.82500e-02  8.97540e-01 
 1.00000e+00  1.39150e-01  8.36800e-02  9.02810e-01 
 1.00000e+00  1.78890e-01  9.28400e-02  9.13460e-01 
 1.00000e+00  1.98910e-01  9.66400e-02  9.18820e-01 
 1.00000e+00  2.19020e-01  9.99400e-02  9.24210e-01 
 1.00000e+00  2.39190e-01  1.02770e-01  9.29620e-01 
 1.00000e+00  2.59420e-01  1.05150e-01  9.35040e-01 
 1.00000e+00  2.79690e-01  1.07090e-01  9.40470e-01 
 1.00000e+00  3.00000e-01  1.08620e-01  9.45910e-01 
 1.00000e+00  3.20010e-01  1.09710e-01  9.51270e-01 
 1.00000e+00  3.40040e-01  1.10380e-01  9.56640e-01 
 1.00000e+00  3.60080e-01  1.10600e-01  9.62010e-01 
 1.00000e+00  3.80120e-01  1.10390e-01  9.67380e-01 
 1.00000e+00  4.00150e-01  1.09770e-01  9.72740e-01 
 1.00000e+00  4.20160e-01  1.08780e-01  9.78110e-01 
 1.00000e+00  4.33500e-01  1.07920e-01  9.81680e-01 
 1.00000e+00  4.40160e-01  1.07430e-01  9.83470e-01 
 1.00000e+00  4.46820e-01  1.06910e-01  9.85250e-01 
 1.00000e+00  4.60140e-01  1.05750e-01  9.88820e-01 
 1.00000e+00  4.73440e-01  1.04450e-01  9.92380e-01 
 1.00000e+00  4.80080e-01  1.03760e-01  9.94160e-01 
 1.00000e+00  4.86730e-01  1.03020e-01  9.95940e-01 
 1.00000e+00  5.00000e-01  1.01460e-01  9.99500e-01 
 1.00000e+00  5.00000e-01  1.01460e-01  8.65530e-01 
 1.00000e+00  5.40420e-01  9.59700e-02  8.76360e-01 
 1.00000e+00  5.80710e-01  8.95200e-02  8.87150e-01 
 1.00000e+00  6.60900e-01  7.42600e-02  9.08640e-01 
 1.00000e+00  7.00830e-01  6.57400e-02  9.19340e-01 
 1.00000e+00  7.40680e-01  5.68200e-02  9.30020e-01 
 1.00000e+00  7.80490e-01  4.77000e-02  9.40680e-01 
 1.00000e+00  8.20290e-01  3.85300e-02  9.51350e-01 
 1.00000e+00  8.60110e-01  2.95100e-02  9.62020e-01 
 1.00000e+00  9.00000e-01  2.07700e-02  9.72710e-01 
 1.00000e+00  9.14240e-01  1.77000e-02  9.76520e-01 
 1.00000e+00  9.28500e-01  1.47200e-02  9.80340e-01 
 1.00000e+00  9.42790e-01  1.18900e-02  9.84170e-01 
 1.00000e+00  9.57110e-01  9.27000e-03  9.88010e-01 
 1.00000e+00  9.71460e-01  6.79000e-03  9.91850e-01 
 1.00000e+00  9.85800e-01  4.22000e-03  9.95690e-01 
 0.00000e+00 -2.85000e+00 -1.50000e+00  7.27000e-01 
 0.00000e+00 -2.55000e+00 -1.50000e+00  7.27000e-01 
 0.00000e+00 -2.35000e+00 -1.50000e+00  7.27000e-01 
 0.00000e+00 -2.15000e+00 -1.50000e+00  7.27000e-01 
 0.00000e+00 -1.95000e+00 -1.50000e+00  7.27000e-01 
 0.00000e+00 -1.85000e+00 -1.50000e+00  7.27000e-01 
 0.00000e+00 -1.75000e+00 -1.50000e+00  7.27000e-01 
 0.00000e+00 -1.65000e+00 -1.50000e+00  7.27000e-01 
 0.00000e+00 -1.55000e+00 -1.50000e+00  7.27000e-01 
 0.00000e+00 -1.45000e+00 -1.50000e+00  7.27000e-01 
 0.00000e+00 -1.35000e+00 -1.50000e+00  7.27000e-01 
 0.00000e+00 -1.25000e+00 -1.50000e+00  7.27000e-01 
 0.00000e+00 -1.15000e+00 -1.50000e+00  7.27000e-01 
 0.00000e+00 -1.05000e+00 -1.50000e+00  7.27000e-01 
 0.00000e+00 -9.50000e-01 -1.50000e+00  7.27000e-01 
 0.00000e+00 -8.50000e-01 -1.50000e+00  7.27000e-01 
 0.00000e+00 -7.50000e-01 -1.50000e+00  7.27000e-01 
 0.00000e+00 -6.50000e-01 -1.50000e+00  7.27000e-01 
 0.00000e+00 -5.50000e-01 -1.50000e+00  7.27000e-01 
 0.00000e+00 -4.50000e-01 -1.50000e+00  7.27000e-01 
 0.00000e+00 -3.50000e-01 -1.50000e+00  7.27000e-01 
 0.00000e+00 -2.50000e-01 -1.50000e+00  7.27000e-01 
 0.00000e+00 -1.50000e-01 -1.50000e+00  7.27000e-01 
 0.00000e+00 -5.00000e-02 -1.50000e+00  7.27000e-01 
 0.00000e+00  5.00000e-02 -1.50000e+00  7.27000e-01 
 0.00000e+00  1.50000e-01 -1.50000e+00  7.27000e-01 
 0.00000e+00  2.50000e-01 -1.50000e+00  7.27000e-01 
 0.00000e+00  3.50000e-01 -1.50000e+00  7.27000e-01 
 0.00000e+00  4.50000e-01 -1.50000e+00  7.27000e-01 
 0.00000e+00  5.50000e-01 -1.50000e+00  7.27000e-01 
 0.00000e+00  6.50000e-01 -1.50000e+00  7.27000e-01 
 0.00000e+00  7.50000e-01 -1.50000e+00  7.27000e-01 
 0.00000e+00  8.50000e-01 -1.50000e+00  7.27000e-01 
 0.00000e+00  9.50000e-01 -1.50000e+00  7.27000e-01 
 0.00000e+00  1.05000e+00 -1.50000e+00  7.27000e-01 
 0.00000e+00  1.15000e+00 -1.50000e+00  7.27000e-01 
 0.00000e+00  1.25000e+00 -1.50000e+00  7.27000e-01 
 0.00000e+00  1.35000e+00 -1.50000e+00  7.27000e-01 
 0.00000e+00  1.45000e+00 -1.50000e+00  7.27000e-01 
 0.00000e+00  1.55000e+00 -1.50000e+00  7.27000e-01 
 0.00000e+00  1.65000e+00 -1.50000e+00  7.27000e-01 
 0.00000e+00  1.75000e+00 -1.50000e+00  7.27000e-01 
 0.00000e+00  1.85000e+00 -1.50000e+00  7.27000e-01 
 0.00000e+00  1.95000e+00 -1.50000e+00  7.27000e-01 
 0.00000e+00  2.15000e+00 -1.50000e+00  7.27000e-01 
 0.00000e+00  2.35000e+00 -1.50000e+00  7.27000e-01 
 0.00000e+00  2.55000e+00 -1.50000e+00  7.27000e-01 
 0.00000e+00  2.85000e+00 -1.50000e+00  7.27000e-01 
 1.00000e+00 -2.85000e+00  1.50000e+00  7.27000e-01 
 1.00000e+00 -2.55000e+00  1.50000e+00  7.27000e-01 
 1.00000e+00 -2.35000e+00  1.50000e+00  7.27000e-01 
 1.00000e+00 -2.15000e+00  1.50000e+00  7.27000e-01 
 1.00000e+00 -1.95000e+00  1.50000e+00  7.27000e-01 
 1.00000e+00 -1.85000e+00  1.50000e+00  7.27000e-01 
 1.00000e+00 -1.75000e+00  1.50000e+00  7.27000e-01 
 1.00000e+00 -1.65000e+00  1.50000e+00  7.27000e-01 
 1.00000e+00 -1.55000e+00  1.50000e+00  7.27000e-01 
 1.00000e+00 -1.45000e+00  1.50000e+00  7.27000e-01 
 1.00000e+00 -1.35000e+00  1.50000e+00  7.27000e-01 
 1.00000e+00 -1.25000e+00  1.50000e+00  7.27000e-01 
 1.00000e+00 -1.15000e+00  1.50000e+00  7.27000e-01 
 1.00000e+00 -1.05000e+00  1.50000e+00  7.27000e-01 
 1.00000e+00 -9.50000e-01  1.50000e+00  7.27000e-01 
 1.00000e+00 -8.50000e-01  1.50000e+00  7.27000e-01 
 1.00000e+00 -7.50000e-01  1.50000e+00  7.27000e-01 
 1.00000e+00 -6.50000e-01  1.50000e+00  7.27000e-01 
 1.00000e+00 -5.50000e-01  1.50000e+00  7.27000e-01 
 1.00000e+00 -4.50000e-01  1.50000e+00  7.27000e-01 
 1.00000e+00 -3.50000e-01  1.50000e+00  7.27000e-01 
 1.00000e+00 -2.50000e-01  1.50000e+00  7.27000e-01 
 1.00000e+00 -1.50000e-01  1.50000e+00  7.27000e-01 
 1.00000e+00 -5.00000e-02  1.50000e+00  7.27000e-01 
 1.00000e+00  5.00000e-02  1.50000e+00  7.27000e-01 
 1.00000e+00  1.50000e-01  1.50000e+00  7.27000e-01 
 1.00000e+00  2.50000e-01  1.50000e+00  7.27000e-01 
 1.00000e+00  3.50000e-01  1.50000e+00  7.27000e-01 
 1.00000e+00  4.50000e-01  1.50000e+00  7.27000e-01 
 1.00000e+00  5.50000e-01  1.50000e+00  7.27000e-01 
 1.00000e+00  6.50000e-01  1.50000e+00  7.27000e-01 
 1.00000e+00  7.50000e-01  1.50000e+00  7.27000e-01 
 1.00000e+00  8.50000e-01  1.50000e+00  7.27000e-01 
 1.00000e+00  9.50000e-01  1.50000e+00  7.27000e-01 
 1.00000e+00  1.05000e+00  1.50000e+00  7.27000e-01 
 1.00000e+00  1.15000e+00  1.50000e+00  7.27000e-01 
 1.00000e+00  1.25000e+00  1.50000e+00  7.27000e-01 
 1.00000e+00  1.35000e+00  1.50000e+00  7.27000e-01 
 1.00000e+00  1.45000e+00  1.50000e+00  7.27000e-01 
 1.00000e+00  1.55000e+00  1.50000e+00  7.27000e-01 
 1.00000e+00  1.65000e+00  1.50000e+00  7.27000e-01 
 1.00000e+00  1.75000e+00  1.50000e+00  7.27000e-01 
 1.00000e+00  1.85000e+00  1.50000e+00  7.27000e-01 
 1.00000e+00  1.95000e+00  1.50000e+00  7.27000e-01 
 1.00000e+00  2.15000e+00  1.50000e+00  7.27000e-01 
 1.00000e+00  2.35000e+00  1.50000e+00  7.27000e-01 
 1.00000e+00  2.55000e+00  1.50000e+00  7.27000e-01 
 1.00000e+00  2.85000e+00  1.50000e+00  7.27000e-01 
 2.00000e+00 -2.85000e+00 -1.50000e+00  1.26700e+00 
 2.00000e+00 -1.95000e+00 -1.50000e+00  1.26700e+00 
 2.00000e+00 -1.35000e+00 -1.50000e+00  1.26700e+00 
 2.00000e+00 -9.50000e-01 -1.50000e+00  1.26700e+00 
 2.00000e+00 -6.50000e-01 -1.50000e+00  1.26700e+00 
 2.00000e+00 -4.50000e-01 -1.50000e+00  1.26700e+00 
 2.00000e+00 -2.50000e-01 -1.50000e+00  1.26700e+00 
 2.00000e+00 -5.00000e-02 -1.50000e+00  1.26700e+00 
 2.00000e+00  5.00000e-02 -1.50000e+00  1.26700e+00 
 2.00000e+00  2.50000e-01 -1.50000e+00  1.26700e+00 
 2.00000e+00  4.50000e-01 -1.50000e+00  1.26700e+00 
 2.00000e+00  6.50000e-01 -1.50000e+00  1.26700e+00 
 2.00000e+00  9.50000e-01 -1.50000e+00  1.26700e+00 
 2.00000e+00  1.35000e+00 -1.50000e+00  1.26700e+00 
 2.00000e+00  1.95000e+00 -1.50000e+00  1.26700e+00 
 2.00000e+00  2.85000e+00 -1.50000e+00  1.26700e+00 
 3.00000e+00 -2.85000e+00  1.50000e+00  1.26700e+00 
 3.00000e+00 -1.95000e+00  1.50000e+00  1.26700e+00 
 3.00000e+00 -1.35000e+00  1.50000e+00  1.26700e+00 
 3.00000e+00 -9.50000e-01  1.50000e+00  1.26700e+00 
 3.00000e+00 -6.50000e-01  1.50000e+00  1.26700e+00 
 3.00000e+00 -4.50000e-01  1.50000e+00  1.26700e+00 
 3.00000e+00 -2.50000e-01  1.50000e+00  1.26700e+00 
 3.00000e+00 -5.00000e-02  1.50000e+00  1.26700e+00 
 3.00000e+00  5.00000e-02  1.50000e+00  1.26700e+00 
 3.00000e+00  2.50000e-01  1.50000e+00  1.26700e+00 
 3.00000e+00  4.50000e-01  1.50000e+00  1.26700e+00 
 3.00000e+00  6.50000e-01  1.50000e+00  1.26700e+00 
 3.00000e+00  9.50000e-01  1.50000e+00  1.26700e+00 
 3.00000e+00  1.35000e+00  1.50000e+00  1.26700e+00 
 3.00000e+00  1.95000e+00  1.50000e+00  1.26700e+00 
 3.00000e+00  2.85000e+00  1.50000e+00  1.26700e+00 
 0.00000e+00  2.70000e+00 -3.47500e-01  0.00000e+00 
 0.00000e+00  2.70000e+00 -3.17500e-01  0.00000e+00 
 0.00000e+00  2.70000e+00 -2.87500e-01  0.00000e+00 
 0.00000e+00  2.70000e+00 -2.67500e-01  0.00000e+00 
 0.00000e+00  2.70000e+00 -2.47500e-01  0.00000e+00 
 0.00000e+00  2.70000e+00 -2.32500e-01  0.00000e+00 
 0.00000e+00  2.70000e+00 -2.17500e-01  0.00000e+00 
 0.00000e+00  2.70000e+00 -2.07500e-01  0.00000e+00 
 0.00000e+00  2.70000e+00 -1.97500e-01  0.00000e+00 
 0.00000e+00  2.70000e+00 -1.92500e-01  0.00000e+00 
 0.00000e+00  2.70000e+00 -1.87500e-01  0.00000e+00 
 0.00000e+00  2.70000e+00 -1.82500e-01  0.00000e+00 
 0.00000e+00  2.70000e+00 -1.77500e-01  0.00000e+00 
 0.00000e+00  2.70000e+00 -1.72500e-01  0.00000e+00 
 0.00000e+00  2.70000e+00 -1.67500e-01  0.00000e+00 
 0.00000e+00  2.70000e+00 -1.62500e-01  0.00000e+00 
 0.00000e+00  2.70000e+00 -1.57500e-01  0.00000e+00 
 0.00000e+00  2.70000e+00 -1.52500e-01  0.00000e+00 
 0.00000e+00  2.70000e+00 -1.47500e-01  0.00000e+00 
 0.00000e+00  2.70000e+00 -1.42500e-01  0.00000e+00 
 0.00000e+00  2.70000e+00 -1.37500e-01  0.00000e+00 
 0.00000e+00  2.70000e+00 -1.32500e-01  0.00000e+00 
 0.00000e+00  2.70000e+00 -1.27500e-01  0.00000e+00 
 0.00000e+00  2.70000e+00 -1.22500e-01  0.00000e+00 
 0.00000e+00  2.70000e+00 -1.17500e-01  0.00000e+00 
 0.00000e+00  2.70000e+00 -1.12500e-01  0.00000e+00 
 0.00000e+00  2.70000e+00 -1.07500e-01  0.00000e+00 
 0.00000e+00  2.70000e+00 -1.02500e-01  0.00000e+00 
 0.00000e+00  2.70000e+00 -9.75000e-02  0.00000e+00 
 0.00000e+00  2.70000e+00 -9.25000e-02  0.00000e+00 
 0.00000e+00  2.70000e+00 -8.75000e-02  0.00000e+00 
 0.00000e+00  2.70000e+00 -8.25000e-02  0.00000e+00 
 0.00000e+00  2.70000e+00 -7.75000e-02  0.00000e+00 
 0.00000e+00  2.70000e+00 -7.25000e-02  0.00000e+00 
 0.00000e+00  2.70000e+00 -6.75000e-02  0.00000e+00 
 0.00000e+00  2.70000e+00 -6.25000e-02  0.00000e+00 
 0.00000e+00  2.70000e+00 -5.75000e-02  0.00000e+00 
 0.00000e+00  2.70000e+00 -5.25000e-02  0.00000e+00 
 0.00000e+00  2.70000e+00 -4.75000e-02  0.00000e+00 
 0.00000e+00  2.70000e+00 -4.25000e-02  0.00000e+00 
 0.00000e+00  2.70000e+00 -3.75000e-02  0.00000e+00 
 0.00000e+00  2.70000e+00 -3.25000e-02  0.00000e+00 
 0.00000e+00  2.70000e+00 -2.75000e-02  0.00000e+00 
 0.00000e+00  2.70000e+00 -2.25000e-02  0.00000e+00 
 0.00000e+00  2.70000e+00 -1.75000e-02  0.00000e+00 
 0.00000e+00  2.70000e+00 -1.25000e-02  0.00000e+00 
 0.00000e+00  2.70000e+00 -7.50000e-03  0.00000e+00 
 0.00000e+00  2.70000e+00 -2.50000e-03  0.00000e+00 
 0.00000e+00  2.70000e+00  2.50000e-03  0.00000e+00 
 0.00000e+00  2.70000e+00  7.50000e-03  0.00000e+00 
 0.00000e+00  2.70000e+00  1.25000e-02  0.00000e+00 
 0.00000e+00  2.70000e+00  1.75000e-02  0.00000e+00 
 0.00000e+00  2.70000e+00  2.25000e-02  0.00000e+00 
 0.00000e+00  2.70000e+00  2.75000e-02  0.00000e+00 
 0.00000e+00  2.70000e+00  3.25000e-02  0.00000e+00 
 0.00000e+00  2.70000e+00  3.75000e-02  0.00000e+00 
 0.00000e+00  2.70000e+00  4.25000e-02  0.00000e+00 
 0.00000e+00  2.70000e+00  4.75000e-02  0.00000e+00 
 0.00000e+00  2.70000e+00  5.25000e-02  0.00000e+00 
 0.00000e+00  2.70000e+00  5.75000e-02  0.00000e+00 
 0.00000e+00  2.70000e+00  6.25000e-02  0.00000e+00 
 0.00000e+00  2.70000e+00  6.75000e-02  0.00000e+00 
 0.00000e+00  2.70000e+00  7.25000e-02  0.00000e+00 
 0.00000e+00  2.70000e+00  7.75000e-02  0.00000e+00 
 0.00000e+00  2.70000e+00  8.25000e-02  0.00000e+00 
 0.00000e+00  2.70000e+00  8.75000e-02  0.00000e+00 
 0.00000e+00  2.70000e+00  9.25000e-02  0.00000e+00 
 0.00000e+00  2.70000e+00  9.75000e-02  0.00000e+00 
 0.00000e+00  2.70000e+00  1.02500e-01  0.00000e+00 
 0.00000e+00  2.70000e+00  1.07500e-01  0.00000e+00 
 0.00000e+00  2.70000e+00  1.12500e-01  0.00000e+00 
 0.00000e+00  2.70000e+00  1.17500e-01  0.00000e+00 
 0.00000e+00  2.70000e+00  1.22500e-01  0.00000e+00 
 0.00000e+00  2.70000e+00  1.27500e-01  0.00000e+00 
 0.00000e+00  2.70000e+00  1.32500e-01  0.00000e+00 
 0.00000e+00  2.70000e+00  1.37500e-01  0.00000e+00 
 0.00000e+00  2.70000e+00  1.42500e-01  0.00000e+00 
 0.00000e+00  2.70000e+00  1.47500e-01  0.00000e+00 
 0.00000e+00  2.70000e+00  1.52500e-01  0.00000e+00 
 0.00000e+00  2.70000e+00  1.57500e-01  0.00000e+00 
 0.00000e+00  2.70000e+00  1.62500e-01  0.00000e+00 
 0.00000e+00  2.70000e+00  1.67500e-01  0.00000e+00 
 0.00000e+00  2.70000e+00  1.72500e-01  0.00000e+00 
 0.00000e+00  2.70000e+00  1.77500e-01  0.00000e+00 
 0.00000e+00  2.70000e+00  1.82500e-01  0.00000e+00 
 0.00000e+00  2.70000e+00  1.87500e-01  0.00000e+00 
 0.00000e+00  2.70000e+00  1.92500e-01  0.00000e+00 
 0.00000e+00  2.70000e+00  1.97500e-01  0.00000e+00 
 0.00000e+00  2.70000e+00  2.07500e-01  0.00000e+00 
 0.00000e+00  2.70000e+00  2.17500e-01  0.00000e+00 
 0.00000e+00  2.70000e+00  2.32500e-01  0.00000e+00 
 0.00000e+00  2.70000e+00  2.47500e-01  0.00000e+00 
 0.00000e+00  2.70000e+00  2.67500e-01  0.00000e+00 
 0.00000e+00  2.70000e+00  2.87500e-01  0.00000e+00 
 0.00000e+00  2.70000e+00  3.17500e-01  0.00000e+00 
 0.00000e+00  2.70000e+00  3.47500e-01  0.00000e+00 
