-3.03067e+00  1.97114e+00  7.96962e+00 
 5.88674e+01  5.87278e+01  5.83195e+01 
 2.01431e+01  2.04835e+01  2.08385e+01 
 3.91997e+06  3.90286e+06  3.86793e+06 
 2.09308e+03  2.08087e+03  2.04983e+03 
 1.02126e+05  1.02129e+05  1.02143e+05 
 3.25015e+02  2.99140e+02  9.19316e+01 
 4.34086e+02  4.79670e+02  4.17467e+02 
 5.00875e+02  5.85211e+02  5.74280e+02 
 5.01843e+02  6.00790e+02  6.15960e+02 
 4.79949e+02  5.86856e+02  6.20607e+02 
 4.47883e+02  5.59527e+02  6.08450e+02 
 3.71742e+02  4.96917e+02  5.76212e+02 
 2.82304e+02  4.24514e+02  5.35060e+02 
 1.88588e+02  3.53562e+02  4.96432e+02 
 7.31598e+01  2.62274e+02  4.39751e+02 
-5.80121e+01  1.59565e+02  3.77890e+02 
-1.87175e+02  6.49445e+01  3.31829e+02 
-3.82261e+02 -6.28371e+01  2.08577e+02 
-4.49615e+02 -1.02892e+02  1.82729e+02 
-5.89034e+02 -1.86754e+02  1.47281e+02 
-7.71508e+02 -3.42280e+02  8.76406e+01 
-7.61019e+02 -3.53829e+02  8.97697e+01 
-9.19263e+02 -4.60336e+02  5.66327e+01 
-1.05208e+03 -5.26905e+02  4.51479e+01 
-1.18432e+03 -5.88671e+02  4.28762e+01 
-1.28543e+03 -6.24609e+02  7.70795e+01 
-1.33724e+03 -6.01428e+02  1.61828e+02 
-1.33793e+03 -5.87501e+02  2.09289e+02 
-1.33392e+03 -5.43029e+02  2.76411e+02 
-1.37207e+03 -4.90069e+02  3.58704e+02 
-1.40119e+03 -4.63465e+02  4.22223e+02 
-1.39080e+03 -4.07128e+02  5.05691e+02 
-1.42944e+03 -3.72502e+02  5.93206e+02 
-1.54649e+03 -3.12243e+02  7.74743e+02 
-1.57553e+03 -2.38518e+02  9.04959e+02 
-1.61223e+03 -1.50594e+02  1.05263e+03 
-1.62237e+03 -1.01876e+02  1.12220e+03 
-1.64759e+03 -6.64316e+01  1.18589e+03 
-1.66311e+03 -1.22361e+01  1.26149e+03 
-1.66994e+03  5.96069e+01  1.35430e+03 
-1.71108e+03  1.02581e+02  1.42342e+03 
-1.72383e+03  1.82702e+02  1.52011e+03 
-1.72094e+03  2.90277e+02  1.62702e+03 
-1.72611e+03  4.05032e+02  1.73803e+03 
-1.76569e+03  5.46296e+02  1.85403e+03 
-1.87742e+03  6.73374e+02  1.95441e+03 
-1.89754e+03  9.20712e+02  2.02533e+03 
-1.64444e+03  1.28920e+03  1.94965e+03 
-1.03678e+03  1.74952e+03  1.47332e+03 
 3.05250e+02  2.05680e+03 -1.13631e+02 
 1.51318e+03  1.57826e+03 -3.54995e+03 
 2.07021e+03  4.69597e+02 -5.34563e+03 
 1.87388e+03 -3.05666e+02 -5.65170e+03 
 1.51764e+03 -8.55774e+02 -5.72460e+03 
 1.19739e+03 -1.14138e+03 -5.47952e+03 
 9.50391e+02 -1.27118e+03 -5.14387e+03 
 7.38131e+02 -1.39180e+03 -4.92994e+03 
 5.50143e+02 -1.49900e+03 -4.77817e+03 
 3.83355e+02 -1.59220e+03 -4.65381e+03 
 2.36337e+02 -1.67006e+03 -4.54457e+03 
 1.05625e+02 -1.74153e+03 -4.46256e+03 
-7.64409e+00 -1.79300e+03 -4.36898e+03 
-1.07468e+02 -1.83567e+03 -4.22246e+03 
-2.01759e+02 -1.87719e+03 -4.05543e+03 
-2.92801e+02 -1.91571e+03 -4.01162e+03 
-3.65454e+02 -1.94531e+03 -3.96432e+03 
-5.40808e+02 -2.02261e+03 -3.88601e+03 
-6.72445e+02 -2.05899e+03 -3.74549e+03 
-9.62492e+02 -2.20330e+03 -3.71403e+03 
-1.06502e+03 -2.23481e+03 -3.65097e+03 
-1.16754e+03 -2.26632e+03 -3.58791e+03 
-1.09928e+03 -2.12476e+03 -3.34379e+03 
-1.21278e+03 -2.20837e+03 -3.34781e+03 
-1.26137e+03 -2.21017e+03 -3.27855e+03 
-1.31421e+03 -2.22579e+03 -3.22083e+03 
-1.33937e+03 -2.20654e+03 -3.14001e+03 
-1.36331e+03 -2.18870e+03 -3.05859e+03 
-1.36192e+03 -2.14421e+03 -2.95207e+03 
-1.34529e+03 -2.08014e+03 -2.82771e+03 
-1.34662e+03 -2.04157e+03 -2.72420e+03 
-1.31415e+03 -1.94051e+03 -2.58387e+03 
-1.29891e+03 -1.88440e+03 -2.50462e+03 
-1.28930e+03 -1.85626e+03 -2.46225e+03 
-1.27812e+03 -1.82861e+03 -2.41870e+03 
-1.24445e+03 -1.79810e+03 -2.33755e+03 
-1.19610e+03 -1.74747e+03 -2.24806e+03 
-1.17856e+03 -1.72252e+03 -2.20553e+03 
-1.15373e+03 -1.68666e+03 -2.15676e+03 
-1.11658e+03 -1.62789e+03 -2.06835e+03 
-1.16477e+03 -1.61384e+03 -2.06488e+03 
-9.90889e+02 -1.44816e+03 -1.80940e+03 
-9.11218e+02 -1.30186e+03 -1.56848e+03 
-6.36586e+02 -9.18257e+02 -1.06960e+03 
-5.00791e+02 -7.41008e+02 -8.53846e+02 
-3.64996e+02 -5.63758e+02 -6.38095e+02 
-2.43275e+02 -4.06880e+02 -4.63925e+02 
-1.33395e+02 -2.64425e+02 -3.05168e+02 
-3.05724e+01 -1.31353e+02 -1.93318e+02 
 8.01860e+01  5.09238e+00 -8.60662e+01 
 1.14602e+02  5.39072e+01 -5.47470e+01 
 1.54400e+02  9.46516e+01 -2.56950e+01 
 1.84097e+02  1.34407e+02  1.78357e+00 
 2.05836e+02  1.67167e+02  2.77275e+01 
 2.20590e+02  1.95926e+02  5.33432e+01 
 2.36427e+02  2.25387e+02  7.32418e+01 
-3.88753e+01 -1.20646e+01  1.52825e+01 
-6.04546e+01 -2.38858e+01  1.33633e+01 
-6.22757e+01 -1.77647e+01  2.75941e+01 
-5.97693e+01 -5.70649e+00  4.89252e+01 
-6.41963e+01  1.12008e+00  6.71957e+01 
-6.76816e+01  4.45185e+00  7.67368e+01 
-7.25304e+01  6.83343e+00  8.62235e+01 
-8.65714e+01  1.51684e+00  8.95325e+01 
-8.71818e+01  9.23400e+00  1.04911e+02 
-8.77921e+01  1.69512e+01  1.20289e+02 
-8.83846e+01  2.55953e+01  1.37237e+02 
-8.95966e+01  3.39855e+01  1.54374e+02 
-1.02572e+02  3.21064e+01  1.62583e+02 
-1.05356e+02  3.96928e+01  1.78475e+02 
-1.16069e+02  3.98089e+01  1.88790e+02 
-1.25744e+02  4.07721e+01  1.98760e+02 
-1.57359e+02  2.31854e+01  1.93496e+02 
-1.52077e+02  3.50712e+01  2.10736e+02 
-1.66460e+02  2.98467e+01  2.13558e+02 
-1.66569e+02  3.58137e+01  2.24041e+02 
-1.65861e+02  4.04784e+01  2.32051e+02 
-1.74063e+02  3.65804e+01  2.31065e+02 
-1.78598e+02  3.37254e+01  2.29069e+02 
-1.73291e+02  3.60349e+01  2.28561e+02 
-1.67984e+02  3.83444e+01  2.28052e+02 
-1.59760e+02  4.11551e+01  2.25809e+02 
-1.50085e+02  4.41259e+01  2.22447e+02 
-1.46888e+02  3.95259e+01  2.10878e+02 
-1.36958e+02  4.09038e+01  2.03961e+02 
-1.26025e+02  4.15131e+01  1.95141e+02 
-1.20570e+02  3.72077e+01  1.81721e+02 
-1.19807e+02  2.83841e+01  1.63772e+02 
-1.17387e+02  2.07201e+01  1.46760e+02 
-1.02645e+02  2.46610e+01  1.40433e+02 
-1.03756e+02  1.42408e+01  1.21095e+02 
-9.00944e+01  1.77514e+01  1.14797e+02 
-8.42068e+01  1.45181e+01  1.02868e+02 
-8.16390e+01  8.45327e+00  8.85457e+01 
-7.44628e+01  7.54325e+00  8.01597e+01 
-7.02857e+01  4.51678e+00  6.97093e+01 
-6.28583e+01  5.01285e+00  6.35559e+01 
-6.28659e+01 -1.10579e+00  5.14857e+01 
-6.31305e+01 -7.01675e+00  4.02330e+01 
-7.09677e+01 -1.98552e+01  2.24634e+01 
-7.54724e+01 -3.35293e+01 -1.21355e-01 
-9.53184e+01 -6.09979e+01 -3.46742e+01 
-1.08491e+02 -8.04039e+01 -6.03111e+01 
-1.29341e+02 -1.08360e+02 -9.48413e+01 
-4.22876e+01 -6.67300e+01 -9.31892e+01 
-4.32928e+01 -7.72176e+01 -1.13936e+02 
-4.40497e+01 -8.58664e+01 -1.31327e+02 
-4.25375e+01 -9.39352e+01 -1.49897e+02 
-4.87508e+01 -1.12175e+02 -1.81616e+02 
-4.94655e+01 -1.19637e+02 -1.96518e+02 
-5.04827e+01 -1.27617e+02 -2.12578e+02 
-5.51735e+01 -1.40106e+02 -2.34164e+02 
-5.77937e+01 -1.51581e+02 -2.55436e+02 
-7.08233e+01 -1.74585e+02 -2.89847e+02 
-7.42849e+01 -1.88169e+02 -3.15276e+02 
-7.07615e+01 -1.94619e+02 -3.33594e+02 
-7.48902e+01 -2.09425e+02 -3.60645e+02 
-7.79662e+01 -2.23730e+02 -3.88682e+02 
-7.86430e+01 -2.34985e+02 -4.12747e+02 
-8.97112e+01 -2.57179e+02 -4.49751e+02 
-9.58825e+01 -2.74076e+02 -4.80211e+02 
-9.90536e+01 -2.86668e+02 -5.04237e+02 
-1.05512e+02 -3.01355e+02 -5.29276e+02 
-1.16886e+02 -3.20310e+02 -5.57283e+02 
-1.27647e+02 -3.36665e+02 -5.80034e+02 
-1.35592e+02 -3.47686e+02 -5.94493e+02 
-1.49391e+02 -3.63433e+02 -6.12183e+02 
-1.50700e+02 -3.62621e+02 -6.08304e+02 
-1.57334e+02 -3.66724e+02 -6.08590e+02 
-1.55843e+02 -3.59761e+02 -5.93934e+02 
-1.53193e+02 -3.49677e+02 -5.74541e+02 
-1.61110e+02 -3.50664e+02 -5.66322e+02 
-1.44956e+02 -3.23351e+02 -5.25930e+02 
-1.43676e+02 -3.12674e+02 -5.03040e+02 
-1.36907e+02 -2.95488e+02 -4.72184e+02 
-1.31443e+02 -2.79218e+02 -4.43112e+02 
-1.40637e+02 -2.78483e+02 -4.30396e+02 
-1.27947e+02 -2.54360e+02 -3.93720e+02 
-1.20122e+02 -2.36273e+02 -3.64715e+02 
-1.13318e+02 -2.18609e+02 -3.35193e+02 
-1.04593e+02 -2.01154e+02 -3.09152e+02 
-1.07085e+02 -1.95018e+02 -2.93783e+02 
-1.07674e+02 -1.87433e+02 -2.77263e+02 
-9.53280e+01 -1.67389e+02 -2.49224e+02 
-9.35097e+01 -1.58938e+02 -2.33808e+02 
-9.69458e+01 -1.56238e+02 -2.24738e+02 
-9.27243e+01 -1.46419e+02 -2.09035e+02 
-9.38332e+01 -1.42250e+02 -1.99346e+02 
-9.74853e+01 -1.36158e+02 -1.83293e+02 
-9.28287e+01 -1.24539e+02 -1.64291e+02 
-1.06784e+02 -1.31988e+02 -1.65137e+02 
-1.29064e+02 -1.46333e+02 -1.71540e+02 
-4.67548e+01 -1.98015e+01  7.51141e+00 
-6.96991e+01 -3.82101e+00  6.27793e+01 
-8.50820e+01  2.87898e+01  1.40056e+02 
-1.17685e+02  3.84075e+01  1.87398e+02 
-1.47522e+02  3.97899e+01  2.15239e+02 
-1.57750e+02  4.38895e+01  2.31163e+02 
-1.67554e+02  4.24429e+01  2.36057e+02 
-1.63489e+02  4.50382e+01  2.36931e+02 
-1.66696e+02  3.97823e+01  2.29401e+02 
-1.48694e+02  4.54184e+01  2.23585e+02 
-1.48137e+02  3.10410e+01  1.95603e+02 
-1.21655e+02  3.62581e+01  1.80816e+02 
-1.03538e+02  2.39363e+01  1.39699e+02 
-7.33975e+01  1.64987e+01  9.63979e+01 
-7.06152e+01 -1.95406e+01  2.26676e+01 
-1.31886e+02 -1.11065e+02 -9.72800e+01 
-4.44385e+01 -6.89810e+01 -9.53010e+01 
-4.83976e+01 -1.11517e+02 -1.80652e+02 
-6.05092e+01 -1.73564e+02 -2.99567e+02 
-8.02630e+01 -2.37303e+02 -4.16737e+02 
-1.00476e+02 -2.89491e+02 -5.05503e+02 
-1.13687e+02 -3.16653e+02 -5.53192e+02 
-1.35271e+02 -3.47568e+02 -5.94555e+02 
-1.51733e+02 -3.63847e+02 -6.09870e+02 
-1.50289e+02 -3.59038e+02 -6.00091e+02 
-1.54287e+02 -3.51596e+02 -5.77026e+02 
-1.47856e+02 -3.27365e+02 -5.30787e+02 
-1.39004e+02 -2.97249e+02 -4.75386e+02 
-1.22283e+02 -2.48583e+02 -3.89393e+02 
-1.03313e+02 -1.91306e+02 -2.90014e+02 
-8.78428e+01 -1.36462e+02 -1.93725e+02 
-1.31715e+02 -1.49249e+02 -1.74033e+02 
 2.10609e+03  2.09625e+03  2.05773e+03 
 2.10652e+03  2.09659e+03  2.05796e+03 
 2.10625e+03  2.09645e+03  2.05782e+03 
 2.10597e+03  2.09609e+03  2.05757e+03 
 2.10659e+03  2.09660e+03  2.05743e+03 
 2.10644e+03  2.09665e+03  2.05541e+03 
 2.10644e+03  2.09645e+03  2.04514e+03 
 2.10616e+03  2.09614e+03  2.03298e+03 
 2.10612e+03  2.09610e+03  2.01076e+03 
 2.10658e+03  2.09660e+03  1.99550e+03 
 2.10653e+03  2.09649e+03  1.97850e+03 
 2.10622e+03  2.09645e+03  1.95859e+03 
 2.10575e+03  2.09593e+03  1.93438e+03 
 2.10628e+03  2.09645e+03  1.91413e+03 
 2.10634e+03  2.09646e+03  1.89466e+03 
 2.10608e+03  2.09625e+03  1.86990e+03 
 2.10595e+03  2.09591e+03  1.84619e+03 
 2.10282e+03  2.09209e+03  1.81960e+03 
 2.10652e+03  2.09656e+03  1.80339e+03 
 2.10651e+03  2.09648e+03  1.78541e+03 
 2.10612e+03  2.09615e+03  1.77563e+03 
 2.10639e+03  2.09643e+03  1.76562e+03 
 2.10655e+03  2.09650e+03  1.75978e+03 
 2.10650e+03  2.09645e+03  1.75860e+03 
 2.10667e+03  2.09673e+03  1.76358e+03 
 2.10675e+03  2.09693e+03  1.77148e+03 
 2.10695e+03  2.09697e+03  1.78238e+03 
 2.10636e+03  2.09631e+03  1.79641e+03 
 2.10641e+03  2.09619e+03  1.81055e+03 
 2.10593e+03  2.09506e+03  1.83106e+03 
 2.10688e+03  2.09395e+03  1.85169e+03 
 2.10618e+03  2.08862e+03  1.87175e+03 
 2.10549e+03  2.08330e+03  1.89181e+03 
 2.10534e+03  2.07068e+03  1.91696e+03 
 2.10530e+03  2.05652e+03  1.93636e+03 
 2.10544e+03  2.03246e+03  1.95588e+03 
 2.10557e+03  2.00839e+03  1.97539e+03 
 2.10573e+03  1.98834e+03  1.98677e+03 
 2.10552e+03  1.95006e+03  2.00413e+03 
 2.10500e+03  1.91855e+03  2.01587e+03 
 2.10538e+03  1.89257e+03  2.02450e+03 
 2.10504e+03  1.86651e+03  2.03353e+03 
 2.10574e+03  1.84670e+03  2.03989e+03 
 2.10568e+03  1.83940e+03  2.04481e+03 
 2.10563e+03  1.83209e+03  2.04972e+03 
 2.10600e+03  1.84180e+03  2.05286e+03 
 2.10572e+03  1.85458e+03  2.05438e+03 
 2.10597e+03  1.88460e+03  2.05601e+03 
 2.10545e+03  1.90281e+03  2.05612e+03 
 2.10409e+03  1.93564e+03  2.05701e+03 
 2.10251e+03  1.96383e+03  2.05673e+03 
 2.09715e+03  1.99595e+03  2.05704e+03 
 2.08927e+03  2.02348e+03  2.05724e+03 
 2.07690e+03  2.04510e+03  2.05723e+03 
 2.06281e+03  2.06091e+03  2.05716e+03 
 2.03692e+03  2.07612e+03  2.05722e+03 
 2.01004e+03  2.08493e+03  2.05749e+03 
 1.97619e+03  2.09114e+03  2.05785e+03 
 1.94378e+03  2.09363e+03  2.05740e+03 
 1.90723e+03  2.09487e+03  2.05715e+03 
 1.87371e+03  2.09627e+03  2.05792e+03 
 1.84955e+03  2.09667e+03  2.05814e+03 
 1.83058e+03  2.09626e+03  2.05757e+03 
 1.82292e+03  2.09619e+03  2.05765e+03 
 1.82292e+03  2.09605e+03  2.05680e+03 
 1.83263e+03  2.09626e+03  2.05688e+03 
 1.85607e+03  2.09508e+03  2.05601e+03 
 1.88084e+03  2.09538e+03  2.05613e+03 
 1.90808e+03  2.09483e+03  2.05554e+03 
 1.95218e+03  2.09576e+03  2.05660e+03 
 1.98601e+03  2.09487e+03  2.05577e+03 
 2.00899e+03  2.09550e+03  2.05656e+03 
 2.04277e+03  2.09489e+03  2.05571e+03 
 2.05985e+03  2.09518e+03  2.05620e+03 
 2.08032e+03  2.09439e+03  2.05571e+03 
 2.09094e+03  2.09493e+03  2.05585e+03 
 2.09940e+03  2.09583e+03  2.05665e+03 
 2.10378e+03  2.09605e+03  2.05684e+03 
 2.10508e+03  2.09569e+03  2.05664e+03 
 2.10551e+03  2.09533e+03  2.05638e+03 
 2.10639e+03  2.09596e+03  2.05674e+03 
 2.10587e+03  2.09535e+03  2.05619e+03 
 2.10606e+03  2.09606e+03  2.05703e+03 
 2.10569e+03  2.09516e+03  2.05590e+03 
 2.10642e+03  2.09575e+03  2.05677e+03 
 2.10689e+03  2.09595e+03  2.05674e+03 
 2.10538e+03  2.09501e+03  2.05590e+03 
 2.10596e+03  2.09538e+03  2.05619e+03 
 2.10587e+03  2.09528e+03  2.05619e+03 
 2.10591e+03  2.09554e+03  2.05646e+03 
 2.10542e+03  2.09516e+03  2.05634e+03 
 2.10534e+03  2.09482e+03  2.05569e+03 
 2.10567e+03  2.09531e+03  2.05644e+03 
 2.10569e+03  2.09519e+03  2.05600e+03 
 2.10589e+03  2.09535e+03  2.05620e+03 
 2.10609e+03  2.09551e+03  2.05641e+03 
-5.09105e+02  9.80931e+02  2.72165e+03 
-2.10709e+02 -1.47686e+02 -3.28328e+02 
 3.67560e+02  1.15485e+03  1.91727e+03 
 2.40840e+02  1.63353e+02 -5.93723e+01 
 1.00000e+00  1.00000e+00  0.00000e+00  9.99500e-01 
 0.00000e+00  9.80060e-01  9.70000e-04  9.94160e-01 
 0.00000e+00  9.60050e-01  1.97000e-03  9.88800e-01 
 0.00000e+00  9.40020e-01  2.11000e-03  9.83430e-01 
 0.00000e+00  9.20000e-01  1.41000e-03  9.78060e-01 
 0.00000e+00  9.00000e-01  1.30000e-04  9.72710e-01 
 0.00000e+00  8.59760e-01 -3.47000e-03  9.61920e-01 
 0.00000e+00  8.19630e-01 -8.23000e-03  9.51170e-01 
 0.00000e+00  7.79600e-01 -1.38600e-02  9.40440e-01 
 0.00000e+00  7.39650e-01 -2.00600e-02  9.29740e-01 
 0.00000e+00  6.99760e-01 -2.66000e-02  9.19050e-01 
 0.00000e+00  6.59880e-01 -3.32400e-02  9.08360e-01 
 0.00000e+00  5.99680e-01 -4.30500e-02  8.92240e-01 
 0.00000e+00  5.80050e-01 -4.61100e-02  8.86980e-01 
 0.00000e+00  5.40060e-01 -5.20100e-02  8.76260e-01 
 0.00000e+00  5.00000e-01 -5.73600e-02  8.65530e-01 
 0.00000e+00  5.00000e-01 -5.73600e-02  9.99500e-01 
 0.00000e+00  4.60140e-01 -6.19300e-02  9.88820e-01 
 0.00000e+00  4.20200e-01 -6.56100e-02  9.78120e-01 
 0.00000e+00  3.80180e-01 -6.82400e-02  9.67390e-01 
 0.00000e+00  3.40100e-01 -6.95900e-02  9.56660e-01 
 0.00000e+00  3.00000e-01 -6.95700e-02  9.45910e-01 
 0.00000e+00  2.79880e-01 -6.91000e-02  9.40520e-01 
 0.00000e+00  2.59770e-01 -6.83200e-02  9.35130e-01 
 0.00000e+00  2.39670e-01 -6.72200e-02  9.29750e-01 
 0.00000e+00  2.19600e-01 -6.57900e-02  9.24370e-01 
 0.00000e+00  1.99550e-01 -6.40100e-02  9.18990e-01 
 0.00000e+00  1.79530e-01 -6.18700e-02  9.13630e-01 
 0.00000e+00  1.39620e-01 -5.64500e-02  9.02940e-01 
 0.00000e+00  1.19760e-01 -5.30800e-02  8.97620e-01 
 0.00000e+00  1.00000e-01 -4.91600e-02  8.92320e-01 
 0.00000e+00  9.23100e-02 -4.74500e-02  8.90260e-01 
 0.00000e+00  8.46400e-02 -4.56300e-02  8.88200e-01 
 0.00000e+00  7.69900e-02 -4.36900e-02  8.86160e-01 
 0.00000e+00  6.93900e-02 -4.16200e-02  8.84120e-01 
 0.00000e+00  6.18200e-02 -3.93900e-02  8.82090e-01 
 0.00000e+00  5.43000e-02 -3.69900e-02  8.80080e-01 
 0.00000e+00  4.68500e-02 -3.43800e-02  8.78080e-01 
 0.00000e+00  3.94700e-02 -3.15500e-02  8.76100e-01 
 0.00000e+00  3.21800e-02 -2.84700e-02  8.74150e-01 
 0.00000e+00  2.50200e-02 -2.51100e-02  8.72230e-01 
 0.00000e+00  1.81300e-02 -2.11800e-02  8.70380e-01 
 0.00000e+00  1.17500e-02 -1.64200e-02  8.68670e-01 
 0.00000e+00  6.09000e-03 -1.07800e-02  8.67160e-01 
 0.00000e+00  1.97000e-03 -3.88000e-03  8.66050e-01 
 0.00000e+00  0.00000e+00  3.96000e-03  8.65530e-01 
 1.00000e+00  1.94000e-03  1.22400e-02  8.66050e-01 
 1.00000e+00  6.29000e-03  1.95300e-02  8.67210e-01 
 1.00000e+00  1.17700e-02  2.59600e-02  8.68680e-01 
 1.00000e+00  1.80400e-02  3.15700e-02  8.70360e-01 
 1.00000e+00  2.47900e-02  3.65600e-02  8.72170e-01 
 1.00000e+00  3.17600e-02  4.12100e-02  8.74040e-01 
 1.00000e+00  3.89200e-02  4.55500e-02  8.75960e-01 
 1.00000e+00  4.62300e-02  4.96000e-02  8.77910e-01 
 1.00000e+00  5.36700e-02  5.34000e-02  8.79910e-01 
 1.00000e+00  6.12100e-02  5.69700e-02  8.81930e-01 
 1.00000e+00  6.88500e-02  6.03300e-02  8.83970e-01 
 1.00000e+00  7.65500e-02  6.35100e-02  8.86040e-01 
 1.00000e+00  8.43200e-02  6.65300e-02  8.88120e-01 
 1.00000e+00  9.21300e-02  6.93900e-02  8.90210e-01 
 1.00000e+00  1.00000e-01  7.21100e-02  8.92320e-01 
 1.00000e+00  1.19480e-01  7.82500e-02  8.97540e-01 
 1.00000e+00  1.39150e-01  8.36800e-02  9.02810e-01 
 1.00000e+00  1.78890e-01  9.28400e-02  9.13460e-01 
 1.00000e+00  1.98910e-01  9.66400e-02  9.18820e-01 
 1.00000e+00  2.19020e-01  9.99400e-02  9.24210e-01 
 1.00000e+00  2.39190e-01  1.02770e-01  9.29620e-01 
 1.00000e+00  2.59420e-01  1.05150e-01  9.35040e-01 
 1.00000e+00  2.79690e-01  1.07090e-01  9.40470e-01 
 1.00000e+00  3.00000e-01  1.08620e-01  9.45910e-01 
 1.00000e+00  3.20010e-01  1.09710e-01  9.51270e-01 
 1.00000e+00  3.40040e-01  1.10380e-01  9.56640e-01 
 1.00000e+00  3.60080e-01  1.10600e-01  9.62010e-01 
 1.00000e+00  3.80120e-01  1.10390e-01  9.67380e-01 
 1.00000e+00  4.00150e-01  1.09770e-01  9.72740e-01 
 1.00000e+00  4.20160e-01  1.08780e-01  9.78110e-01 
 1.00000e+00  4.33500e-01  1.07920e-01  9.81680e-01 
 1.00000e+00  4.40160e-01  1.07430e-01  9.83470e-01 
 1.00000e+00  4.46820e-01  1.06910e-01  9.85250e-01 
 1.00000e+00  4.60140e-01  1.05750e-01  9.88820e-01 
 1.00000e+00  4.73440e-01  1.04450e-01  9.92380e-01 
 1.00000e+00  4.80080e-01  1.03760e-01  9.94160e-01 
 1.00000e+00  4.86730e-01  1.03020e-01  9.95940e-01 
 1.00000e+00  5.00000e-01  1.01460e-01  9.99500e-01 
 1.00000e+00  5.00000e-01  1.01460e-01  8.65530e-01 
 1.00000e+00  5.40420e-01  9.59700e-02  8.76360e-01 
 1.00000e+00  5.80710e-01  8.95200e-02  8.87150e-01 
 1.00000e+00  6.60900e-01  7.42600e-02  9.08640e-01 
 1.00000e+00  7.00830e-01  6.57400e-02  9.19340e-01 
 1.00000e+00  7.40680e-01  5.68200e-02  9.30020e-01 
 1.00000e+00  7.80490e-01  4.77000e-02  9.40680e-01 
 1.00000e+00  8.20290e-01  3.85300e-02  9.51350e-01 
 1.00000e+00  8.60110e-01  2.95100e-02  9.62020e-01 
 1.00000e+00  9.00000e-01  2.07700e-02  9.72710e-01 
 1.00000e+00  9.14240e-01  1.77000e-02  9.76520e-01 
 1.00000e+00  9.28500e-01  1.47200e-02  9.80340e-01 
 1.00000e+00  9.42790e-01  1.18900e-02  9.84170e-01 
 1.00000e+00  9.57110e-01  9.27000e-03  9.88010e-01 
 1.00000e+00  9.71460e-01  6.79000e-03  9.91850e-01 
 1.00000e+00  9.85800e-01  4.22000e-03  9.95690e-01 
 0.00000e+00 -2.85000e+00 -1.50000e+00  7.27000e-01 
 0.00000e+00 -2.55000e+00 -1.50000e+00  7.27000e-01 
 0.00000e+00 -2.35000e+00 -1.50000e+00  7.27000e-01 
 0.00000e+00 -2.15000e+00 -1.50000e+00  7.27000e-01 
 0.00000e+00 -1.95000e+00 -1.50000e+00  7.27000e-01 
 0.00000e+00 -1.85000e+00 -1.50000e+00  7.27000e-01 
 0.00000e+00 -1.75000e+00 -1.50000e+00  7.27000e-01 
 0.00000e+00 -1.65000e+00 -1.50000e+00  7.27000e-01 
 0.00000e+00 -1.55000e+00 -1.50000e+00  7.27000e-01 
 0.00000e+00 -1.45000e+00 -1.50000e+00  7.27000e-01 
 0.00000e+00 -1.35000e+00 -1.50000e+00  7.27000e-01 
 0.00000e+00 -1.25000e+00 -1.50000e+00  7.27000e-01 
 0.00000e+00 -1.15000e+00 -1.50000e+00  7.27000e-01 
 0.00000e+00 -1.05000e+00 -1.50000e+00  7.27000e-01 
 0.00000e+00 -9.50000e-01 -1.50000e+00  7.27000e-01 
 0.00000e+00 -8.50000e-01 -1.50000e+00  7.27000e-01 
 0.00000e+00 -7.50000e-01 -1.50000e+00  7.27000e-01 
 0.00000e+00 -6.50000e-01 -1.50000e+00  7.27000e-01 
 0.00000e+00 -5.50000e-01 -1.50000e+00  7.27000e-01 
 0.00000e+00 -4.50000e-01 -1.50000e+00  7.27000e-01 
 0.00000e+00 -3.50000e-01 -1.50000e+00  7.27000e-01 
 0.00000e+00 -2.50000e-01 -1.50000e+00  7.27000e-01 
 0.00000e+00 -1.50000e-01 -1.50000e+00  7.27000e-01 
 0.00000e+00 -5.00000e-02 -1.50000e+00  7.27000e-01 
 0.00000e+00  5.00000e-02 -1.50000e+00  7.27000e-01 
 0.00000e+00  1.50000e-01 -1.50000e+00  7.27000e-01 
 0.00000e+00  2.50000e-01 -1.50000e+00  7.27000e-01 
 0.00000e+00  3.50000e-01 -1.50000e+00  7.27000e-01 
 0.00000e+00  4.50000e-01 -1.50000e+00  7.27000e-01 
 0.00000e+00  5.50000e-01 -1.50000e+00  7.27000e-01 
 0.00000e+00  6.50000e-01 -1.50000e+00  7.27000e-01 
 0.00000e+00  7.50000e-01 -1.50000e+00  7.27000e-01 
 0.00000e+00  8.50000e-01 -1.50000e+00  7.27000e-01 
 0.00000e+00  9.50000e-01 -1.50000e+00  7.27000e-01 
 0.00000e+00  1.05000e+00 -1.50000e+00  7.27000e-01 
 0.00000e+00  1.15000e+00 -1.50000e+00  7.27000e-01 
 0.00000e+00  1.25000e+00 -1.50000e+00  7.27000e-01 
 0.00000e+00  1.35000e+00 -1.50000e+00  7.27000e-01 
 0.00000e+00  1.45000e+00 -1.50000e+00  7.27000e-01 
 0.00000e+00  1.55000e+00 -1.50000e+00  7.27000e-01 
 0.00000e+00  1.65000e+00 -1.50000e+00  7.27000e-01 
 0.00000e+00  1.75000e+00 -1.50000e+00  7.27000e-01 
 0.00000e+00  1.85000e+00 -1.50000e+00  7.27000e-01 
 0.00000e+00  1.95000e+00 -1.50000e+00  7.27000e-01 
 0.00000e+00  2.15000e+00 -1.50000e+00  7.27000e-01 
 0.00000e+00  2.35000e+00 -1.50000e+00  7.27000e-01 
 0.00000e+00  2.55000e+00 -1.50000e+00  7.27000e-01 
 0.00000e+00  2.85000e+00 -1.50000e+00  7.27000e-01 
 1.00000e+00 -2.85000e+00  1.50000e+00  7.27000e-01 
 1.00000e+00 -2.55000e+00  1.50000e+00  7.27000e-01 
 1.00000e+00 -2.35000e+00  1.50000e+00  7.27000e-01 
 1.00000e+00 -2.15000e+00  1.50000e+00  7.27000e-01 
 1.00000e+00 -1.95000e+00  1.50000e+00  7.27000e-01 
 1.00000e+00 -1.85000e+00  1.50000e+00  7.27000e-01 
 1.00000e+00 -1.75000e+00  1.50000e+00  7.27000e-01 
 1.00000e+00 -1.65000e+00  1.50000e+00  7.27000e-01 
 1.00000e+00 -1.55000e+00  1.50000e+00  7.27000e-01 
 1.00000e+00 -1.45000e+00  1.50000e+00  7.27000e-01 
 1.00000e+00 -1.35000e+00  1.50000e+00  7.27000e-01 
 1.00000e+00 -1.25000e+00  1.50000e+00  7.27000e-01 
 1.00000e+00 -1.15000e+00  1.50000e+00  7.27000e-01 
 1.00000e+00 -1.05000e+00  1.50000e+00  7.27000e-01 
 1.00000e+00 -9.50000e-01  1.50000e+00  7.27000e-01 
 1.00000e+00 -8.50000e-01  1.50000e+00  7.27000e-01 
 1.00000e+00 -7.50000e-01  1.50000e+00  7.27000e-01 
 1.00000e+00 -6.50000e-01  1.50000e+00  7.27000e-01 
 1.00000e+00 -5.50000e-01  1.50000e+00  7.27000e-01 
 1.00000e+00 -4.50000e-01  1.50000e+00  7.27000e-01 
 1.00000e+00 -3.50000e-01  1.50000e+00  7.27000e-01 
 1.00000e+00 -2.50000e-01  1.50000e+00  7.27000e-01 
 1.00000e+00 -1.50000e-01  1.50000e+00  7.27000e-01 
 1.00000e+00 -5.00000e-02  1.50000e+00  7.27000e-01 
 1.00000e+00  5.00000e-02  1.50000e+00  7.27000e-01 
 1.00000e+00  1.50000e-01  1.50000e+00  7.27000e-01 
 1.00000e+00  2.50000e-01  1.50000e+00  7.27000e-01 
 1.00000e+00  3.50000e-01  1.50000e+00  7.27000e-01 
 1.00000e+00  4.50000e-01  1.50000e+00  7.27000e-01 
 1.00000e+00  5.50000e-01  1.50000e+00  7.27000e-01 
 1.00000e+00  6.50000e-01  1.50000e+00  7.27000e-01 
 1.00000e+00  7.50000e-01  1.50000e+00  7.27000e-01 
 1.00000e+00  8.50000e-01  1.50000e+00  7.27000e-01 
 1.00000e+00  9.50000e-01  1.50000e+00  7.27000e-01 
 1.00000e+00  1.05000e+00  1.50000e+00  7.27000e-01 
 1.00000e+00  1.15000e+00  1.50000e+00  7.27000e-01 
 1.00000e+00  1.25000e+00  1.50000e+00  7.27000e-01 
 1.00000e+00  1.35000e+00  1.50000e+00  7.27000e-01 
 1.00000e+00  1.45000e+00  1.50000e+00  7.27000e-01 
 1.00000e+00  1.55000e+00  1.50000e+00  7.27000e-01 
 1.00000e+00  1.65000e+00  1.50000e+00  7.27000e-01 
 1.00000e+00  1.75000e+00  1.50000e+00  7.27000e-01 
 1.00000e+00  1.85000e+00  1.50000e+00  7.27000e-01 
 1.00000e+00  1.95000e+00  1.50000e+00  7.27000e-01 
 1.00000e+00  2.15000e+00  1.50000e+00  7.27000e-01 
 1.00000e+00  2.35000e+00  1.50000e+00  7.27000e-01 
 1.00000e+00  2.55000e+00  1.50000e+00  7.27000e-01 
 1.00000e+00  2.85000e+00  1.50000e+00  7.27000e-01 
 2.00000e+00 -2.85000e+00 -1.50000e+00  1.26700e+00 
 2.00000e+00 -1.95000e+00 -1.50000e+00  1.26700e+00 
 2.00000e+00 -1.35000e+00 -1.50000e+00  1.26700e+00 
 2.00000e+00 -9.50000e-01 -1.50000e+00  1.26700e+00 
 2.00000e+00 -6.50000e-01 -1.50000e+00  1.26700e+00 
 2.00000e+00 -4.50000e-01 -1.50000e+00  1.26700e+00 
 2.00000e+00 -2.50000e-01 -1.50000e+00  1.26700e+00 
 2.00000e+00 -5.00000e-02 -1.50000e+00  1.26700e+00 
 2.00000e+00  5.00000e-02 -1.50000e+00  1.26700e+00 
 2.00000e+00  2.50000e-01 -1.50000e+00  1.26700e+00 
 2.00000e+00  4.50000e-01 -1.50000e+00  1.26700e+00 
 2.00000e+00  6.50000e-01 -1.50000e+00  1.26700e+00 
 2.00000e+00  9.50000e-01 -1.50000e+00  1.26700e+00 
 2.00000e+00  1.35000e+00 -1.50000e+00  1.26700e+00 
 2.00000e+00  1.95000e+00 -1.50000e+00  1.26700e+00 
 2.00000e+00  2.85000e+00 -1.50000e+00  1.26700e+00 
 3.00000e+00 -2.85000e+00  1.50000e+00  1.26700e+00 
 3.00000e+00 -1.95000e+00  1.50000e+00  1.26700e+00 
 3.00000e+00 -1.35000e+00  1.50000e+00  1.26700e+00 
 3.00000e+00 -9.50000e-01  1.50000e+00  1.26700e+00 
 3.00000e+00 -6.50000e-01  1.50000e+00  1.26700e+00 
 3.00000e+00 -4.50000e-01  1.50000e+00  1.26700e+00 
 3.00000e+00 -2.50000e-01  1.50000e+00  1.26700e+00 
 3.00000e+00 -5.00000e-02  1.50000e+00  1.26700e+00 
 3.00000e+00  5.00000e-02  1.50000e+00  1.26700e+00 
 3.00000e+00  2.50000e-01  1.50000e+00  1.26700e+00 
 3.00000e+00  4.50000e-01  1.50000e+00  1.26700e+00 
 3.00000e+00  6.50000e-01  1.50000e+00  1.26700e+00 
 3.00000e+00  9.50000e-01  1.50000e+00  1.26700e+00 
 3.00000e+00  1.35000e+00  1.50000e+00  1.26700e+00 
 3.00000e+00  1.95000e+00  1.50000e+00  1.26700e+00 
 3.00000e+00  2.85000e+00  1.50000e+00  1.26700e+00 
 0.00000e+00  2.70000e+00 -3.47500e-01  0.00000e+00 
 0.00000e+00  2.70000e+00 -3.17500e-01  0.00000e+00 
 0.00000e+00  2.70000e+00 -2.87500e-01  0.00000e+00 
 0.00000e+00  2.70000e+00 -2.67500e-01  0.00000e+00 
 0.00000e+00  2.70000e+00 -2.47500e-01  0.00000e+00 
 0.00000e+00  2.70000e+00 -2.32500e-01  0.00000e+00 
 0.00000e+00  2.70000e+00 -2.17500e-01  0.00000e+00 
 0.00000e+00  2.70000e+00 -2.07500e-01  0.00000e+00 
 0.00000e+00  2.70000e+00 -1.97500e-01  0.00000e+00 
 0.00000e+00  2.70000e+00 -1.92500e-01  0.00000e+00 
 0.00000e+00  2.70000e+00 -1.87500e-01  0.00000e+00 
 0.00000e+00  2.70000e+00 -1.82500e-01  0.00000e+00 
 0.00000e+00  2.70000e+00 -1.77500e-01  0.00000e+00 
 0.00000e+00  2.70000e+00 -1.72500e-01  0.00000e+00 
 0.00000e+00  2.70000e+00 -1.67500e-01  0.00000e+00 
 0.00000e+00  2.70000e+00 -1.62500e-01  0.00000e+00 
 0.00000e+00  2.70000e+00 -1.57500e-01  0.00000e+00 
 0.00000e+00  2.70000e+00 -1.52500e-01  0.00000e+00 
 0.00000e+00  2.70000e+00 -1.47500e-01  0.00000e+00 
 0.00000e+00  2.70000e+00 -1.42500e-01  0.00000e+00 
 0.00000e+00  2.70000e+00 -1.37500e-01  0.00000e+00 
 0.00000e+00  2.70000e+00 -1.32500e-01  0.00000e+00 
 0.00000e+00  2.70000e+00 -1.27500e-01  0.00000e+00 
 0.00000e+00  2.70000e+00 -1.22500e-01  0.00000e+00 
 0.00000e+00  2.70000e+00 -1.17500e-01  0.00000e+00 
 0.00000e+00  2.70000e+00 -1.12500e-01  0.00000e+00 
 0.00000e+00  2.70000e+00 -1.07500e-01  0.00000e+00 
 0.00000e+00  2.70000e+00 -1.02500e-01  0.00000e+00 
 0.00000e+00  2.70000e+00 -9.75000e-02  0.00000e+00 
 0.00000e+00  2.70000e+00 -9.25000e-02  0.00000e+00 
 0.00000e+00  2.70000e+00 -8.75000e-02  0.00000e+00 
 0.00000e+00  2.70000e+00 -8.25000e-02  0.00000e+00 
 0.00000e+00  2.70000e+00 -7.75000e-02  0.00000e+00 
 0.00000e+00  2.70000e+00 -7.25000e-02  0.00000e+00 
 0.00000e+00  2.70000e+00 -6.75000e-02  0.00000e+00 
 0.00000e+00  2.70000e+00 -6.25000e-02  0.00000e+00 
 0.00000e+00  2.70000e+00 -5.75000e-02  0.00000e+00 
 0.00000e+00  2.70000e+00 -5.25000e-02  0.00000e+00 
 0.00000e+00  2.70000e+00 -4.75000e-02  0.00000e+00 
 0.00000e+00  2.70000e+00 -4.25000e-02  0.00000e+00 
 0.00000e+00  2.70000e+00 -3.75000e-02  0.00000e+00 
 0.00000e+00  2.70000e+00 -3.25000e-02  0.00000e+00 
 0.00000e+00  2.70000e+00 -2.75000e-02  0.00000e+00 
 0.00000e+00  2.70000e+00 -2.25000e-02  0.00000e+00 
 0.00000e+00  2.70000e+00 -1.75000e-02  0.00000e+00 
 0.00000e+00  2.70000e+00 -1.25000e-02  0.00000e+00 
 0.00000e+00  2.70000e+00 -7.50000e-03  0.00000e+00 
 0.00000e+00  2.70000e+00 -2.50000e-03  0.00000e+00 
 0.00000e+00  2.70000e+00  2.50000e-03  0.00000e+00 
 0.00000e+00  2.70000e+00  7.50000e-03  0.00000e+00 
 0.00000e+00  2.70000e+00  1.25000e-02  0.00000e+00 
 0.00000e+00  2.70000e+00  1.75000e-02  0.00000e+00 
 0.00000e+00  2.70000e+00  2.25000e-02  0.00000e+00 
 0.00000e+00  2.70000e+00  2.75000e-02  0.00000e+00 
 0.00000e+00  2.70000e+00  3.25000e-02  0.00000e+00 
 0.00000e+00  2.70000e+00  3.75000e-02  0.00000e+00 
 0.00000e+00  2.70000e+00  4.25000e-02  0.00000e+00 
 0.00000e+00  2.70000e+00  4.75000e-02  0.00000e+00 
 0.00000e+00  2.70000e+00  5.25000e-02  0.00000e+00 
 0.00000e+00  2.70000e+00  5.75000e-02  0.00000e+00 
 0.00000e+00  2.70000e+00  6.25000e-02  0.00000e+00 
 0.00000e+00  2.70000e+00  6.75000e-02  0.00000e+00 
 0.00000e+00  2.70000e+00  7.25000e-02  0.00000e+00 
 0.00000e+00  2.70000e+00  7.75000e-02  0.00000e+00 
 0.00000e+00  2.70000e+00  8.25000e-02  0.00000e+00 
 0.00000e+00  2.70000e+00  8.75000e-02  0.00000e+00 
 0.00000e+00  2.70000e+00  9.25000e-02  0.00000e+00 
 0.00000e+00  2.70000e+00  9.75000e-02  0.00000e+00 
 0.00000e+00  2.70000e+00  1.02500e-01  0.00000e+00 
 0.00000e+00  2.70000e+00  1.07500e-01  0.00000e+00 
 0.00000e+00  2.70000e+00  1.12500e-01  0.00000e+00 
 0.00000e+00  2.70000e+00  1.17500e-01  0.00000e+00 
 0.00000e+00  2.70000e+00  1.22500e-01  0.00000e+00 
 0.00000e+00  2.70000e+00  1.27500e-01  0.00000e+00 
 0.00000e+00  2.70000e+00  1.32500e-01  0.00000e+00 
 0.00000e+00  2.70000e+00  1.37500e-01  0.00000e+00 
 0.00000e+00  2.70000e+00  1.42500e-01  0.00000e+00 
 0.00000e+00  2.70000e+00  1.47500e-01  0.00000e+00 
 0.00000e+00  2.70000e+00  1.52500e-01  0.00000e+00 
 0.00000e+00  2.70000e+00  1.57500e-01  0.00000e+00 
 0.00000e+00  2.70000e+00  1.62500e-01  0.00000e+00 
 0.00000e+00  2.70000e+00  1.67500e-01  0.00000e+00 
 0.00000e+00  2.70000e+00  1.72500e-01  0.00000e+00 
 0.00000e+00  2.70000e+00  1.77500e-01  0.00000e+00 
 0.00000e+00  2.70000e+00  1.82500e-01  0.00000e+00 
 0.00000e+00  2.70000e+00  1.87500e-01  0.00000e+00 
 0.00000e+00  2.70000e+00  1.92500e-01  0.00000e+00 
 0.00000e+00  2.70000e+00  1.97500e-01  0.00000e+00 
 0.00000e+00  2.70000e+00  2.07500e-01  0.00000e+00 
 0.00000e+00  2.70000e+00  2.17500e-01  0.00000e+00 
 0.00000e+00  2.70000e+00  2.32500e-01  0.00000e+00 
 0.00000e+00  2.70000e+00  2.47500e-01  0.00000e+00 
 0.00000e+00  2.70000e+00  2.67500e-01  0.00000e+00 
 0.00000e+00  2.70000e+00  2.87500e-01  0.00000e+00 
 0.00000e+00  2.70000e+00  3.17500e-01  0.00000e+00 
 0.00000e+00  2.70000e+00  3.47500e-01  0.00000e+00 
