-5.01898e+00 -3.35999e-02  4.96609e+00 
 5.88528e+01  5.87927e+01  5.85309e+01 
 1.98255e+01  2.03767e+01  2.13836e+01 
 3.92639e+06  3.90955e+06  3.86912e+06 
 2.09424e+03  2.08616e+03  2.06084e+03 
 1.02125e+05  1.02125e+05  1.02136e+05 
 3.26113e+02  3.12154e+02  2.63831e+02 
 4.01766e+02  4.68251e+02  4.86707e+02 
 4.46976e+02  5.62467e+02  6.10326e+02 
 4.42632e+02  5.72746e+02  6.36098e+02 
 4.17978e+02  5.54978e+02  6.29275e+02 
 3.85824e+02  5.24192e+02  6.07951e+02 
 3.09504e+02  4.54288e+02  5.58521e+02 
 2.16905e+02  3.72919e+02  4.99458e+02 
 1.19768e+02  2.92041e+02  4.44270e+02 
-2.57921e-01  1.89585e+02  3.70007e+02 
-1.37963e+02  7.40117e+01  2.87842e+02 
-2.79290e+02 -3.48728e+01  2.14104e+02 
-4.97720e+02 -1.89107e+02  1.33337e+02 
-5.73349e+02 -2.41603e+02  9.17627e+01 
-7.30514e+02 -3.48533e+02 -3.96978e+01 
-9.34991e+02 -4.94811e+02 -1.11068e+02 
-9.25837e+02 -4.74482e+02 -1.10423e+02 
-1.10963e+03 -6.09600e+02 -1.65430e+02 
-1.27251e+03 -7.59829e+02 -2.06145e+02 
-1.43563e+03 -8.42120e+02 -2.37528e+02 
-1.57385e+03 -9.00195e+02 -2.32517e+02 
-1.66753e+03 -9.05433e+02 -1.75496e+02 
-1.69872e+03 -9.04562e+02 -1.44494e+02 
-1.72282e+03 -8.72020e+02 -8.64877e+01 
-1.71709e+03 -8.33297e+02 -1.66396e+01 
-1.76627e+03 -8.22284e+02  3.20621e+01 
-1.78796e+03 -7.83745e+02  1.02789e+02 
-1.85654e+03 -7.75612e+02  1.72441e+02 
-2.04809e+03 -7.79405e+02  3.10518e+02 
-2.09677e+03 -7.41007e+02  4.22724e+02 
-2.15303e+03 -6.96264e+02  5.53795e+02 
-2.23691e+03 -6.66737e+02  6.19033e+02 
-2.37490e+03 -6.51587e+02  6.73954e+02 
-2.44397e+03 -6.20571e+02  7.45686e+02 
-2.49635e+03 -5.74067e+02  8.38895e+02 
-2.57888e+03 -5.57941e+02  9.10366e+02 
-2.65207e+03 -5.05976e+02  1.01024e+03 
-2.71037e+03 -4.32296e+02  1.12703e+03 
-2.80272e+03 -3.48015e+02  1.26043e+03 
-2.96987e+03 -2.55278e+02  1.41544e+03 
-3.22805e+03 -1.96762e+02  1.56813e+03 
-3.45867e+03 -9.35939e+00  1.78185e+03 
-3.39645e+03  3.74898e+02  1.97863e+03 
-2.92164e+03  9.81472e+02  2.02033e+03 
-1.37647e+03  1.77843e+03  1.45781e+03 
 3.13183e+02  2.05435e+03 -4.74372e+02 
 1.84429e+03  1.51804e+03 -2.11055e+03 
 2.06893e+03  8.67972e+02 -2.78348e+03 
 1.93460e+03  3.30911e+02 -3.17374e+03 
 1.70944e+03 -1.76016e+01 -3.23799e+03 
 1.49462e+03 -2.29463e+02 -3.15940e+03 
 1.29924e+03 -4.11459e+02 -3.13598e+03 
 1.11804e+03 -5.67082e+02 -3.12502e+03 
 9.48890e+02 -7.05015e+02 -3.11844e+03 
 8.02848e+02 -8.20402e+02 -3.11113e+03 
 6.66739e+02 -9.24853e+02 -3.11145e+03 
 5.46306e+02 -1.00802e+03 -3.09726e+03 
 4.37291e+02 -1.08041e+03 -3.07991e+03 
 3.35251e+02 -1.14748e+03 -3.06871e+03 
 2.40117e+02 -1.21073e+03 -3.05735e+03 
 1.52698e+02 -1.26421e+03 -3.04405e+03 
-4.38857e+01 -1.38996e+03 -3.02668e+03 
-1.96459e+02 -1.47019e+03 -2.98175e+03 
-5.17100e+02 -1.68706e+03 -2.98092e+03 
-6.29435e+02 -1.75238e+03 -2.94550e+03 
-7.41771e+02 -1.81771e+03 -2.91007e+03 
-7.20462e+02 -1.70268e+03 -2.81660e+03 
-8.41944e+02 -1.80061e+03 -2.77652e+03 
-9.04476e+02 -1.82224e+03 -2.75819e+03 
-9.70131e+02 -1.85320e+03 -2.75161e+03 
-1.01053e+03 -1.85277e+03 -2.70468e+03 
-1.04787e+03 -1.85227e+03 -2.66188e+03 
-1.06288e+03 -1.82693e+03 -2.59069e+03 
-1.06312e+03 -1.78091e+03 -2.49962e+03 
-1.07666e+03 -1.76071e+03 -2.43210e+03 
-1.06266e+03 -1.69816e+03 -2.31687e+03 
-1.05351e+03 -1.66662e+03 -2.25822e+03 
-1.04752e+03 -1.64599e+03 -2.22416e+03 
-1.04073e+03 -1.61778e+03 -2.18969e+03 
-1.02164e+03 -1.56186e+03 -2.12817e+03 
-9.83338e+02 -1.52153e+03 -2.05667e+03 
-9.67010e+02 -1.50204e+03 -2.02135e+03 
-9.44431e+02 -1.47203e+03 -1.97885e+03 
-9.10663e+02 -1.42387e+03 -1.90360e+03 
-9.42334e+02 -1.39558e+03 -1.89313e+03 
-8.35826e+02 -1.26684e+03 -1.68670e+03 
-7.50796e+02 -1.14835e+03 -1.49115e+03 
-5.17452e+02 -8.08763e+02 -1.04938e+03 
-3.98457e+02 -6.48015e+02 -8.48895e+02 
-2.79462e+02 -4.87266e+02 -6.48408e+02 
-1.72143e+02 -3.44319e+02 -4.73475e+02 
-7.65163e+01 -2.14771e+02 -3.09172e+02 
 1.32149e+01 -9.33656e+01 -1.73693e+02 
 1.12092e+02  3.34108e+01 -2.52861e+01 
 1.46192e+02  7.51109e+01  2.11563e+01 
 1.78828e+02  1.17374e+02  6.64700e+01 
 2.03582e+02  1.53501e+02  1.08392e+02 
 2.20078e+02  1.82235e+02  1.45292e+02 
 2.27373e+02  2.05303e+02  1.79705e+02 
 2.35492e+02  2.31040e+02  2.11107e+02 
-5.03078e+01 -2.09732e+01  3.42192e+00 
-7.57572e+01 -3.66693e+01 -2.86847e+00 
-8.10200e+01 -3.36645e+01  7.84376e+00 
-8.21767e+01 -2.53045e+01  2.50891e+01 
-9.12940e+01 -2.29072e+01  3.83896e+01 
-9.75632e+01 -2.23141e+01  4.52026e+01 
-1.05607e+02 -2.27577e+01  5.18362e+01 
-1.23399e+02 -3.15109e+01  5.16146e+01 
-1.27531e+02 -2.70373e+01  6.35077e+01 
-1.31664e+02 -2.25638e+01  7.54008e+01 
-1.36180e+02 -1.75227e+01  8.87107e+01 
-1.41490e+02 -1.28016e+01  1.01993e+02 
-1.59238e+02 -1.90191e+01  1.05985e+02 
-1.66382e+02 -1.55384e+01  1.18174e+02 
-1.81914e+02 -1.92335e+01  1.24301e+02 
-1.96291e+02 -2.23142e+01  1.30336e+02 
-2.33514e+02 -4.56547e+01  1.20186e+02 
-2.31626e+02 -3.60832e+01  1.35380e+02 
-2.49877e+02 -4.48082e+01  1.34921e+02 
-2.52345e+02 -4.09768e+01  1.43697e+02 
-2.54097e+02 -3.77750e+01  1.50168e+02 
-2.63944e+02 -4.34186e+01  1.48395e+02 
-2.68741e+02 -4.70517e+01  1.46214e+02 
-2.62054e+02 -4.35503e+01  1.47140e+02 
-2.55368e+02 -4.00489e+01  1.48066e+02 
-2.45748e+02 -3.51709e+01  1.48130e+02 
-2.32924e+02 -2.96325e+01  1.47458e+02 
-2.26436e+02 -3.12867e+01  1.39043e+02 
-2.13078e+02 -2.65845e+01  1.35590e+02 
-1.97797e+02 -2.20234e+01  1.30991e+02 
-1.87968e+02 -2.25706e+01  1.21668e+02 
-1.83077e+02 -2.77982e+01  1.07719e+02 
-1.76378e+02 -3.13750e+01  9.49715e+01 
-1.56954e+02 -2.33040e+01  9.30449e+01 
-1.54299e+02 -3.00594e+01  7.74559e+01 
-1.36485e+02 -2.25232e+01  7.58154e+01 
-1.26721e+02 -2.22410e+01  6.74064e+01 
-1.20844e+02 -2.48280e+01  5.65635e+01 
-1.10375e+02 -2.26859e+01  5.13807e+01 
-1.03031e+02 -2.28408e+01  4.43155e+01 
-9.27630e+01 -1.96457e+01  4.10208e+01 
-9.03700e+01 -2.33365e+01  3.15290e+01 
-8.82269e+01 -2.69039e+01  2.23403e+01 
-9.38631e+01 -3.78418e+01  6.88758e+00 
-9.48328e+01 -4.78866e+01 -1.20823e+01 
-1.11631e+02 -7.24163e+01 -4.33920e+01 
-1.22173e+02 -8.93625e+01 -6.63305e+01 
-1.40074e+02 -1.14395e+02 -9.83030e+01 
-3.34249e+01 -5.50306e+01 -8.10705e+01 
-3.09083e+01 -6.17689e+01 -9.68100e+01 
-2.86470e+01 -6.71834e+01 -1.10400e+02 
-2.36342e+01 -7.13189e+01 -1.23953e+02 
-2.50658e+01 -8.46033e+01 -1.49486e+02 
-2.34319e+01 -8.94207e+01 -1.60907e+02 
-2.16517e+01 -9.44186e+01 -1.73302e+02 
-2.36056e+01 -1.03701e+02 -1.90364e+02 
-2.29466e+01 -1.11554e+02 -2.07364e+02 
-3.23365e+01 -1.30362e+02 -2.36297e+02 
-3.19788e+01 -1.39805e+02 -2.56258e+02 
-2.50475e+01 -1.42179e+02 -2.69065e+02 
-2.49967e+01 -1.52449e+02 -2.90270e+02 
-2.40703e+01 -1.62213e+02 -3.11926e+02 
-2.09611e+01 -1.68945e+02 -3.29717e+02 
-2.81450e+01 -1.86881e+02 -3.60107e+02 
-3.04094e+01 -1.99193e+02 -3.84045e+02 
-2.99541e+01 -2.07884e+02 -4.02984e+02 
-3.34784e+01 -2.19211e+02 -4.22957e+02 
-4.21061e+01 -2.35089e+02 -4.46828e+02 
-5.10921e+01 -2.49284e+02 -4.66240e+02 
-5.77105e+01 -2.59000e+02 -4.79128e+02 
-7.07163e+01 -2.73304e+02 -4.95749e+02 
-7.22952e+01 -2.73452e+02 -4.93289e+02 
-8.01141e+01 -2.79511e+02 -4.95689e+02 
-8.02516e+01 -2.74765e+02 -4.84495e+02 
-8.02055e+01 -2.67845e+02 -4.69710e+02 
-9.08064e+01 -2.71695e+02 -4.65967e+02 
-7.87728e+01 -2.49121e+02 -4.31648e+02 
-8.10075e+01 -2.42180e+02 -4.14429e+02 
-7.83856e+01 -2.28792e+02 -3.89796e+02 
-7.68748e+01 -2.16972e+02 -3.66559e+02 
-8.94512e+01 -2.20517e+02 -3.59493e+02 
-8.10670e+01 -2.00864e+02 -3.28119e+02 
-7.74455e+01 -1.87137e+02 -3.05490e+02 
-7.44763e+01 -1.73912e+02 -2.81581e+02 
-6.91028e+01 -1.60108e+02 -2.58764e+02 
-7.49882e+01 -1.57350e+02 -2.47255e+02 
-7.86874e+01 -1.52977e+02 -2.34411e+02 
-6.94144e+01 -1.36034e+02 -2.10223e+02 
-7.01631e+01 -1.30308e+02 -1.98071e+02 
-7.59898e+01 -1.30238e+02 -1.92010e+02 
-7.38742e+01 -1.22557e+02 -1.79006e+02 
-7.71799e+01 -1.20430e+02 -1.71570e+02 
-8.43735e+01 -1.18248e+02 -1.60008e+02 
-8.25824e+01 -1.09363e+02 -1.44486e+02 
-9.89732e+01 -1.19444e+02 -1.48516e+02 
-1.24244e+02 -1.37117e+02 -1.58496e+02 
-5.82875e+01 -2.87836e+01 -4.24909e+00 
-9.70580e+01 -2.80787e+01  3.39125e+01 
-1.32627e+02 -1.41394e+01  9.15681e+01 
-1.83902e+02 -2.07910e+01  1.22988e+02 
-2.27265e+02 -3.13241e+01  1.39789e+02 
-2.43853e+02 -3.25639e+01  1.51205e+02 
-2.57758e+02 -3.72215e+01  1.53895e+02 
-2.53029e+02 -3.40639e+01  1.56042e+02 
-2.54816e+02 -3.86062e+01  1.49587e+02 
-2.31753e+02 -2.82692e+01  1.48933e+02 
-2.24836e+02 -3.70791e+01  1.26858e+02 
-1.88981e+02 -2.35691e+01  1.20748e+02 
-1.58082e+02 -2.40636e+01  9.20597e+01 
-1.12292e+02 -1.68248e+01  6.47761e+01 
-9.34531e+01 -3.75314e+01  6.94689e+00 
-1.42551e+02 -1.17078e+02 -1.01059e+02 
-3.57694e+01 -5.73969e+01 -8.31849e+01 
-2.49819e+01 -8.40344e+01 -1.48702e+02 
-1.89576e+01 -1.25472e+02 -2.40920e+02 
-2.25639e+01 -1.71107e+02 -3.33347e+02 
-3.15212e+01 -2.09873e+02 -4.04084e+02 
-3.89215e+01 -2.31787e+02 -4.42644e+02 
-5.74161e+01 -2.58705e+02 -4.78887e+02 
-7.35687e+01 -2.75589e+02 -4.94841e+02 
-7.35780e+01 -2.71176e+02 -4.87326e+02 
-8.14325e+01 -2.68494e+02 -4.71942e+02 
-8.15310e+01 -2.51943e+02 -4.36581e+02 
-7.99988e+01 -2.30676e+02 -3.92705e+02 
-7.58255e+01 -1.95271e+02 -3.24093e+02 
-7.13363e+01 -1.53684e+02 -2.43512e+02 
-7.10073e+01 -1.14590e+02 -1.66054e+02 
-1.27006e+02 -1.39850e+02 -1.61286e+02 
 2.10373e+03  2.10304e+03  2.07473e+03 
 2.10394e+03  2.10339e+03  2.07499e+03 
 2.10381e+03  2.10318e+03  2.07505e+03 
 2.10346e+03  2.10285e+03  2.07472e+03 
 2.10405e+03  2.10355e+03  2.07507e+03 
 2.10392e+03  2.10340e+03  2.07485e+03 
 2.10389e+03  2.10316e+03  2.07495e+03 
 2.10344e+03  2.10303e+03  2.07470e+03 
 2.10339e+03  2.10293e+03  2.07430e+03 
 2.10380e+03  2.10346e+03  2.07492e+03 
 2.10387e+03  2.10344e+03  2.07476e+03 
 2.10376e+03  2.10323e+03  2.07480e+03 
 2.10309e+03  2.10276e+03  2.07396e+03 
 2.10353e+03  2.10318e+03  2.07468e+03 
 2.10367e+03  2.10329e+03  2.07443e+03 
 2.10340e+03  2.10317e+03  2.07338e+03 
 2.10328e+03  2.10285e+03  2.07127e+03 
 2.10218e+03  2.09924e+03  2.06422e+03 
 2.10376e+03  2.10349e+03  2.06415e+03 
 2.10389e+03  2.10330e+03  2.05587e+03 
 2.10345e+03  2.10291e+03  2.04585e+03 
 2.10369e+03  2.10327e+03  2.02722e+03 
 2.10360e+03  2.10345e+03  2.01183e+03 
 2.10385e+03  2.10345e+03  1.99480e+03 
 2.10355e+03  2.10362e+03  1.95888e+03 
 2.10390e+03  2.10370e+03  1.93187e+03 
 2.10407e+03  2.10388e+03  1.90201e+03 
 2.10363e+03  2.10343e+03  1.87478e+03 
 2.10360e+03  2.10337e+03  1.85423e+03 
 2.10291e+03  2.10303e+03  1.83173e+03 
 2.10395e+03  2.10385e+03  1.81907e+03 
 2.10348e+03  2.10315e+03  1.81591e+03 
 2.10301e+03  2.10245e+03  1.81275e+03 
 2.10284e+03  2.10254e+03  1.82444e+03 
 2.10289e+03  2.10226e+03  1.83761e+03 
 2.10293e+03  2.10227e+03  1.86263e+03 
 2.10297e+03  2.10227e+03  1.88765e+03 
 2.10307e+03  2.10216e+03  1.90604e+03 
 2.10298e+03  2.10079e+03  1.93894e+03 
 2.10246e+03  2.09737e+03  1.96473e+03 
 2.10266e+03  2.09330e+03  1.98545e+03 
 2.10217e+03  2.08448e+03  2.00738e+03 
 2.10308e+03  2.07150e+03  2.02581e+03 
 2.10297e+03  2.05006e+03  2.03966e+03 
 2.10287e+03  2.02861e+03  2.05351e+03 
 2.10306e+03  1.99444e+03  2.06282e+03 
 2.10277e+03  1.96742e+03  2.06762e+03 
 2.10351e+03  1.92465e+03  2.07177e+03 
 2.10305e+03  1.90309e+03  2.07226e+03 
 2.10294e+03  1.87236e+03  2.07364e+03 
 2.10298e+03  1.85271e+03  2.07388e+03 
 2.10276e+03  1.83830e+03  2.07386e+03 
 2.10271e+03  1.83696e+03  2.07421e+03 
 2.10233e+03  1.84522e+03  2.07419e+03 
 2.10183e+03  1.86012e+03  2.07431e+03 
 2.09996e+03  1.88687e+03  2.07413e+03 
 2.09699e+03  1.91518e+03  2.07427e+03 
 2.09161e+03  1.95044e+03  2.07463e+03 
 2.08298e+03  1.98197e+03  2.07430e+03 
 2.06992e+03  2.01300e+03  2.07407e+03 
 2.05185e+03  2.04325e+03  2.07478e+03 
 2.03354e+03  2.06306e+03  2.07501e+03 
 2.00862e+03  2.07901e+03  2.07442e+03 
 1.98660e+03  2.08809e+03  2.07453e+03 
 1.95776e+03  2.09555e+03  2.07428e+03 
 1.92757e+03  2.10027e+03  2.07458e+03 
 1.89027e+03  2.10095e+03  2.07357e+03 
 1.86508e+03  2.10198e+03  2.07364e+03 
 1.84387e+03  2.10169e+03  2.07313e+03 
 1.82262e+03  2.10286e+03  2.07391e+03 
 1.81263e+03  2.10182e+03  2.07346e+03 
 1.81103e+03  2.10248e+03  2.07393e+03 
 1.81611e+03  2.10198e+03  2.07302e+03 
 1.82741e+03  2.10233e+03  2.07388e+03 
 1.85229e+03  2.10123e+03  2.07292e+03 
 1.87533e+03  2.10195e+03  2.07305e+03 
 1.90671e+03  2.10292e+03  2.07432e+03 
 1.94384e+03  2.10314e+03  2.07441e+03 
 1.96913e+03  2.10268e+03  2.07394e+03 
 1.99716e+03  2.10242e+03  2.07374e+03 
 2.02370e+03  2.10308e+03  2.07438e+03 
 2.05024e+03  2.10228e+03  2.07348e+03 
 2.06914e+03  2.10296e+03  2.07416e+03 
 2.08145e+03  2.10224e+03  2.07325e+03 
 2.08983e+03  2.10269e+03  2.07424e+03 
 2.09772e+03  2.10310e+03  2.07442e+03 
 2.09963e+03  2.10183e+03  2.07324e+03 
 2.10220e+03  2.10234e+03  2.07336e+03 
 2.10303e+03  2.10234e+03  2.07371e+03 
 2.10358e+03  2.10260e+03  2.07391e+03 
 2.10324e+03  2.10199e+03  2.07362e+03 
 2.10317e+03  2.10188e+03  2.07313e+03 
 2.10317e+03  2.10228e+03  2.07371e+03 
 2.10316e+03  2.10216e+03  2.07349e+03 
 2.10333e+03  2.10235e+03  2.07358e+03 
 2.10350e+03  2.10255e+03  2.07366e+03 
-1.14834e+03  4.50494e+02  1.90318e+03 
-2.36755e+02 -1.54256e+02 -2.29136e+02 
 5.26672e+01  7.86646e+02  1.58274e+03 
 1.96966e+02  2.28276e+02  1.10501e+02 
 1.00000e+00  1.00000e+00  0.00000e+00  9.99500e-01 
 0.00000e+00  9.80060e-01  9.70000e-04  9.94160e-01 
 0.00000e+00  9.60050e-01  1.97000e-03  9.88800e-01 
 0.00000e+00  9.40020e-01  2.11000e-03  9.83430e-01 
 0.00000e+00  9.20000e-01  1.41000e-03  9.78060e-01 
 0.00000e+00  9.00000e-01  1.30000e-04  9.72710e-01 
 0.00000e+00  8.59760e-01 -3.47000e-03  9.61920e-01 
 0.00000e+00  8.19630e-01 -8.23000e-03  9.51170e-01 
 0.00000e+00  7.79600e-01 -1.38600e-02  9.40440e-01 
 0.00000e+00  7.39650e-01 -2.00600e-02  9.29740e-01 
 0.00000e+00  6.99760e-01 -2.66000e-02  9.19050e-01 
 0.00000e+00  6.59880e-01 -3.32400e-02  9.08360e-01 
 0.00000e+00  5.99680e-01 -4.30500e-02  8.92240e-01 
 0.00000e+00  5.80050e-01 -4.61100e-02  8.86980e-01 
 0.00000e+00  5.40060e-01 -5.20100e-02  8.76260e-01 
 0.00000e+00  5.00000e-01 -5.73600e-02  8.65530e-01 
 0.00000e+00  5.00000e-01 -5.73600e-02  9.99500e-01 
 0.00000e+00  4.60140e-01 -6.19300e-02  9.88820e-01 
 0.00000e+00  4.20200e-01 -6.56100e-02  9.78120e-01 
 0.00000e+00  3.80180e-01 -6.82400e-02  9.67390e-01 
 0.00000e+00  3.40100e-01 -6.95900e-02  9.56660e-01 
 0.00000e+00  3.00000e-01 -6.95700e-02  9.45910e-01 
 0.00000e+00  2.79880e-01 -6.91000e-02  9.40520e-01 
 0.00000e+00  2.59770e-01 -6.83200e-02  9.35130e-01 
 0.00000e+00  2.39670e-01 -6.72200e-02  9.29750e-01 
 0.00000e+00  2.19600e-01 -6.57900e-02  9.24370e-01 
 0.00000e+00  1.99550e-01 -6.40100e-02  9.18990e-01 
 0.00000e+00  1.79530e-01 -6.18700e-02  9.13630e-01 
 0.00000e+00  1.39620e-01 -5.64500e-02  9.02940e-01 
 0.00000e+00  1.19760e-01 -5.30800e-02  8.97620e-01 
 0.00000e+00  1.00000e-01 -4.91600e-02  8.92320e-01 
 0.00000e+00  9.23100e-02 -4.74500e-02  8.90260e-01 
 0.00000e+00  8.46400e-02 -4.56300e-02  8.88200e-01 
 0.00000e+00  7.69900e-02 -4.36900e-02  8.86160e-01 
 0.00000e+00  6.93900e-02 -4.16200e-02  8.84120e-01 
 0.00000e+00  6.18200e-02 -3.93900e-02  8.82090e-01 
 0.00000e+00  5.43000e-02 -3.69900e-02  8.80080e-01 
 0.00000e+00  4.68500e-02 -3.43800e-02  8.78080e-01 
 0.00000e+00  3.94700e-02 -3.15500e-02  8.76100e-01 
 0.00000e+00  3.21800e-02 -2.84700e-02  8.74150e-01 
 0.00000e+00  2.50200e-02 -2.51100e-02  8.72230e-01 
 0.00000e+00  1.81300e-02 -2.11800e-02  8.70380e-01 
 0.00000e+00  1.17500e-02 -1.64200e-02  8.68670e-01 
 0.00000e+00  6.09000e-03 -1.07800e-02  8.67160e-01 
 0.00000e+00  1.97000e-03 -3.88000e-03  8.66050e-01 
 0.00000e+00  0.00000e+00  3.96000e-03  8.65530e-01 
 1.00000e+00  1.94000e-03  1.22400e-02  8.66050e-01 
 1.00000e+00  6.29000e-03  1.95300e-02  8.67210e-01 
 1.00000e+00  1.17700e-02  2.59600e-02  8.68680e-01 
 1.00000e+00  1.80400e-02  3.15700e-02  8.70360e-01 
 1.00000e+00  2.47900e-02  3.65600e-02  8.72170e-01 
 1.00000e+00  3.17600e-02  4.12100e-02  8.74040e-01 
 1.00000e+00  3.89200e-02  4.55500e-02  8.75960e-01 
 1.00000e+00  4.62300e-02  4.96000e-02  8.77910e-01 
 1.00000e+00  5.36700e-02  5.34000e-02  8.79910e-01 
 1.00000e+00  6.12100e-02  5.69700e-02  8.81930e-01 
 1.00000e+00  6.88500e-02  6.03300e-02  8.83970e-01 
 1.00000e+00  7.65500e-02  6.35100e-02  8.86040e-01 
 1.00000e+00  8.43200e-02  6.65300e-02  8.88120e-01 
 1.00000e+00  9.21300e-02  6.93900e-02  8.90210e-01 
 1.00000e+00  1.00000e-01  7.21100e-02  8.92320e-01 
 1.00000e+00  1.19480e-01  7.82500e-02  8.97540e-01 
 1.00000e+00  1.39150e-01  8.36800e-02  9.02810e-01 
 1.00000e+00  1.78890e-01  9.28400e-02  9.13460e-01 
 1.00000e+00  1.98910e-01  9.66400e-02  9.18820e-01 
 1.00000e+00  2.19020e-01  9.99400e-02  9.24210e-01 
 1.00000e+00  2.39190e-01  1.02770e-01  9.29620e-01 
 1.00000e+00  2.59420e-01  1.05150e-01  9.35040e-01 
 1.00000e+00  2.79690e-01  1.07090e-01  9.40470e-01 
 1.00000e+00  3.00000e-01  1.08620e-01  9.45910e-01 
 1.00000e+00  3.20010e-01  1.09710e-01  9.51270e-01 
 1.00000e+00  3.40040e-01  1.10380e-01  9.56640e-01 
 1.00000e+00  3.60080e-01  1.10600e-01  9.62010e-01 
 1.00000e+00  3.80120e-01  1.10390e-01  9.67380e-01 
 1.00000e+00  4.00150e-01  1.09770e-01  9.72740e-01 
 1.00000e+00  4.20160e-01  1.08780e-01  9.78110e-01 
 1.00000e+00  4.33500e-01  1.07920e-01  9.81680e-01 
 1.00000e+00  4.40160e-01  1.07430e-01  9.83470e-01 
 1.00000e+00  4.46820e-01  1.06910e-01  9.85250e-01 
 1.00000e+00  4.60140e-01  1.05750e-01  9.88820e-01 
 1.00000e+00  4.73440e-01  1.04450e-01  9.92380e-01 
 1.00000e+00  4.80080e-01  1.03760e-01  9.94160e-01 
 1.00000e+00  4.86730e-01  1.03020e-01  9.95940e-01 
 1.00000e+00  5.00000e-01  1.01460e-01  9.99500e-01 
 1.00000e+00  5.00000e-01  1.01460e-01  8.65530e-01 
 1.00000e+00  5.40420e-01  9.59700e-02  8.76360e-01 
 1.00000e+00  5.80710e-01  8.95200e-02  8.87150e-01 
 1.00000e+00  6.60900e-01  7.42600e-02  9.08640e-01 
 1.00000e+00  7.00830e-01  6.57400e-02  9.19340e-01 
 1.00000e+00  7.40680e-01  5.68200e-02  9.30020e-01 
 1.00000e+00  7.80490e-01  4.77000e-02  9.40680e-01 
 1.00000e+00  8.20290e-01  3.85300e-02  9.51350e-01 
 1.00000e+00  8.60110e-01  2.95100e-02  9.62020e-01 
 1.00000e+00  9.00000e-01  2.07700e-02  9.72710e-01 
 1.00000e+00  9.14240e-01  1.77000e-02  9.76520e-01 
 1.00000e+00  9.28500e-01  1.47200e-02  9.80340e-01 
 1.00000e+00  9.42790e-01  1.18900e-02  9.84170e-01 
 1.00000e+00  9.57110e-01  9.27000e-03  9.88010e-01 
 1.00000e+00  9.71460e-01  6.79000e-03  9.91850e-01 
 1.00000e+00  9.85800e-01  4.22000e-03  9.95690e-01 
 0.00000e+00 -2.85000e+00 -1.50000e+00  7.27000e-01 
 0.00000e+00 -2.55000e+00 -1.50000e+00  7.27000e-01 
 0.00000e+00 -2.35000e+00 -1.50000e+00  7.27000e-01 
 0.00000e+00 -2.15000e+00 -1.50000e+00  7.27000e-01 
 0.00000e+00 -1.95000e+00 -1.50000e+00  7.27000e-01 
 0.00000e+00 -1.85000e+00 -1.50000e+00  7.27000e-01 
 0.00000e+00 -1.75000e+00 -1.50000e+00  7.27000e-01 
 0.00000e+00 -1.65000e+00 -1.50000e+00  7.27000e-01 
 0.00000e+00 -1.55000e+00 -1.50000e+00  7.27000e-01 
 0.00000e+00 -1.45000e+00 -1.50000e+00  7.27000e-01 
 0.00000e+00 -1.35000e+00 -1.50000e+00  7.27000e-01 
 0.00000e+00 -1.25000e+00 -1.50000e+00  7.27000e-01 
 0.00000e+00 -1.15000e+00 -1.50000e+00  7.27000e-01 
 0.00000e+00 -1.05000e+00 -1.50000e+00  7.27000e-01 
 0.00000e+00 -9.50000e-01 -1.50000e+00  7.27000e-01 
 0.00000e+00 -8.50000e-01 -1.50000e+00  7.27000e-01 
 0.00000e+00 -7.50000e-01 -1.50000e+00  7.27000e-01 
 0.00000e+00 -6.50000e-01 -1.50000e+00  7.27000e-01 
 0.00000e+00 -5.50000e-01 -1.50000e+00  7.27000e-01 
 0.00000e+00 -4.50000e-01 -1.50000e+00  7.27000e-01 
 0.00000e+00 -3.50000e-01 -1.50000e+00  7.27000e-01 
 0.00000e+00 -2.50000e-01 -1.50000e+00  7.27000e-01 
 0.00000e+00 -1.50000e-01 -1.50000e+00  7.27000e-01 
 0.00000e+00 -5.00000e-02 -1.50000e+00  7.27000e-01 
 0.00000e+00  5.00000e-02 -1.50000e+00  7.27000e-01 
 0.00000e+00  1.50000e-01 -1.50000e+00  7.27000e-01 
 0.00000e+00  2.50000e-01 -1.50000e+00  7.27000e-01 
 0.00000e+00  3.50000e-01 -1.50000e+00  7.27000e-01 
 0.00000e+00  4.50000e-01 -1.50000e+00  7.27000e-01 
 0.00000e+00  5.50000e-01 -1.50000e+00  7.27000e-01 
 0.00000e+00  6.50000e-01 -1.50000e+00  7.27000e-01 
 0.00000e+00  7.50000e-01 -1.50000e+00  7.27000e-01 
 0.00000e+00  8.50000e-01 -1.50000e+00  7.27000e-01 
 0.00000e+00  9.50000e-01 -1.50000e+00  7.27000e-01 
 0.00000e+00  1.05000e+00 -1.50000e+00  7.27000e-01 
 0.00000e+00  1.15000e+00 -1.50000e+00  7.27000e-01 
 0.00000e+00  1.25000e+00 -1.50000e+00  7.27000e-01 
 0.00000e+00  1.35000e+00 -1.50000e+00  7.27000e-01 
 0.00000e+00  1.45000e+00 -1.50000e+00  7.27000e-01 
 0.00000e+00  1.55000e+00 -1.50000e+00  7.27000e-01 
 0.00000e+00  1.65000e+00 -1.50000e+00  7.27000e-01 
 0.00000e+00  1.75000e+00 -1.50000e+00  7.27000e-01 
 0.00000e+00  1.85000e+00 -1.50000e+00  7.27000e-01 
 0.00000e+00  1.95000e+00 -1.50000e+00  7.27000e-01 
 0.00000e+00  2.15000e+00 -1.50000e+00  7.27000e-01 
 0.00000e+00  2.35000e+00 -1.50000e+00  7.27000e-01 
 0.00000e+00  2.55000e+00 -1.50000e+00  7.27000e-01 
 0.00000e+00  2.85000e+00 -1.50000e+00  7.27000e-01 
 1.00000e+00 -2.85000e+00  1.50000e+00  7.27000e-01 
 1.00000e+00 -2.55000e+00  1.50000e+00  7.27000e-01 
 1.00000e+00 -2.35000e+00  1.50000e+00  7.27000e-01 
 1.00000e+00 -2.15000e+00  1.50000e+00  7.27000e-01 
 1.00000e+00 -1.95000e+00  1.50000e+00  7.27000e-01 
 1.00000e+00 -1.85000e+00  1.50000e+00  7.27000e-01 
 1.00000e+00 -1.75000e+00  1.50000e+00  7.27000e-01 
 1.00000e+00 -1.65000e+00  1.50000e+00  7.27000e-01 
 1.00000e+00 -1.55000e+00  1.50000e+00  7.27000e-01 
 1.00000e+00 -1.45000e+00  1.50000e+00  7.27000e-01 
 1.00000e+00 -1.35000e+00  1.50000e+00  7.27000e-01 
 1.00000e+00 -1.25000e+00  1.50000e+00  7.27000e-01 
 1.00000e+00 -1.15000e+00  1.50000e+00  7.27000e-01 
 1.00000e+00 -1.05000e+00  1.50000e+00  7.27000e-01 
 1.00000e+00 -9.50000e-01  1.50000e+00  7.27000e-01 
 1.00000e+00 -8.50000e-01  1.50000e+00  7.27000e-01 
 1.00000e+00 -7.50000e-01  1.50000e+00  7.27000e-01 
 1.00000e+00 -6.50000e-01  1.50000e+00  7.27000e-01 
 1.00000e+00 -5.50000e-01  1.50000e+00  7.27000e-01 
 1.00000e+00 -4.50000e-01  1.50000e+00  7.27000e-01 
 1.00000e+00 -3.50000e-01  1.50000e+00  7.27000e-01 
 1.00000e+00 -2.50000e-01  1.50000e+00  7.27000e-01 
 1.00000e+00 -1.50000e-01  1.50000e+00  7.27000e-01 
 1.00000e+00 -5.00000e-02  1.50000e+00  7.27000e-01 
 1.00000e+00  5.00000e-02  1.50000e+00  7.27000e-01 
 1.00000e+00  1.50000e-01  1.50000e+00  7.27000e-01 
 1.00000e+00  2.50000e-01  1.50000e+00  7.27000e-01 
 1.00000e+00  3.50000e-01  1.50000e+00  7.27000e-01 
 1.00000e+00  4.50000e-01  1.50000e+00  7.27000e-01 
 1.00000e+00  5.50000e-01  1.50000e+00  7.27000e-01 
 1.00000e+00  6.50000e-01  1.50000e+00  7.27000e-01 
 1.00000e+00  7.50000e-01  1.50000e+00  7.27000e-01 
 1.00000e+00  8.50000e-01  1.50000e+00  7.27000e-01 
 1.00000e+00  9.50000e-01  1.50000e+00  7.27000e-01 
 1.00000e+00  1.05000e+00  1.50000e+00  7.27000e-01 
 1.00000e+00  1.15000e+00  1.50000e+00  7.27000e-01 
 1.00000e+00  1.25000e+00  1.50000e+00  7.27000e-01 
 1.00000e+00  1.35000e+00  1.50000e+00  7.27000e-01 
 1.00000e+00  1.45000e+00  1.50000e+00  7.27000e-01 
 1.00000e+00  1.55000e+00  1.50000e+00  7.27000e-01 
 1.00000e+00  1.65000e+00  1.50000e+00  7.27000e-01 
 1.00000e+00  1.75000e+00  1.50000e+00  7.27000e-01 
 1.00000e+00  1.85000e+00  1.50000e+00  7.27000e-01 
 1.00000e+00  1.95000e+00  1.50000e+00  7.27000e-01 
 1.00000e+00  2.15000e+00  1.50000e+00  7.27000e-01 
 1.00000e+00  2.35000e+00  1.50000e+00  7.27000e-01 
 1.00000e+00  2.55000e+00  1.50000e+00  7.27000e-01 
 1.00000e+00  2.85000e+00  1.50000e+00  7.27000e-01 
 2.00000e+00 -2.85000e+00 -1.50000e+00  1.26700e+00 
 2.00000e+00 -1.95000e+00 -1.50000e+00  1.26700e+00 
 2.00000e+00 -1.35000e+00 -1.50000e+00  1.26700e+00 
 2.00000e+00 -9.50000e-01 -1.50000e+00  1.26700e+00 
 2.00000e+00 -6.50000e-01 -1.50000e+00  1.26700e+00 
 2.00000e+00 -4.50000e-01 -1.50000e+00  1.26700e+00 
 2.00000e+00 -2.50000e-01 -1.50000e+00  1.26700e+00 
 2.00000e+00 -5.00000e-02 -1.50000e+00  1.26700e+00 
 2.00000e+00  5.00000e-02 -1.50000e+00  1.26700e+00 
 2.00000e+00  2.50000e-01 -1.50000e+00  1.26700e+00 
 2.00000e+00  4.50000e-01 -1.50000e+00  1.26700e+00 
 2.00000e+00  6.50000e-01 -1.50000e+00  1.26700e+00 
 2.00000e+00  9.50000e-01 -1.50000e+00  1.26700e+00 
 2.00000e+00  1.35000e+00 -1.50000e+00  1.26700e+00 
 2.00000e+00  1.95000e+00 -1.50000e+00  1.26700e+00 
 2.00000e+00  2.85000e+00 -1.50000e+00  1.26700e+00 
 3.00000e+00 -2.85000e+00  1.50000e+00  1.26700e+00 
 3.00000e+00 -1.95000e+00  1.50000e+00  1.26700e+00 
 3.00000e+00 -1.35000e+00  1.50000e+00  1.26700e+00 
 3.00000e+00 -9.50000e-01  1.50000e+00  1.26700e+00 
 3.00000e+00 -6.50000e-01  1.50000e+00  1.26700e+00 
 3.00000e+00 -4.50000e-01  1.50000e+00  1.26700e+00 
 3.00000e+00 -2.50000e-01  1.50000e+00  1.26700e+00 
 3.00000e+00 -5.00000e-02  1.50000e+00  1.26700e+00 
 3.00000e+00  5.00000e-02  1.50000e+00  1.26700e+00 
 3.00000e+00  2.50000e-01  1.50000e+00  1.26700e+00 
 3.00000e+00  4.50000e-01  1.50000e+00  1.26700e+00 
 3.00000e+00  6.50000e-01  1.50000e+00  1.26700e+00 
 3.00000e+00  9.50000e-01  1.50000e+00  1.26700e+00 
 3.00000e+00  1.35000e+00  1.50000e+00  1.26700e+00 
 3.00000e+00  1.95000e+00  1.50000e+00  1.26700e+00 
 3.00000e+00  2.85000e+00  1.50000e+00  1.26700e+00 
 0.00000e+00  2.70000e+00 -3.47500e-01  0.00000e+00 
 0.00000e+00  2.70000e+00 -3.17500e-01  0.00000e+00 
 0.00000e+00  2.70000e+00 -2.87500e-01  0.00000e+00 
 0.00000e+00  2.70000e+00 -2.67500e-01  0.00000e+00 
 0.00000e+00  2.70000e+00 -2.47500e-01  0.00000e+00 
 0.00000e+00  2.70000e+00 -2.32500e-01  0.00000e+00 
 0.00000e+00  2.70000e+00 -2.17500e-01  0.00000e+00 
 0.00000e+00  2.70000e+00 -2.07500e-01  0.00000e+00 
 0.00000e+00  2.70000e+00 -1.97500e-01  0.00000e+00 
 0.00000e+00  2.70000e+00 -1.92500e-01  0.00000e+00 
 0.00000e+00  2.70000e+00 -1.87500e-01  0.00000e+00 
 0.00000e+00  2.70000e+00 -1.82500e-01  0.00000e+00 
 0.00000e+00  2.70000e+00 -1.77500e-01  0.00000e+00 
 0.00000e+00  2.70000e+00 -1.72500e-01  0.00000e+00 
 0.00000e+00  2.70000e+00 -1.67500e-01  0.00000e+00 
 0.00000e+00  2.70000e+00 -1.62500e-01  0.00000e+00 
 0.00000e+00  2.70000e+00 -1.57500e-01  0.00000e+00 
 0.00000e+00  2.70000e+00 -1.52500e-01  0.00000e+00 
 0.00000e+00  2.70000e+00 -1.47500e-01  0.00000e+00 
 0.00000e+00  2.70000e+00 -1.42500e-01  0.00000e+00 
 0.00000e+00  2.70000e+00 -1.37500e-01  0.00000e+00 
 0.00000e+00  2.70000e+00 -1.32500e-01  0.00000e+00 
 0.00000e+00  2.70000e+00 -1.27500e-01  0.00000e+00 
 0.00000e+00  2.70000e+00 -1.22500e-01  0.00000e+00 
 0.00000e+00  2.70000e+00 -1.17500e-01  0.00000e+00 
 0.00000e+00  2.70000e+00 -1.12500e-01  0.00000e+00 
 0.00000e+00  2.70000e+00 -1.07500e-01  0.00000e+00 
 0.00000e+00  2.70000e+00 -1.02500e-01  0.00000e+00 
 0.00000e+00  2.70000e+00 -9.75000e-02  0.00000e+00 
 0.00000e+00  2.70000e+00 -9.25000e-02  0.00000e+00 
 0.00000e+00  2.70000e+00 -8.75000e-02  0.00000e+00 
 0.00000e+00  2.70000e+00 -8.25000e-02  0.00000e+00 
 0.00000e+00  2.70000e+00 -7.75000e-02  0.00000e+00 
 0.00000e+00  2.70000e+00 -7.25000e-02  0.00000e+00 
 0.00000e+00  2.70000e+00 -6.75000e-02  0.00000e+00 
 0.00000e+00  2.70000e+00 -6.25000e-02  0.00000e+00 
 0.00000e+00  2.70000e+00 -5.75000e-02  0.00000e+00 
 0.00000e+00  2.70000e+00 -5.25000e-02  0.00000e+00 
 0.00000e+00  2.70000e+00 -4.75000e-02  0.00000e+00 
 0.00000e+00  2.70000e+00 -4.25000e-02  0.00000e+00 
 0.00000e+00  2.70000e+00 -3.75000e-02  0.00000e+00 
 0.00000e+00  2.70000e+00 -3.25000e-02  0.00000e+00 
 0.00000e+00  2.70000e+00 -2.75000e-02  0.00000e+00 
 0.00000e+00  2.70000e+00 -2.25000e-02  0.00000e+00 
 0.00000e+00  2.70000e+00 -1.75000e-02  0.00000e+00 
 0.00000e+00  2.70000e+00 -1.25000e-02  0.00000e+00 
 0.00000e+00  2.70000e+00 -7.50000e-03  0.00000e+00 
 0.00000e+00  2.70000e+00 -2.50000e-03  0.00000e+00 
 0.00000e+00  2.70000e+00  2.50000e-03  0.00000e+00 
 0.00000e+00  2.70000e+00  7.50000e-03  0.00000e+00 
 0.00000e+00  2.70000e+00  1.25000e-02  0.00000e+00 
 0.00000e+00  2.70000e+00  1.75000e-02  0.00000e+00 
 0.00000e+00  2.70000e+00  2.25000e-02  0.00000e+00 
 0.00000e+00  2.70000e+00  2.75000e-02  0.00000e+00 
 0.00000e+00  2.70000e+00  3.25000e-02  0.00000e+00 
 0.00000e+00  2.70000e+00  3.75000e-02  0.00000e+00 
 0.00000e+00  2.70000e+00  4.25000e-02  0.00000e+00 
 0.00000e+00  2.70000e+00  4.75000e-02  0.00000e+00 
 0.00000e+00  2.70000e+00  5.25000e-02  0.00000e+00 
 0.00000e+00  2.70000e+00  5.75000e-02  0.00000e+00 
 0.00000e+00  2.70000e+00  6.25000e-02  0.00000e+00 
 0.00000e+00  2.70000e+00  6.75000e-02  0.00000e+00 
 0.00000e+00  2.70000e+00  7.25000e-02  0.00000e+00 
 0.00000e+00  2.70000e+00  7.75000e-02  0.00000e+00 
 0.00000e+00  2.70000e+00  8.25000e-02  0.00000e+00 
 0.00000e+00  2.70000e+00  8.75000e-02  0.00000e+00 
 0.00000e+00  2.70000e+00  9.25000e-02  0.00000e+00 
 0.00000e+00  2.70000e+00  9.75000e-02  0.00000e+00 
 0.00000e+00  2.70000e+00  1.02500e-01  0.00000e+00 
 0.00000e+00  2.70000e+00  1.07500e-01  0.00000e+00 
 0.00000e+00  2.70000e+00  1.12500e-01  0.00000e+00 
 0.00000e+00  2.70000e+00  1.17500e-01  0.00000e+00 
 0.00000e+00  2.70000e+00  1.22500e-01  0.00000e+00 
 0.00000e+00  2.70000e+00  1.27500e-01  0.00000e+00 
 0.00000e+00  2.70000e+00  1.32500e-01  0.00000e+00 
 0.00000e+00  2.70000e+00  1.37500e-01  0.00000e+00 
 0.00000e+00  2.70000e+00  1.42500e-01  0.00000e+00 
 0.00000e+00  2.70000e+00  1.47500e-01  0.00000e+00 
 0.00000e+00  2.70000e+00  1.52500e-01  0.00000e+00 
 0.00000e+00  2.70000e+00  1.57500e-01  0.00000e+00 
 0.00000e+00  2.70000e+00  1.62500e-01  0.00000e+00 
 0.00000e+00  2.70000e+00  1.67500e-01  0.00000e+00 
 0.00000e+00  2.70000e+00  1.72500e-01  0.00000e+00 
 0.00000e+00  2.70000e+00  1.77500e-01  0.00000e+00 
 0.00000e+00  2.70000e+00  1.82500e-01  0.00000e+00 
 0.00000e+00  2.70000e+00  1.87500e-01  0.00000e+00 
 0.00000e+00  2.70000e+00  1.92500e-01  0.00000e+00 
 0.00000e+00  2.70000e+00  1.97500e-01  0.00000e+00 
 0.00000e+00  2.70000e+00  2.07500e-01  0.00000e+00 
 0.00000e+00  2.70000e+00  2.17500e-01  0.00000e+00 
 0.00000e+00  2.70000e+00  2.32500e-01  0.00000e+00 
 0.00000e+00  2.70000e+00  2.47500e-01  0.00000e+00 
 0.00000e+00  2.70000e+00  2.67500e-01  0.00000e+00 
 0.00000e+00  2.70000e+00  2.87500e-01  0.00000e+00 
 0.00000e+00  2.70000e+00  3.17500e-01  0.00000e+00 
 0.00000e+00  2.70000e+00  3.47500e-01  0.00000e+00 
