-2.02902e+00  3.96873e+00  8.96841e+00 
 4.38191e+01  4.36848e+01  4.34482e+01 
 1.87204e+01  1.89711e+01  1.91370e+01 
 2.94145e+06  2.92830e+06  2.90973e+06 
 1.16471e+03  1.15672e+03  1.14366e+03 
 1.02055e+05  1.02063e+05  1.02070e+05 
 1.90019e+02  1.75008e+02 -1.84270e+01 
 2.63008e+02  2.85811e+02  2.00367e+02 
 3.07492e+02  3.48761e+02  2.97681e+02 
 3.09815e+02  3.60332e+02  3.27289e+02 
 2.96600e+02  3.53951e+02  3.32653e+02 
 2.78599e+02  3.40857e+02  3.28580e+02 
 2.36077e+02  3.10876e+02  3.16780e+02 
 1.84138e+02  2.73395e+02  2.94882e+02 
 1.37048e+02  2.42545e+02  2.81468e+02 
 7.52610e+01  1.98852e+02  2.58060e+02 
 5.02477e+00  1.50156e+02  2.08465e+02 
-6.17771e+01  1.06770e+02  1.71428e+02 
-1.59351e+02  5.81377e+01  1.39351e+02 
-1.96549e+02  2.68375e+01  1.19937e+02 
-2.62246e+02 -5.22128e+01  1.08180e+02 
-3.54275e+02 -9.18036e+01  7.93030e+01 
-3.45934e+02 -9.14457e+01  8.04462e+01 
-4.19860e+02 -1.26646e+02  6.31783e+01 
-5.33386e+02 -1.54703e+02  6.41046e+01 
-5.91866e+02 -1.80839e+02  6.62115e+01 
-6.36914e+02 -1.83417e+02  8.99897e+01 
-6.55675e+02 -1.58446e+02  1.40246e+02 
-6.63057e+02 -1.44836e+02  1.67499e+02 
-6.53115e+02 -1.14347e+02  2.09111e+02 
-6.43405e+02 -7.89671e+01  2.55798e+02 
-6.50705e+02 -5.65528e+01  2.89653e+02 
-6.39289e+02 -1.89410e+01  3.40589e+02 
-6.48031e+02  1.32498e+01  3.90159e+02 
-6.85207e+02  7.57969e+01  4.93775e+02 
-6.86654e+02  1.30905e+02  5.66248e+02 
-6.88812e+02  1.95572e+02  6.48271e+02 
-6.84577e+02  2.31022e+02  6.89345e+02 
-6.90137e+02  2.59431e+02  7.23954e+02 
-6.88046e+02  2.94354e+02  7.64985e+02 
-6.75308e+02  3.44562e+02  8.15650e+02 
-6.90314e+02  3.76884e+02  8.53353e+02 
-6.83257e+02  4.30203e+02  9.05015e+02 
-6.65336e+02  4.94370e+02  9.59326e+02 
-6.47506e+02  5.69979e+02  1.01479e+03 
-6.38563e+02  6.57252e+02  1.07076e+03 
-6.63008e+02  7.43048e+02  1.11332e+03 
-6.18742e+02  8.78217e+02  1.12328e+03 
-4.44944e+02  1.02808e+03  1.03278e+03 
-9.32862e+01  1.13918e+03  6.77206e+02 
 5.51739e+02  1.00672e+03 -3.67066e+02 
 1.04950e+03  2.18634e+02 -2.48922e+03 
 1.11593e+03 -6.11778e+02 -3.44833e+03 
 8.96209e+02 -1.02157e+03 -3.53507e+03 
 6.51040e+02 -1.27625e+03 -3.50531e+03 
 4.60113e+02 -1.35976e+03 -3.31760e+03 
 3.24044e+02 -1.36023e+03 -3.09596e+03 
 2.09437e+02 -1.37311e+03 -2.95169e+03 
 1.10327e+02 -1.38972e+03 -2.84414e+03 
 2.11147e+01 -1.40698e+03 -2.75645e+03 
-5.44269e+01 -1.42029e+03 -2.67929e+03 
-1.21583e+02 -1.43422e+03 -2.58028e+03 
-1.78291e+02 -1.43924e+03 -2.44674e+03 
-2.28439e+02 -1.44159e+03 -2.39676e+03 
-2.75965e+02 -1.44580e+03 -2.37679e+03 
-3.17427e+02 -1.44981e+03 -2.34223e+03 
-3.56305e+02 -1.45509e+03 -2.29885e+03 
-4.43137e+02 -1.46106e+03 -2.23511e+03 
-5.04567e+02 -1.45122e+03 -2.14631e+03 
-6.43714e+02 -1.47743e+03 -2.10043e+03 
-6.84995e+02 -1.46739e+03 -2.03812e+03 
-7.26275e+02 -1.45735e+03 -1.97580e+03 
-7.36542e+02 -1.43898e+03 -1.88429e+03 
-7.81148e+02 -1.45212e+03 -1.87656e+03 
-8.06511e+02 -1.44696e+03 -1.83177e+03 
-8.25004e+02 -1.43350e+03 -1.79271e+03 
-8.40569e+02 -1.41979e+03 -1.74255e+03 
-8.49135e+02 -1.39877e+03 -1.69147e+03 
-8.45649e+02 -1.36851e+03 -1.62752e+03 
-8.28978e+02 -1.33003e+03 -1.55361e+03 
-8.10310e+02 -1.29199e+03 -1.49057e+03 
-7.93283e+02 -1.21209e+03 -1.40917e+03 
-7.77049e+02 -1.14751e+03 -1.36077e+03 
-7.69545e+02 -1.12507e+03 -1.33684e+03 
-7.62648e+02 -1.10660e+03 -1.30655e+03 
-7.45189e+02 -1.08404e+03 -1.26255e+03 
-7.26372e+02 -1.05506e+03 -1.21075e+03 
-7.17198e+02 -1.03872e+03 -1.18532e+03 
-7.06906e+02 -1.01849e+03 -1.15561e+03 
-6.89759e+02 -9.82733e+02 -1.10734e+03 
-6.90684e+02 -9.78854e+02 -1.10743e+03 
-5.89747e+02 -8.75481e+02 -9.52437e+02 
-5.25287e+02 -7.78163e+02 -8.13192e+02 
-3.69251e+02 -5.46618e+02 -5.26176e+02 
-2.90259e+02 -4.39728e+02 -4.11205e+02 
-2.11267e+02 -3.32839e+02 -2.96234e+02 
-1.40935e+02 -2.39095e+02 -2.16787e+02 
-7.67369e+01 -1.54451e+02 -1.61179e+02 
-1.69537e+01 -7.58776e+01 -1.22301e+02 
 4.81437e+01  5.41248e+00 -8.71951e+01 
 7.03137e+01  3.13614e+01 -7.83474e+01 
 9.08505e+01  5.78173e+01 -6.88026e+01 
 1.08905e+02  8.17456e+01 -5.96393e+01 
 1.21621e+02  1.00823e+02 -5.16437e+01 
 1.30857e+02  1.20081e+02 -4.32773e+01 
 1.37727e+02  1.35851e+02 -3.59832e+01 
-7.17669e+00  1.16884e+01  2.16758e+01 
-1.71307e+01  7.97867e+00  2.18787e+01 
-1.71498e+01  1.31852e+01  3.02822e+01 
-1.48072e+01  2.14838e+01  4.19647e+01 
-1.61668e+01  2.73767e+01  5.22050e+01 
-1.73210e+01  3.04863e+01  5.78113e+01 
-1.92944e+01  3.31617e+01  6.30923e+01 
-2.48692e+01  3.29045e+01  6.60297e+01 
-2.46449e+01  3.83349e+01  7.43598e+01 
-2.44207e+01  4.37653e+01  8.26899e+01 
-2.39381e+01  5.00582e+01  9.20762e+01 
-2.31610e+01  5.67680e+01  1.01854e+02 
-2.82407e+01  5.85563e+01  1.07402e+02 
-2.90393e+01  6.37109e+01  1.15615e+02 
-3.34792e+01  6.62062e+01  1.21658e+02 
-3.73397e+01  6.89303e+01  1.27224e+02 
-5.08354e+01  6.36774e+01  1.26509e+02 
-4.90291e+01  6.97029e+01  1.34532e+02 
-5.55309e+01  6.86857e+01  1.36412e+02 
-5.49664e+01  7.29427e+01  1.41771e+02 
-5.46025e+01  7.59636e+01  1.45707e+02 
-5.76612e+01  7.51020e+01  1.46088e+02 
-5.99452e+01  7.40580e+01  1.44811e+02 
-5.78518e+01  7.44174e+01  1.43916e+02 
-5.57584e+01  7.47769e+01  1.43020e+02 
-5.21837e+01  7.51530e+01  1.41259e+02 
-4.77273e+01  7.54033e+01  1.38877e+02 
-4.65477e+01  7.16868e+01  1.32537e+02 
-4.20256e+01  7.12193e+01  1.28399e+02 
-3.76144e+01  6.93058e+01  1.23279e+02 
-3.55735e+01  6.52485e+01  1.15449e+02 
-3.59267e+01  5.88380e+01  1.05741e+02 
-3.56867e+01  5.27990e+01  9.61303e+01 
-2.98497e+01  5.20946e+01  9.14632e+01 
-3.10219e+01  4.50308e+01  8.11507e+01 
-2.56388e+01  4.39885e+01  7.67877e+01 
-2.33643e+01  4.04420e+01  6.97782e+01 
-2.29935e+01  3.54510e+01  6.19456e+01 
-2.05298e+01  3.28018e+01  5.64294e+01 
-1.87249e+01  2.99901e+01  5.10424e+01 
-1.58938e+01  2.84720e+01  4.71216e+01 
-1.65225e+01  2.39985e+01  4.05272e+01 
-1.70996e+01  1.95232e+01  3.37962e+01 
-2.15653e+01  1.19464e+01  2.44835e+01 
-2.55002e+01  2.11078e+00  1.13958e+01 
-3.62365e+01 -1.34912e+01 -6.75208e+00 
-4.38798e+01 -2.52457e+01 -2.06655e+01 
-5.66261e+01 -4.25187e+01 -4.03896e+01 
-1.40893e+01 -2.91344e+01 -4.03419e+01 
-1.63287e+01 -3.74040e+01 -5.26999e+01 
-1.76052e+01 -4.40697e+01 -6.28032e+01 
-1.77525e+01 -5.04461e+01 -7.34228e+01 
-2.25739e+01 -6.33590e+01 -9.14851e+01 
-2.38149e+01 -6.89189e+01 -1.00096e+02 
-2.55290e+01 -7.54556e+01 -1.09862e+02 
-2.88685e+01 -8.39838e+01 -1.22163e+02 
-3.12534e+01 -9.21110e+01 -1.34230e+02 
-3.91658e+01 -1.06599e+02 -1.53303e+02 
-4.20980e+01 -1.16463e+02 -1.67704e+02 
-4.16068e+01 -1.22304e+02 -1.78340e+02 
-4.47200e+01 -1.32380e+02 -1.93802e+02 
-4.75397e+01 -1.42785e+02 -2.09545e+02 
-4.95048e+01 -1.51657e+02 -2.23665e+02 
-5.63184e+01 -1.66191e+02 -2.42874e+02 
-6.04316e+01 -1.77270e+02 -2.59274e+02 
-6.33806e+01 -1.86769e+02 -2.73356e+02 
-6.76855e+01 -1.96279e+02 -2.86731e+02 
-7.45246e+01 -2.08326e+02 -3.02328e+02 
-8.09061e+01 -2.18235e+02 -3.14926e+02 
-8.51935e+01 -2.24175e+02 -3.22588e+02 
-9.31430e+01 -2.33502e+02 -3.32624e+02 
-9.40794e+01 -2.32879e+02 -3.30853e+02 
-9.73663e+01 -2.35185e+02 -3.30460e+02 
-9.59369e+01 -2.30232e+02 -3.22794e+02 
-9.40466e+01 -2.23197e+02 -3.11879e+02 
-9.68542e+01 -2.21239e+02 -3.06245e+02 
-8.76312e+01 -2.04622e+02 -2.84837e+02 
-8.57354e+01 -1.96332e+02 -2.71770e+02 
-8.09556e+01 -1.84316e+02 -2.55869e+02 
-7.70740e+01 -1.73012e+02 -2.39528e+02 
-7.96836e+01 -1.69019e+02 -2.31168e+02 
-7.22553e+01 -1.54359e+02 -2.11463e+02 
-6.74074e+01 -1.42891e+02 -1.95503e+02 
-6.21221e+01 -1.30283e+02 -1.78857e+02 
-5.72625e+01 -1.20207e+02 -1.64645e+02 
-5.77067e+01 -1.14977e+02 -1.55870e+02 
-5.67933e+01 -1.08772e+02 -1.46514e+02 
-4.96472e+01 -9.67860e+01 -1.31224e+02 
-4.79314e+01 -9.04904e+01 -1.22348e+02 
-4.86932e+01 -8.72030e+01 -1.16517e+02 
-4.58426e+01 -8.08358e+01 -1.07984e+02 
-4.54928e+01 -7.68180e+01 -1.01758e+02 
-4.49646e+01 -7.01184e+01 -9.12583e+01 
-4.32068e+01 -6.37878e+01 -8.19248e+01 
-4.96307e+01 -6.57508e+01 -8.16162e+01 
-6.10856e+01 -7.21499e+01 -8.49389e+01 
-1.05962e+01  8.24903e+00  1.82016e+01 
-1.88023e+01  2.50844e+01  5.01438e+01 
-2.22355e+01  5.14838e+01  9.33285e+01 
-3.44293e+01  6.53018e+01  1.20680e+02 
-4.64806e+01  7.22476e+01  1.36847e+02 
-5.01774e+01  7.73306e+01  1.45937e+02 
-5.45282e+01  7.79972e+01  1.48318e+02 
-5.33703e+01  7.85258e+01  1.47973e+02 
-5.53270e+01  7.54101e+01  1.43686e+02 
-4.69824e+01  7.59483e+01  1.39455e+02 
-4.74627e+01  6.64044e+01  1.24302e+02 
-3.65064e+01  6.44341e+01  1.14704e+02 
-2.98166e+01  5.18580e+01  9.12147e+01 
-1.91392e+01  3.95643e+01  6.58776e+01 
-2.11551e+01  1.20672e+01  2.45718e+01 
-5.79476e+01 -4.36959e+01 -4.16034e+01 
-1.48304e+01 -2.98603e+01 -4.09681e+01 
-2.22635e+01 -6.28603e+01 -9.09979e+01 
-3.53134e+01 -1.09047e+02 -1.59908e+02 
-4.99798e+01 -1.52893e+02 -2.24363e+02 
-6.45816e+01 -1.87967e+02 -2.73968e+02 
-7.30616e+01 -2.06677e+02 -3.00433e+02 
-8.56961e+01 -2.25523e+02 -3.23194e+02 
-9.48402e+01 -2.34852e+02 -3.31723e+02 
-9.30284e+01 -2.29632e+02 -3.25564e+02 
-9.40262e+01 -2.22862e+02 -3.12673e+02 
-8.89608e+01 -2.05833e+02 -2.86967e+02 
-8.18849e+01 -1.84701e+02 -2.56187e+02 
-6.96632e+01 -1.51643e+02 -2.08729e+02 
-5.58533e+01 -1.13145e+02 -1.54317e+02 
-4.26630e+01 -7.39359e+01 -9.90545e+01 
-6.29980e+01 -7.40920e+01 -8.62022e+01 
 1.16680e+03  1.16020e+03  1.14043e+03 
 1.16678e+03  1.15980e+03  1.13996e+03 
 1.16683e+03  1.15990e+03  1.14006e+03 
 1.16676e+03  1.15972e+03  1.13898e+03 
 1.16662e+03  1.15971e+03  1.13523e+03 
 1.16695e+03  1.15998e+03  1.12827e+03 
 1.16669e+03  1.15966e+03  1.11127e+03 
 1.16652e+03  1.15969e+03  1.09831e+03 
 1.16699e+03  1.16005e+03  1.08012e+03 
 1.16692e+03  1.16001e+03  1.06885e+03 
 1.16687e+03  1.16008e+03  1.05825e+03 
 1.16687e+03  1.16010e+03  1.04570e+03 
 1.16636e+03  1.15960e+03  1.03337e+03 
 1.16692e+03  1.16003e+03  1.02321e+03 
 1.16648e+03  1.15966e+03  1.01342e+03 
 1.16647e+03  1.15964e+03  1.00251e+03 
 1.16646e+03  1.15979e+03  9.93078e+02 
 1.16513e+03  1.15788e+03  9.82653e+02 
 1.16663e+03  1.15994e+03  9.77437e+02 
 1.16674e+03  1.15975e+03  9.71607e+02 
 1.16675e+03  1.15943e+03  9.69042e+02 
 1.16674e+03  1.15848e+03  9.66869e+02 
 1.16670e+03  1.15703e+03  9.66114e+02 
 1.16664e+03  1.15467e+03  9.66607e+02 
 1.16671e+03  1.14764e+03  9.71610e+02 
 1.16673e+03  1.14073e+03  9.75558e+02 
 1.16689e+03  1.12967e+03  9.81033e+02 
 1.16663e+03  1.11592e+03  9.88659e+02 
 1.16668e+03  1.10262e+03  9.95234e+02 
 1.16647e+03  1.08433e+03  1.00426e+03 
 1.16689e+03  1.06630e+03  1.01413e+03 
 1.16661e+03  1.05138e+03  1.02371e+03 
 1.16633e+03  1.03647e+03  1.03328e+03 
 1.16605e+03  1.02428e+03  1.04463e+03 
 1.16629e+03  1.01870e+03  1.05442e+03 
 1.16638e+03  1.02222e+03  1.06460e+03 
 1.16646e+03  1.02574e+03  1.07478e+03 
 1.16662e+03  1.03237e+03  1.08086e+03 
 1.16649e+03  1.04811e+03  1.09155e+03 
 1.16642e+03  1.06486e+03  1.09882e+03 
 1.16616e+03  1.07841e+03  1.10396e+03 
 1.16616e+03  1.09465e+03  1.11015e+03 
 1.16636e+03  1.10995e+03  1.11619e+03 
 1.16652e+03  1.12316e+03  1.12066e+03 
 1.16668e+03  1.13638e+03  1.12513e+03 
 1.16661e+03  1.14636e+03  1.12902e+03 
 1.16610e+03  1.15159e+03  1.13178e+03 
 1.16455e+03  1.15614e+03  1.13391e+03 
 1.16288e+03  1.15769e+03  1.13530e+03 
 1.15730e+03  1.15870e+03  1.13645e+03 
 1.15001e+03  1.15918e+03  1.13739e+03 
 1.13758e+03  1.15965e+03  1.13798e+03 
 1.12164e+03  1.15958e+03  1.13855e+03 
 1.10379e+03  1.15971e+03  1.13900e+03 
 1.08724e+03  1.15990e+03  1.13949e+03 
 1.06520e+03  1.15993e+03  1.13940e+03 
 1.04676e+03  1.15995e+03  1.13955e+03 
 1.03193e+03  1.16033e+03  1.14013e+03 
 1.02303e+03  1.15983e+03  1.13977e+03 
 1.02015e+03  1.15997e+03  1.13976e+03 
 1.02558e+03  1.16008e+03  1.14010e+03 
 1.03527e+03  1.16007e+03  1.14015e+03 
 1.05059e+03  1.15997e+03  1.13994e+03 
 1.06573e+03  1.16015e+03  1.14017e+03 
 1.08500e+03  1.15933e+03  1.13911e+03 
 1.10515e+03  1.15942e+03  1.13925e+03 
 1.12635e+03  1.15929e+03  1.13917e+03 
 1.13898e+03  1.15890e+03  1.13851e+03 
 1.14822e+03  1.15890e+03  1.13847e+03 
 1.15902e+03  1.15952e+03  1.13936e+03 
 1.16243e+03  1.15871e+03  1.13855e+03 
 1.16464e+03  1.15928e+03  1.13902e+03 
 1.16476e+03  1.15809e+03  1.13785e+03 
 1.16597e+03  1.15884e+03  1.13867e+03 
 1.16588e+03  1.15892e+03  1.13871e+03 
 1.16598e+03  1.15858e+03  1.13833e+03 
 1.16665e+03  1.15933e+03  1.13883e+03 
 1.16641e+03  1.15919e+03  1.13882e+03 
 1.16643e+03  1.15922e+03  1.13889e+03 
 1.16663e+03  1.15940e+03  1.13905e+03 
 1.16651e+03  1.15926e+03  1.13887e+03 
 1.16620e+03  1.15919e+03  1.13904e+03 
 1.16610e+03  1.15911e+03  1.13925e+03 
 1.16615e+03  1.15873e+03  1.13854e+03 
 1.16597e+03  1.15838e+03  1.13826e+03 
 1.16599e+03  1.15878e+03  1.13873e+03 
 1.16617e+03  1.15914e+03  1.13899e+03 
 1.16610e+03  1.15868e+03  1.13832e+03 
 1.16618e+03  1.15892e+03  1.13868e+03 
 1.16630e+03  1.15920e+03  1.13905e+03 
 1.16582e+03  1.15869e+03  1.13871e+03 
 1.16545e+03  1.15809e+03  1.13792e+03 
 1.16602e+03  1.15880e+03  1.13846e+03 
 1.16608e+03  1.15866e+03  1.13854e+03 
 1.16624e+03  1.15923e+03  1.13917e+03 
 1.16624e+03  1.15907e+03  1.13881e+03 
-1.11452e+02  9.53408e+02  1.72833e+03 
 3.25938e+01 -1.88076e+01 -2.38429e+02 
 3.12277e+02  8.53975e+02  1.20190e+03 
-7.97538e+00 -2.00677e+00  6.69246e+00 
 1.00000e+00  1.00000e+00  0.00000e+00  9.99500e-01 
 0.00000e+00  9.80060e-01  9.70000e-04  9.94160e-01 
 0.00000e+00  9.60050e-01  1.97000e-03  9.88800e-01 
 0.00000e+00  9.40020e-01  2.11000e-03  9.83430e-01 
 0.00000e+00  9.20000e-01  1.41000e-03  9.78060e-01 
 0.00000e+00  9.00000e-01  1.30000e-04  9.72710e-01 
 0.00000e+00  8.59760e-01 -3.47000e-03  9.61920e-01 
 0.00000e+00  8.19630e-01 -8.23000e-03  9.51170e-01 
 0.00000e+00  7.79600e-01 -1.38600e-02  9.40440e-01 
 0.00000e+00  7.39650e-01 -2.00600e-02  9.29740e-01 
 0.00000e+00  6.99760e-01 -2.66000e-02  9.19050e-01 
 0.00000e+00  6.59880e-01 -3.32400e-02  9.08360e-01 
 0.00000e+00  5.99680e-01 -4.30500e-02  8.92240e-01 
 0.00000e+00  5.80050e-01 -4.61100e-02  8.86980e-01 
 0.00000e+00  5.40060e-01 -5.20100e-02  8.76260e-01 
 0.00000e+00  5.00000e-01 -5.73600e-02  8.65530e-01 
 0.00000e+00  5.00000e-01 -5.73600e-02  9.99500e-01 
 0.00000e+00  4.60140e-01 -6.19300e-02  9.88820e-01 
 0.00000e+00  4.20200e-01 -6.56100e-02  9.78120e-01 
 0.00000e+00  3.80180e-01 -6.82400e-02  9.67390e-01 
 0.00000e+00  3.40100e-01 -6.95900e-02  9.56660e-01 
 0.00000e+00  3.00000e-01 -6.95700e-02  9.45910e-01 
 0.00000e+00  2.79880e-01 -6.91000e-02  9.40520e-01 
 0.00000e+00  2.59770e-01 -6.83200e-02  9.35130e-01 
 0.00000e+00  2.39670e-01 -6.72200e-02  9.29750e-01 
 0.00000e+00  2.19600e-01 -6.57900e-02  9.24370e-01 
 0.00000e+00  1.99550e-01 -6.40100e-02  9.18990e-01 
 0.00000e+00  1.79530e-01 -6.18700e-02  9.13630e-01 
 0.00000e+00  1.39620e-01 -5.64500e-02  9.02940e-01 
 0.00000e+00  1.19760e-01 -5.30800e-02  8.97620e-01 
 0.00000e+00  1.00000e-01 -4.91600e-02  8.92320e-01 
 0.00000e+00  9.23100e-02 -4.74500e-02  8.90260e-01 
 0.00000e+00  8.46400e-02 -4.56300e-02  8.88200e-01 
 0.00000e+00  7.69900e-02 -4.36900e-02  8.86160e-01 
 0.00000e+00  6.93900e-02 -4.16200e-02  8.84120e-01 
 0.00000e+00  6.18200e-02 -3.93900e-02  8.82090e-01 
 0.00000e+00  5.43000e-02 -3.69900e-02  8.80080e-01 
 0.00000e+00  4.68500e-02 -3.43800e-02  8.78080e-01 
 0.00000e+00  3.94700e-02 -3.15500e-02  8.76100e-01 
 0.00000e+00  3.21800e-02 -2.84700e-02  8.74150e-01 
 0.00000e+00  2.50200e-02 -2.51100e-02  8.72230e-01 
 0.00000e+00  1.81300e-02 -2.11800e-02  8.70380e-01 
 0.00000e+00  1.17500e-02 -1.64200e-02  8.68670e-01 
 0.00000e+00  6.09000e-03 -1.07800e-02  8.67160e-01 
 0.00000e+00  1.97000e-03 -3.88000e-03  8.66050e-01 
 0.00000e+00  0.00000e+00  3.96000e-03  8.65530e-01 
 1.00000e+00  1.94000e-03  1.22400e-02  8.66050e-01 
 1.00000e+00  6.29000e-03  1.95300e-02  8.67210e-01 
 1.00000e+00  1.17700e-02  2.59600e-02  8.68680e-01 
 1.00000e+00  1.80400e-02  3.15700e-02  8.70360e-01 
 1.00000e+00  2.47900e-02  3.65600e-02  8.72170e-01 
 1.00000e+00  3.17600e-02  4.12100e-02  8.74040e-01 
 1.00000e+00  3.89200e-02  4.55500e-02  8.75960e-01 
 1.00000e+00  4.62300e-02  4.96000e-02  8.77910e-01 
 1.00000e+00  5.36700e-02  5.34000e-02  8.79910e-01 
 1.00000e+00  6.12100e-02  5.69700e-02  8.81930e-01 
 1.00000e+00  6.88500e-02  6.03300e-02  8.83970e-01 
 1.00000e+00  7.65500e-02  6.35100e-02  8.86040e-01 
 1.00000e+00  8.43200e-02  6.65300e-02  8.88120e-01 
 1.00000e+00  9.21300e-02  6.93900e-02  8.90210e-01 
 1.00000e+00  1.00000e-01  7.21100e-02  8.92320e-01 
 1.00000e+00  1.19480e-01  7.82500e-02  8.97540e-01 
 1.00000e+00  1.39150e-01  8.36800e-02  9.02810e-01 
 1.00000e+00  1.78890e-01  9.28400e-02  9.13460e-01 
 1.00000e+00  1.98910e-01  9.66400e-02  9.18820e-01 
 1.00000e+00  2.19020e-01  9.99400e-02  9.24210e-01 
 1.00000e+00  2.39190e-01  1.02770e-01  9.29620e-01 
 1.00000e+00  2.59420e-01  1.05150e-01  9.35040e-01 
 1.00000e+00  2.79690e-01  1.07090e-01  9.40470e-01 
 1.00000e+00  3.00000e-01  1.08620e-01  9.45910e-01 
 1.00000e+00  3.20010e-01  1.09710e-01  9.51270e-01 
 1.00000e+00  3.40040e-01  1.10380e-01  9.56640e-01 
 1.00000e+00  3.60080e-01  1.10600e-01  9.62010e-01 
 1.00000e+00  3.80120e-01  1.10390e-01  9.67380e-01 
 1.00000e+00  4.00150e-01  1.09770e-01  9.72740e-01 
 1.00000e+00  4.20160e-01  1.08780e-01  9.78110e-01 
 1.00000e+00  4.33500e-01  1.07920e-01  9.81680e-01 
 1.00000e+00  4.40160e-01  1.07430e-01  9.83470e-01 
 1.00000e+00  4.46820e-01  1.06910e-01  9.85250e-01 
 1.00000e+00  4.60140e-01  1.05750e-01  9.88820e-01 
 1.00000e+00  4.73440e-01  1.04450e-01  9.92380e-01 
 1.00000e+00  4.80080e-01  1.03760e-01  9.94160e-01 
 1.00000e+00  4.86730e-01  1.03020e-01  9.95940e-01 
 1.00000e+00  5.00000e-01  1.01460e-01  9.99500e-01 
 1.00000e+00  5.00000e-01  1.01460e-01  8.65530e-01 
 1.00000e+00  5.40420e-01  9.59700e-02  8.76360e-01 
 1.00000e+00  5.80710e-01  8.95200e-02  8.87150e-01 
 1.00000e+00  6.60900e-01  7.42600e-02  9.08640e-01 
 1.00000e+00  7.00830e-01  6.57400e-02  9.19340e-01 
 1.00000e+00  7.40680e-01  5.68200e-02  9.30020e-01 
 1.00000e+00  7.80490e-01  4.77000e-02  9.40680e-01 
 1.00000e+00  8.20290e-01  3.85300e-02  9.51350e-01 
 1.00000e+00  8.60110e-01  2.95100e-02  9.62020e-01 
 1.00000e+00  9.00000e-01  2.07700e-02  9.72710e-01 
 1.00000e+00  9.14240e-01  1.77000e-02  9.76520e-01 
 1.00000e+00  9.28500e-01  1.47200e-02  9.80340e-01 
 1.00000e+00  9.42790e-01  1.18900e-02  9.84170e-01 
 1.00000e+00  9.57110e-01  9.27000e-03  9.88010e-01 
 1.00000e+00  9.71460e-01  6.79000e-03  9.91850e-01 
 1.00000e+00  9.85800e-01  4.22000e-03  9.95690e-01 
 0.00000e+00 -2.85000e+00 -1.50000e+00  7.27000e-01 
 0.00000e+00 -2.55000e+00 -1.50000e+00  7.27000e-01 
 0.00000e+00 -2.35000e+00 -1.50000e+00  7.27000e-01 
 0.00000e+00 -2.15000e+00 -1.50000e+00  7.27000e-01 
 0.00000e+00 -1.95000e+00 -1.50000e+00  7.27000e-01 
 0.00000e+00 -1.85000e+00 -1.50000e+00  7.27000e-01 
 0.00000e+00 -1.75000e+00 -1.50000e+00  7.27000e-01 
 0.00000e+00 -1.65000e+00 -1.50000e+00  7.27000e-01 
 0.00000e+00 -1.55000e+00 -1.50000e+00  7.27000e-01 
 0.00000e+00 -1.45000e+00 -1.50000e+00  7.27000e-01 
 0.00000e+00 -1.35000e+00 -1.50000e+00  7.27000e-01 
 0.00000e+00 -1.25000e+00 -1.50000e+00  7.27000e-01 
 0.00000e+00 -1.15000e+00 -1.50000e+00  7.27000e-01 
 0.00000e+00 -1.05000e+00 -1.50000e+00  7.27000e-01 
 0.00000e+00 -9.50000e-01 -1.50000e+00  7.27000e-01 
 0.00000e+00 -8.50000e-01 -1.50000e+00  7.27000e-01 
 0.00000e+00 -7.50000e-01 -1.50000e+00  7.27000e-01 
 0.00000e+00 -6.50000e-01 -1.50000e+00  7.27000e-01 
 0.00000e+00 -5.50000e-01 -1.50000e+00  7.27000e-01 
 0.00000e+00 -4.50000e-01 -1.50000e+00  7.27000e-01 
 0.00000e+00 -3.50000e-01 -1.50000e+00  7.27000e-01 
 0.00000e+00 -2.50000e-01 -1.50000e+00  7.27000e-01 
 0.00000e+00 -1.50000e-01 -1.50000e+00  7.27000e-01 
 0.00000e+00 -5.00000e-02 -1.50000e+00  7.27000e-01 
 0.00000e+00  5.00000e-02 -1.50000e+00  7.27000e-01 
 0.00000e+00  1.50000e-01 -1.50000e+00  7.27000e-01 
 0.00000e+00  2.50000e-01 -1.50000e+00  7.27000e-01 
 0.00000e+00  3.50000e-01 -1.50000e+00  7.27000e-01 
 0.00000e+00  4.50000e-01 -1.50000e+00  7.27000e-01 
 0.00000e+00  5.50000e-01 -1.50000e+00  7.27000e-01 
 0.00000e+00  6.50000e-01 -1.50000e+00  7.27000e-01 
 0.00000e+00  7.50000e-01 -1.50000e+00  7.27000e-01 
 0.00000e+00  8.50000e-01 -1.50000e+00  7.27000e-01 
 0.00000e+00  9.50000e-01 -1.50000e+00  7.27000e-01 
 0.00000e+00  1.05000e+00 -1.50000e+00  7.27000e-01 
 0.00000e+00  1.15000e+00 -1.50000e+00  7.27000e-01 
 0.00000e+00  1.25000e+00 -1.50000e+00  7.27000e-01 
 0.00000e+00  1.35000e+00 -1.50000e+00  7.27000e-01 
 0.00000e+00  1.45000e+00 -1.50000e+00  7.27000e-01 
 0.00000e+00  1.55000e+00 -1.50000e+00  7.27000e-01 
 0.00000e+00  1.65000e+00 -1.50000e+00  7.27000e-01 
 0.00000e+00  1.75000e+00 -1.50000e+00  7.27000e-01 
 0.00000e+00  1.85000e+00 -1.50000e+00  7.27000e-01 
 0.00000e+00  1.95000e+00 -1.50000e+00  7.27000e-01 
 0.00000e+00  2.15000e+00 -1.50000e+00  7.27000e-01 
 0.00000e+00  2.35000e+00 -1.50000e+00  7.27000e-01 
 0.00000e+00  2.55000e+00 -1.50000e+00  7.27000e-01 
 0.00000e+00  2.85000e+00 -1.50000e+00  7.27000e-01 
 1.00000e+00 -2.85000e+00  1.50000e+00  7.27000e-01 
 1.00000e+00 -2.55000e+00  1.50000e+00  7.27000e-01 
 1.00000e+00 -2.35000e+00  1.50000e+00  7.27000e-01 
 1.00000e+00 -2.15000e+00  1.50000e+00  7.27000e-01 
 1.00000e+00 -1.95000e+00  1.50000e+00  7.27000e-01 
 1.00000e+00 -1.85000e+00  1.50000e+00  7.27000e-01 
 1.00000e+00 -1.75000e+00  1.50000e+00  7.27000e-01 
 1.00000e+00 -1.65000e+00  1.50000e+00  7.27000e-01 
 1.00000e+00 -1.55000e+00  1.50000e+00  7.27000e-01 
 1.00000e+00 -1.45000e+00  1.50000e+00  7.27000e-01 
 1.00000e+00 -1.35000e+00  1.50000e+00  7.27000e-01 
 1.00000e+00 -1.25000e+00  1.50000e+00  7.27000e-01 
 1.00000e+00 -1.15000e+00  1.50000e+00  7.27000e-01 
 1.00000e+00 -1.05000e+00  1.50000e+00  7.27000e-01 
 1.00000e+00 -9.50000e-01  1.50000e+00  7.27000e-01 
 1.00000e+00 -8.50000e-01  1.50000e+00  7.27000e-01 
 1.00000e+00 -7.50000e-01  1.50000e+00  7.27000e-01 
 1.00000e+00 -6.50000e-01  1.50000e+00  7.27000e-01 
 1.00000e+00 -5.50000e-01  1.50000e+00  7.27000e-01 
 1.00000e+00 -4.50000e-01  1.50000e+00  7.27000e-01 
 1.00000e+00 -3.50000e-01  1.50000e+00  7.27000e-01 
 1.00000e+00 -2.50000e-01  1.50000e+00  7.27000e-01 
 1.00000e+00 -1.50000e-01  1.50000e+00  7.27000e-01 
 1.00000e+00 -5.00000e-02  1.50000e+00  7.27000e-01 
 1.00000e+00  5.00000e-02  1.50000e+00  7.27000e-01 
 1.00000e+00  1.50000e-01  1.50000e+00  7.27000e-01 
 1.00000e+00  2.50000e-01  1.50000e+00  7.27000e-01 
 1.00000e+00  3.50000e-01  1.50000e+00  7.27000e-01 
 1.00000e+00  4.50000e-01  1.50000e+00  7.27000e-01 
 1.00000e+00  5.50000e-01  1.50000e+00  7.27000e-01 
 1.00000e+00  6.50000e-01  1.50000e+00  7.27000e-01 
 1.00000e+00  7.50000e-01  1.50000e+00  7.27000e-01 
 1.00000e+00  8.50000e-01  1.50000e+00  7.27000e-01 
 1.00000e+00  9.50000e-01  1.50000e+00  7.27000e-01 
 1.00000e+00  1.05000e+00  1.50000e+00  7.27000e-01 
 1.00000e+00  1.15000e+00  1.50000e+00  7.27000e-01 
 1.00000e+00  1.25000e+00  1.50000e+00  7.27000e-01 
 1.00000e+00  1.35000e+00  1.50000e+00  7.27000e-01 
 1.00000e+00  1.45000e+00  1.50000e+00  7.27000e-01 
 1.00000e+00  1.55000e+00  1.50000e+00  7.27000e-01 
 1.00000e+00  1.65000e+00  1.50000e+00  7.27000e-01 
 1.00000e+00  1.75000e+00  1.50000e+00  7.27000e-01 
 1.00000e+00  1.85000e+00  1.50000e+00  7.27000e-01 
 1.00000e+00  1.95000e+00  1.50000e+00  7.27000e-01 
 1.00000e+00  2.15000e+00  1.50000e+00  7.27000e-01 
 1.00000e+00  2.35000e+00  1.50000e+00  7.27000e-01 
 1.00000e+00  2.55000e+00  1.50000e+00  7.27000e-01 
 1.00000e+00  2.85000e+00  1.50000e+00  7.27000e-01 
 2.00000e+00 -2.85000e+00 -1.50000e+00  1.26700e+00 
 2.00000e+00 -1.95000e+00 -1.50000e+00  1.26700e+00 
 2.00000e+00 -1.35000e+00 -1.50000e+00  1.26700e+00 
 2.00000e+00 -9.50000e-01 -1.50000e+00  1.26700e+00 
 2.00000e+00 -6.50000e-01 -1.50000e+00  1.26700e+00 
 2.00000e+00 -4.50000e-01 -1.50000e+00  1.26700e+00 
 2.00000e+00 -2.50000e-01 -1.50000e+00  1.26700e+00 
 2.00000e+00 -5.00000e-02 -1.50000e+00  1.26700e+00 
 2.00000e+00  5.00000e-02 -1.50000e+00  1.26700e+00 
 2.00000e+00  2.50000e-01 -1.50000e+00  1.26700e+00 
 2.00000e+00  4.50000e-01 -1.50000e+00  1.26700e+00 
 2.00000e+00  6.50000e-01 -1.50000e+00  1.26700e+00 
 2.00000e+00  9.50000e-01 -1.50000e+00  1.26700e+00 
 2.00000e+00  1.35000e+00 -1.50000e+00  1.26700e+00 
 2.00000e+00  1.95000e+00 -1.50000e+00  1.26700e+00 
 2.00000e+00  2.85000e+00 -1.50000e+00  1.26700e+00 
 3.00000e+00 -2.85000e+00  1.50000e+00  1.26700e+00 
 3.00000e+00 -1.95000e+00  1.50000e+00  1.26700e+00 
 3.00000e+00 -1.35000e+00  1.50000e+00  1.26700e+00 
 3.00000e+00 -9.50000e-01  1.50000e+00  1.26700e+00 
 3.00000e+00 -6.50000e-01  1.50000e+00  1.26700e+00 
 3.00000e+00 -4.50000e-01  1.50000e+00  1.26700e+00 
 3.00000e+00 -2.50000e-01  1.50000e+00  1.26700e+00 
 3.00000e+00 -5.00000e-02  1.50000e+00  1.26700e+00 
 3.00000e+00  5.00000e-02  1.50000e+00  1.26700e+00 
 3.00000e+00  2.50000e-01  1.50000e+00  1.26700e+00 
 3.00000e+00  4.50000e-01  1.50000e+00  1.26700e+00 
 3.00000e+00  6.50000e-01  1.50000e+00  1.26700e+00 
 3.00000e+00  9.50000e-01  1.50000e+00  1.26700e+00 
 3.00000e+00  1.35000e+00  1.50000e+00  1.26700e+00 
 3.00000e+00  1.95000e+00  1.50000e+00  1.26700e+00 
 3.00000e+00  2.85000e+00  1.50000e+00  1.26700e+00 
 0.00000e+00  2.70000e+00 -3.47500e-01  0.00000e+00 
 0.00000e+00  2.70000e+00 -3.17500e-01  0.00000e+00 
 0.00000e+00  2.70000e+00 -2.87500e-01  0.00000e+00 
 0.00000e+00  2.70000e+00 -2.67500e-01  0.00000e+00 
 0.00000e+00  2.70000e+00 -2.47500e-01  0.00000e+00 
 0.00000e+00  2.70000e+00 -2.32500e-01  0.00000e+00 
 0.00000e+00  2.70000e+00 -2.17500e-01  0.00000e+00 
 0.00000e+00  2.70000e+00 -2.07500e-01  0.00000e+00 
 0.00000e+00  2.70000e+00 -1.97500e-01  0.00000e+00 
 0.00000e+00  2.70000e+00 -1.92500e-01  0.00000e+00 
 0.00000e+00  2.70000e+00 -1.87500e-01  0.00000e+00 
 0.00000e+00  2.70000e+00 -1.82500e-01  0.00000e+00 
 0.00000e+00  2.70000e+00 -1.77500e-01  0.00000e+00 
 0.00000e+00  2.70000e+00 -1.72500e-01  0.00000e+00 
 0.00000e+00  2.70000e+00 -1.67500e-01  0.00000e+00 
 0.00000e+00  2.70000e+00 -1.62500e-01  0.00000e+00 
 0.00000e+00  2.70000e+00 -1.57500e-01  0.00000e+00 
 0.00000e+00  2.70000e+00 -1.52500e-01  0.00000e+00 
 0.00000e+00  2.70000e+00 -1.47500e-01  0.00000e+00 
 0.00000e+00  2.70000e+00 -1.42500e-01  0.00000e+00 
 0.00000e+00  2.70000e+00 -1.37500e-01  0.00000e+00 
 0.00000e+00  2.70000e+00 -1.32500e-01  0.00000e+00 
 0.00000e+00  2.70000e+00 -1.27500e-01  0.00000e+00 
 0.00000e+00  2.70000e+00 -1.22500e-01  0.00000e+00 
 0.00000e+00  2.70000e+00 -1.17500e-01  0.00000e+00 
 0.00000e+00  2.70000e+00 -1.12500e-01  0.00000e+00 
 0.00000e+00  2.70000e+00 -1.07500e-01  0.00000e+00 
 0.00000e+00  2.70000e+00 -1.02500e-01  0.00000e+00 
 0.00000e+00  2.70000e+00 -9.75000e-02  0.00000e+00 
 0.00000e+00  2.70000e+00 -9.25000e-02  0.00000e+00 
 0.00000e+00  2.70000e+00 -8.75000e-02  0.00000e+00 
 0.00000e+00  2.70000e+00 -8.25000e-02  0.00000e+00 
 0.00000e+00  2.70000e+00 -7.75000e-02  0.00000e+00 
 0.00000e+00  2.70000e+00 -7.25000e-02  0.00000e+00 
 0.00000e+00  2.70000e+00 -6.75000e-02  0.00000e+00 
 0.00000e+00  2.70000e+00 -6.25000e-02  0.00000e+00 
 0.00000e+00  2.70000e+00 -5.75000e-02  0.00000e+00 
 0.00000e+00  2.70000e+00 -5.25000e-02  0.00000e+00 
 0.00000e+00  2.70000e+00 -4.75000e-02  0.00000e+00 
 0.00000e+00  2.70000e+00 -4.25000e-02  0.00000e+00 
 0.00000e+00  2.70000e+00 -3.75000e-02  0.00000e+00 
 0.00000e+00  2.70000e+00 -3.25000e-02  0.00000e+00 
 0.00000e+00  2.70000e+00 -2.75000e-02  0.00000e+00 
 0.00000e+00  2.70000e+00 -2.25000e-02  0.00000e+00 
 0.00000e+00  2.70000e+00 -1.75000e-02  0.00000e+00 
 0.00000e+00  2.70000e+00 -1.25000e-02  0.00000e+00 
 0.00000e+00  2.70000e+00 -7.50000e-03  0.00000e+00 
 0.00000e+00  2.70000e+00 -2.50000e-03  0.00000e+00 
 0.00000e+00  2.70000e+00  2.50000e-03  0.00000e+00 
 0.00000e+00  2.70000e+00  7.50000e-03  0.00000e+00 
 0.00000e+00  2.70000e+00  1.25000e-02  0.00000e+00 
 0.00000e+00  2.70000e+00  1.75000e-02  0.00000e+00 
 0.00000e+00  2.70000e+00  2.25000e-02  0.00000e+00 
 0.00000e+00  2.70000e+00  2.75000e-02  0.00000e+00 
 0.00000e+00  2.70000e+00  3.25000e-02  0.00000e+00 
 0.00000e+00  2.70000e+00  3.75000e-02  0.00000e+00 
 0.00000e+00  2.70000e+00  4.25000e-02  0.00000e+00 
 0.00000e+00  2.70000e+00  4.75000e-02  0.00000e+00 
 0.00000e+00  2.70000e+00  5.25000e-02  0.00000e+00 
 0.00000e+00  2.70000e+00  5.75000e-02  0.00000e+00 
 0.00000e+00  2.70000e+00  6.25000e-02  0.00000e+00 
 0.00000e+00  2.70000e+00  6.75000e-02  0.00000e+00 
 0.00000e+00  2.70000e+00  7.25000e-02  0.00000e+00 
 0.00000e+00  2.70000e+00  7.75000e-02  0.00000e+00 
 0.00000e+00  2.70000e+00  8.25000e-02  0.00000e+00 
 0.00000e+00  2.70000e+00  8.75000e-02  0.00000e+00 
 0.00000e+00  2.70000e+00  9.25000e-02  0.00000e+00 
 0.00000e+00  2.70000e+00  9.75000e-02  0.00000e+00 
 0.00000e+00  2.70000e+00  1.02500e-01  0.00000e+00 
 0.00000e+00  2.70000e+00  1.07500e-01  0.00000e+00 
 0.00000e+00  2.70000e+00  1.12500e-01  0.00000e+00 
 0.00000e+00  2.70000e+00  1.17500e-01  0.00000e+00 
 0.00000e+00  2.70000e+00  1.22500e-01  0.00000e+00 
 0.00000e+00  2.70000e+00  1.27500e-01  0.00000e+00 
 0.00000e+00  2.70000e+00  1.32500e-01  0.00000e+00 
 0.00000e+00  2.70000e+00  1.37500e-01  0.00000e+00 
 0.00000e+00  2.70000e+00  1.42500e-01  0.00000e+00 
 0.00000e+00  2.70000e+00  1.47500e-01  0.00000e+00 
 0.00000e+00  2.70000e+00  1.52500e-01  0.00000e+00 
 0.00000e+00  2.70000e+00  1.57500e-01  0.00000e+00 
 0.00000e+00  2.70000e+00  1.62500e-01  0.00000e+00 
 0.00000e+00  2.70000e+00  1.67500e-01  0.00000e+00 
 0.00000e+00  2.70000e+00  1.72500e-01  0.00000e+00 
 0.00000e+00  2.70000e+00  1.77500e-01  0.00000e+00 
 0.00000e+00  2.70000e+00  1.82500e-01  0.00000e+00 
 0.00000e+00  2.70000e+00  1.87500e-01  0.00000e+00 
 0.00000e+00  2.70000e+00  1.92500e-01  0.00000e+00 
 0.00000e+00  2.70000e+00  1.97500e-01  0.00000e+00 
 0.00000e+00  2.70000e+00  2.07500e-01  0.00000e+00 
 0.00000e+00  2.70000e+00  2.17500e-01  0.00000e+00 
 0.00000e+00  2.70000e+00  2.32500e-01  0.00000e+00 
 0.00000e+00  2.70000e+00  2.47500e-01  0.00000e+00 
 0.00000e+00  2.70000e+00  2.67500e-01  0.00000e+00 
 0.00000e+00  2.70000e+00  2.87500e-01  0.00000e+00 
 0.00000e+00  2.70000e+00  3.17500e-01  0.00000e+00 
 0.00000e+00  2.70000e+00  3.47500e-01  0.00000e+00 
