-3.02997e+00  1.97114e+00  7.97033e+00 
 4.38352e+01  4.37606e+01  4.34697e+01 
 1.86659e+01  1.89029e+01  1.91090e+01 
 2.94354e+06  2.93449e+06  2.91166e+06 
 1.16580e+03  1.16097e+03  1.14491e+03 
 1.02057e+05  1.02060e+05  1.02070e+05 
 1.92645e+02  1.80746e+02  4.77540e+01 
 2.55814e+02  2.78840e+02  2.32900e+02 
 2.94665e+02  3.35328e+02  3.20401e+02 
 2.95421e+02  3.44605e+02  3.44367e+02 
 2.82184e+02  3.35740e+02  3.46286e+02 
 2.64074e+02  3.20395e+02  3.39968e+02 
 2.21468e+02  2.86352e+02  3.23115e+02 
 1.68020e+02  2.43439e+02  2.97541e+02 
 1.18644e+02  2.07177e+02  2.79883e+02 
 5.43364e+01  1.57163e+02  2.50383e+02 
-1.87893e+01  1.01033e+02  2.20441e+02 
-8.97776e+01  4.95747e+01  1.62019e+02 
-1.96077e+02 -1.82853e+01  1.21637e+02 
-2.36491e+02 -3.94589e+01  1.01907e+02 
-3.08081e+02 -8.80080e+01  8.64695e+01 
-4.07840e+02 -1.98887e+02  5.39885e+01 
-4.01586e+02 -1.96585e+02  5.48618e+01 
-4.87620e+02 -2.36570e+02  3.84825e+01 
-5.50315e+02 -2.74220e+02  2.98543e+01 
-6.60900e+02 -3.12128e+02  2.78578e+01 
-7.13981e+02 -3.28508e+02  4.64902e+01 
-7.43104e+02 -3.17270e+02  9.25767e+01 
-7.55302e+02 -3.07865e+02  1.18174e+02 
-7.49429e+02 -2.85229e+02  1.57409e+02 
-7.46490e+02 -2.55648e+02  2.02367e+02 
-7.61829e+02 -2.44742e+02  2.34296e+02 
-7.53569e+02 -2.12028e+02  2.82726e+02 
-7.71559e+02 -1.91505e+02  3.30593e+02 
-8.29961e+02 -1.56516e+02  4.28401e+02 
-8.43922e+02 -1.15942e+02  4.99400e+02 
-8.62364e+02 -6.74572e+01  5.80921e+02 
-8.66938e+02 -3.95745e+01  6.20850e+02 
-8.79650e+02 -1.98072e+01  6.53803e+02 
-8.86900e+02  1.09493e+01  6.96660e+02 
-8.87920e+02  5.07785e+01  7.48582e+02 
-9.11762e+02  7.36040e+01  7.86274e+02 
-9.17542e+02  1.17895e+02  8.41415e+02 
-9.14981e+02  1.75609e+02  8.99282e+02 
-9.16101e+02  2.41510e+02  9.62031e+02 
-9.34846e+02  3.19460e+02  1.02855e+03 
-9.90914e+02  3.90584e+02  1.08607e+03 
-9.93169e+02  5.28875e+02  1.12653e+03 
-8.56619e+02  7.31164e+02  1.09189e+03 
-5.21967e+02  9.82951e+02  8.38108e+02 
 2.08478e+02  1.14670e+03 -2.00303e+01 
 8.64553e+02  8.70273e+02 -1.89133e+03 
 1.15245e+03  2.52529e+02 -2.85238e+03 
 1.03357e+03 -1.75482e+02 -3.02507e+03 
 8.31822e+02 -4.75953e+02 -3.06513e+03 
 6.53254e+02 -6.30526e+02 -2.93655e+03 
 5.16585e+02 -7.00254e+02 -2.75805e+03 
 3.99513e+02 -7.64328e+02 -2.64479e+03 
 2.97487e+02 -8.20359e+02 -2.56042e+03 
 2.04576e+02 -8.71835e+02 -2.49533e+03 
 1.24921e+02 -9.12610e+02 -2.43836e+03 
 5.32941e+01 -9.50996e+02 -2.39318e+03 
-6.79979e+00 -9.77532e+02 -2.34563e+03 
-6.16717e+01 -1.00018e+03 -2.30226e+03 
-1.12355e+02 -1.02169e+03 -2.26537e+03 
-1.61321e+02 -1.04212e+03 -2.22199e+03 
-2.00804e+02 -1.05739e+03 -2.15414e+03 
-2.95706e+02 -1.09864e+03 -2.07496e+03 
-3.64599e+02 -1.11650e+03 -2.01184e+03 
-5.16322e+02 -1.18930e+03 -2.00069e+03 
-5.63855e+02 -1.19855e+03 -1.94914e+03 
-6.11389e+02 -1.20781e+03 -1.89759e+03 
-6.27302e+02 -1.19918e+03 -1.81021e+03 
-6.75466e+02 -1.22325e+03 -1.81098e+03 
-7.05474e+02 -1.22965e+03 -1.77307e+03 
-7.28038e+02 -1.22783e+03 -1.74117e+03 
-7.47862e+02 -1.22459e+03 -1.69758e+03 
-7.60430e+02 -1.21389e+03 -1.65284e+03 
-7.61389e+02 -1.19150e+03 -1.59491e+03 
-7.49139e+02 -1.15781e+03 -1.52745e+03 
-7.38834e+02 -1.12627e+03 -1.46955e+03 
-7.21963e+02 -1.09217e+03 -1.39355e+03 
-7.08211e+02 -1.06886e+03 -1.34940e+03 
-7.01580e+02 -1.05401e+03 -1.32681e+03 
-6.96045e+02 -1.03246e+03 -1.29651e+03 
-6.80415e+02 -9.76682e+02 -1.25833e+03 
-6.63552e+02 -9.29298e+02 -1.20960e+03 
-6.54534e+02 -9.13394e+02 -1.18576e+03 
-6.44814e+02 -8.95785e+02 -1.15744e+03 
-6.28915e+02 -8.69041e+02 -1.11297e+03 
-6.28066e+02 -8.63325e+02 -1.11212e+03 
-5.78202e+02 -7.80221e+02 -9.67177e+02 
-4.74276e+02 -6.99730e+02 -8.37691e+02 
-3.36084e+02 -4.91894e+02 -5.64856e+02 
-2.61827e+02 -3.94365e+02 -4.47280e+02 
-1.87570e+02 -2.96835e+02 -3.29704e+02 
-1.21493e+02 -2.10207e+02 -2.34738e+02 
-6.12003e+01 -1.32414e+02 -1.56856e+02 
-4.61519e+00 -5.91655e+01 -9.60034e+01 
 5.73772e+01  1.68473e+01 -4.16276e+01 
 7.82221e+01  4.16273e+01 -2.67611e+01 
 9.82679e+01  6.65805e+01 -1.22262e+01 
 1.15318e+02  8.88362e+01  1.45398e+00 
 1.26557e+02  1.06032e+02  1.41619e+01 
 1.33678e+02  1.22301e+02  2.76695e+01 
 1.38807e+02  1.36495e+02  3.73220e+01 
-1.05787e+01  5.86107e+00  1.97374e+01 
-2.15309e+01  1.71994e-01  1.93008e+01 
-2.24191e+01  3.60611e+00  2.72172e+01 
-2.12027e+01  9.96423e+00  3.83900e+01 
-2.38751e+01  1.35801e+01  4.80557e+01 
-2.57120e+01  1.54361e+01  5.32485e+01 
-2.84959e+01  1.65042e+01  5.81450e+01 
-3.50556e+01  1.45574e+01  6.06003e+01 
-3.57871e+01  1.83621e+01  6.85336e+01 
-3.65186e+01  2.21668e+01  7.64670e+01 
-3.69961e+01  2.65577e+01  8.53996e+01 
-3.73562e+01  3.13735e+01  9.47388e+01 
-4.36504e+01  3.10801e+01  9.98201e+01 
-4.56714e+01  3.43475e+01  1.07800e+02 
-5.13697e+01  3.46320e+01  1.13183e+02 
-5.64131e+01  3.52461e+01  1.18423e+02 
-7.12513e+01  2.75150e+01  1.16924e+02 
-7.03462e+01  3.23485e+01  1.24831e+02 
-7.79349e+01  2.97645e+01  1.26345e+02 
-7.81842e+01  3.27652e+01  1.31664e+02 
-7.82418e+01  3.48395e+01  1.35529e+02 
-8.17566e+01  3.33952e+01  1.36057e+02 
-8.41879e+01  3.19323e+01  1.34658e+02 
-8.17947e+01  3.28207e+01  1.34057e+02 
-7.94015e+01  3.37091e+01  1.33455e+02 
-7.51650e+01  3.48504e+01  1.31969e+02 
-6.99261e+01  3.64409e+01  1.30219e+02 
-6.77899e+01  3.42597e+01  1.24185e+02 
-6.22485e+01  3.54379e+01  1.20796e+02 
-5.67994e+01  3.54848e+01  1.16051e+02 
-5.36027e+01  3.32562e+01  1.08772e+02 
-5.28821e+01  2.87538e+01  9.95324e+01 
-5.15058e+01  2.47438e+01  9.05094e+01 
-4.44857e+01  2.61580e+01  8.63589e+01 
-4.46223e+01  2.08501e+01  7.64795e+01 
-3.82201e+01  2.17624e+01  7.27131e+01 
-3.48136e+01  2.03376e+01  6.60462e+01 
-3.34283e+01  1.70464e+01  5.86196e+01 
-3.00774e+01  1.61266e+01  5.35370e+01 
-2.75467e+01  1.47156e+01  4.84573e+01 
-2.39517e+01  1.46233e+01  4.48246e+01 
-2.37727e+01  1.13828e+01  3.85739e+01 
-2.37864e+01  8.23438e+00  3.21743e+01 
-2.78271e+01  1.58613e+00  2.31327e+01 
-3.07098e+01 -6.39647e+00  1.04007e+01 
-4.05514e+01 -2.02950e+01 -7.38946e+00 
-4.75521e+01 -3.07246e+01 -2.11026e+01 
-5.95192e+01 -4.64885e+01 -4.04295e+01 
-1.17560e+01 -2.36831e+01 -3.90951e+01 
-1.29808e+01 -2.99413e+01 -5.07076e+01 
-1.34241e+01 -3.48259e+01 -6.03243e+01 
-1.25520e+01 -3.91339e+01 -7.02369e+01 
-1.60884e+01 -4.93177e+01 -8.74974e+01 
-1.66650e+01 -5.34598e+01 -9.56757e+01 
-1.76321e+01 -5.82493e+01 -1.04892e+02 
-2.00578e+01 -6.50206e+01 -1.16491e+02 
-2.15729e+01 -7.12211e+01 -1.27996e+02 
-2.84886e+01 -8.34701e+01 -1.46237e+02 
-3.05090e+01 -9.10485e+01 -1.59920e+02 
-2.87959e+01 -9.46417e+01 -1.69731e+02 
-3.08803e+01 -1.02325e+02 -1.84194e+02 
-3.25903e+01 -1.10029e+02 -1.99119e+02 
-3.34019e+01 -1.16452e+02 -2.12313e+02 
-3.89555e+01 -1.28266e+02 -2.30729e+02 
-4.19443e+01 -1.37066e+02 -2.46226e+02 
-4.41230e+01 -1.44270e+02 -2.59603e+02 
-4.74983e+01 -1.52051e+02 -2.72491e+02 
-5.36606e+01 -1.62143e+02 -2.87394e+02 
-5.93642e+01 -1.71035e+02 -2.99380e+02 
-6.32623e+01 -1.76588e+02 -3.06924e+02 
-7.10253e+01 -1.85492e+02 -3.16749e+02 
-7.21814e+01 -1.85591e+02 -3.15093e+02 
-7.56933e+01 -1.87712e+02 -3.15267e+02 
-7.49876e+01 -1.84041e+02 -3.08079e+02 
-7.35754e+01 -1.78749e+02 -2.97815e+02 
-7.70141e+01 -1.78429e+02 -2.92670e+02 
-6.92391e+01 -1.64581e+02 -2.72092e+02 
-6.83939e+01 -1.58355e+02 -2.60516e+02 
-6.47456e+01 -1.49166e+02 -2.44501e+02 
-6.19240e+01 -1.40394e+02 -2.29193e+02 
-6.54502e+01 -1.38552e+02 -2.21283e+02 
-5.92819e+01 -1.26261e+02 -2.02349e+02 
-5.55017e+01 -1.17028e+02 -1.87125e+02 
-5.13031e+01 -1.07032e+02 -1.71227e+02 
-4.72166e+01 -9.85897e+01 -1.57692e+02 
-4.85695e+01 -9.52150e+01 -1.49465e+02 
-4.85049e+01 -9.08281e+01 -1.40476e+02 
-4.22641e+01 -8.05608e+01 -1.25861e+02 
-4.12079e+01 -7.57762e+01 -1.17275e+02 
-4.27373e+01 -7.37730e+01 -1.11884e+02 
-4.04741e+01 -6.85000e+01 -1.03641e+02 
-4.07702e+01 -6.57553e+01 -9.78453e+01 
-4.12085e+01 -6.11228e+01 -8.78860e+01 
-4.03178e+01 -5.62768e+01 -7.89695e+01 
-4.72869e+01 -5.97840e+01 -7.89704e+01 
-5.96897e+01 -6.75589e+01 -8.27862e+01 
-1.39239e+01  2.56692e+00  1.62690e+01 
-2.64859e+01  1.12235e+01  4.59377e+01 
-3.53358e+01  2.81794e+01  8.65968e+01 
-5.22796e+01  3.37751e+01  1.12178e+02 
-6.78269e+01  3.48382e+01  1.27261e+02 
-7.31481e+01  3.71770e+01  1.35899e+02 
-7.85054e+01  3.63685e+01  1.38206e+02 
-7.73324e+01  3.69540e+01  1.38119e+02 
-7.89168e+01  3.41397e+01  1.34163e+02 
-6.91667e+01  3.70882e+01  1.30677e+02 
-6.78891e+01  3.04026e+01  1.16633e+02 
-5.45768e+01  3.23935e+01  1.08201e+02 
-4.43874e+01  2.60246e+01  8.63276e+01 
-2.94620e+01  2.08947e+01  6.26760e+01 
-2.72451e+01  1.80717e+00  2.31132e+01 
-6.07759e+01 -4.75097e+01 -4.15691e+01 
-1.25789e+01 -2.44639e+01 -3.98786e+01 
-1.59054e+01 -4.88182e+01 -8.69083e+01 
-2.36448e+01 -8.37715e+01 -1.52378e+02 
-3.37422e+01 -1.17398e+02 -2.13313e+02 
-4.50479e+01 -1.45533e+02 -2.60415e+02 
-5.21500e+01 -1.60527e+02 -2.85538e+02 
-6.39014e+01 -1.77350e+02 -3.07676e+02 
-7.27679e+01 -1.86638e+02 -3.16143e+02 
-7.14712e+01 -1.83041e+02 -3.10441e+02 
-7.35924e+01 -1.78900e+02 -2.98518e+02 
-7.02505e+01 -1.66071e+02 -2.74135e+02 
-6.53300e+01 -1.49871e+02 -2.44947e+02 
-5.66257e+01 -1.23631e+02 -1.99800e+02 
-4.68100e+01 -9.34270e+01 -1.47832e+02 
-3.78866e+01 -6.29514e+01 -9.50391e+01 
-6.16247e+01 -6.97156e+01 -8.42989e+01 
 1.16764e+03  1.16436e+03  1.14350e+03 
 1.16748e+03  1.16402e+03  1.14288e+03 
 1.16756e+03  1.16422e+03  1.14298e+03 
 1.16750e+03  1.16414e+03  1.14289e+03 
 1.16726e+03  1.16397e+03  1.14236e+03 
 1.16746e+03  1.16419e+03  1.14117e+03 
 1.16737e+03  1.16388e+03  1.13503e+03 
 1.16708e+03  1.16405e+03  1.12847e+03 
 1.16749e+03  1.16422e+03  1.11615e+03 
 1.16756e+03  1.16422e+03  1.10782e+03 
 1.16751e+03  1.16424e+03  1.09921e+03 
 1.16742e+03  1.16438e+03  1.08791e+03 
 1.16707e+03  1.16382e+03  1.07405e+03 
 1.16757e+03  1.16428e+03  1.06373e+03 
 1.16719e+03  1.16397e+03  1.05342e+03 
 1.16711e+03  1.16404e+03  1.03951e+03 
 1.16702e+03  1.16393e+03  1.02641e+03 
 1.16582e+03  1.16214e+03  1.01257e+03 
 1.16731e+03  1.16382e+03  1.00473e+03 
 1.16729e+03  1.16413e+03  9.94527e+02 
 1.16739e+03  1.16427e+03  9.88267e+02 
 1.16735e+03  1.16399e+03  9.81847e+02 
 1.16732e+03  1.16403e+03  9.78897e+02 
 1.16727e+03  1.16414e+03  9.77924e+02 
 1.16734e+03  1.16408e+03  9.79557e+02 
 1.16727e+03  1.16411e+03  9.82588e+02 
 1.16763e+03  1.16416e+03  9.88163e+02 
 1.16725e+03  1.16396e+03  9.95490e+02 
 1.16713e+03  1.16376e+03  1.00222e+03 
 1.16705e+03  1.16339e+03  1.01281e+03 
 1.16747e+03  1.16246e+03  1.02423e+03 
 1.16716e+03  1.15943e+03  1.03501e+03 
 1.16684e+03  1.15640e+03  1.04579e+03 
 1.16663e+03  1.14818e+03  1.05932e+03 
 1.16691e+03  1.13931e+03  1.06993e+03 
 1.16695e+03  1.12360e+03  1.08073e+03 
 1.16698e+03  1.10789e+03  1.09154e+03 
 1.16717e+03  1.09578e+03  1.09891e+03 
 1.16697e+03  1.07324e+03  1.10883e+03 
 1.16700e+03  1.05467e+03  1.11570e+03 
 1.16674e+03  1.04086e+03  1.12080e+03 
 1.16665e+03  1.02845e+03  1.12607e+03 
 1.16703e+03  1.02165e+03  1.13058e+03 
 1.16715e+03  1.02379e+03  1.13378e+03 
 1.16727e+03  1.02593e+03  1.13697e+03 
 1.16735e+03  1.03733e+03  1.13925e+03 
 1.16730e+03  1.04967e+03  1.14044e+03 
 1.16722e+03  1.07062e+03  1.14151e+03 
 1.16726e+03  1.08302e+03  1.14187e+03 
 1.16686e+03  1.10157e+03  1.14209e+03 
 1.16619e+03  1.11689e+03  1.14210e+03 
 1.16493e+03  1.13213e+03  1.14245e+03 
 1.16155e+03  1.14379e+03  1.14254e+03 
 1.15642e+03  1.15200e+03  1.14262e+03 
 1.14932e+03  1.15703e+03  1.14288e+03 
 1.13622e+03  1.16094e+03  1.14276e+03 
 1.12069e+03  1.16280e+03  1.14286e+03 
 1.10167e+03  1.16399e+03  1.14322e+03 
 1.08274e+03  1.16379e+03  1.14286e+03 
 1.06237e+03  1.16411e+03  1.14283e+03 
 1.04345e+03  1.16437e+03  1.14318e+03 
 1.03033e+03  1.16429e+03  1.14327e+03 
 1.02185e+03  1.16411e+03  1.14292e+03 
 1.01978e+03  1.16439e+03  1.14324e+03 
 1.02296e+03  1.16389e+03  1.14220e+03 
 1.03269e+03  1.16387e+03  1.14228e+03 
 1.05076e+03  1.16367e+03  1.14213e+03 
 1.06777e+03  1.16361e+03  1.14174e+03 
 1.08380e+03  1.16350e+03  1.14162e+03 
 1.10863e+03  1.16396e+03  1.14232e+03 
 1.12535e+03  1.16314e+03  1.14148e+03 
 1.13570e+03  1.16389e+03  1.14206e+03 
 1.14907e+03  1.16258e+03  1.14095e+03 
 1.15577e+03  1.16330e+03  1.14165e+03 
 1.16203e+03  1.16305e+03  1.14153e+03 
 1.16436e+03  1.16316e+03  1.14139e+03 
 1.16652e+03  1.16389e+03  1.14209e+03 
 1.16698e+03  1.16353e+03  1.14184e+03 
 1.16711e+03  1.16354e+03  1.14182e+03 
 1.16725e+03  1.16396e+03  1.14216e+03 
 1.16724e+03  1.16382e+03  1.14206e+03 
 1.16688e+03  1.16348e+03  1.14216e+03 
 1.16673e+03  1.16330e+03  1.14210e+03 
 1.16672e+03  1.16312e+03  1.14169e+03 
 1.16645e+03  1.16316e+03  1.14137e+03 
 1.16669e+03  1.16305e+03  1.14163e+03 
 1.16680e+03  1.16341e+03  1.14198e+03 
 1.16663e+03  1.16312e+03  1.14152e+03 
 1.16681e+03  1.16335e+03  1.14185e+03 
 1.16691e+03  1.16345e+03  1.14209e+03 
 1.16649e+03  1.16304e+03  1.14171e+03 
 1.16604e+03  1.16251e+03  1.14109e+03 
 1.16663e+03  1.16339e+03  1.14161e+03 
 1.16666e+03  1.16323e+03  1.14156e+03 
 1.16693e+03  1.16342e+03  1.14215e+03 
 1.16688e+03  1.16347e+03  1.14177e+03 
-3.05823e+02  6.01001e+02  1.59283e+03 
 3.91593e+01  7.86838e+01 -1.32129e+02 
 2.26475e+02  6.67816e+02  1.14968e+03 
-1.96152e+01 -6.82869e+01 -6.34978e+01 
 1.00000e+00  1.00000e+00  0.00000e+00  9.99500e-01 
 0.00000e+00  9.80060e-01  9.70000e-04  9.94160e-01 
 0.00000e+00  9.60050e-01  1.97000e-03  9.88800e-01 
 0.00000e+00  9.40020e-01  2.11000e-03  9.83430e-01 
 0.00000e+00  9.20000e-01  1.41000e-03  9.78060e-01 
 0.00000e+00  9.00000e-01  1.30000e-04  9.72710e-01 
 0.00000e+00  8.59760e-01 -3.47000e-03  9.61920e-01 
 0.00000e+00  8.19630e-01 -8.23000e-03  9.51170e-01 
 0.00000e+00  7.79600e-01 -1.38600e-02  9.40440e-01 
 0.00000e+00  7.39650e-01 -2.00600e-02  9.29740e-01 
 0.00000e+00  6.99760e-01 -2.66000e-02  9.19050e-01 
 0.00000e+00  6.59880e-01 -3.32400e-02  9.08360e-01 
 0.00000e+00  5.99680e-01 -4.30500e-02  8.92240e-01 
 0.00000e+00  5.80050e-01 -4.61100e-02  8.86980e-01 
 0.00000e+00  5.40060e-01 -5.20100e-02  8.76260e-01 
 0.00000e+00  5.00000e-01 -5.73600e-02  8.65530e-01 
 0.00000e+00  5.00000e-01 -5.73600e-02  9.99500e-01 
 0.00000e+00  4.60140e-01 -6.19300e-02  9.88820e-01 
 0.00000e+00  4.20200e-01 -6.56100e-02  9.78120e-01 
 0.00000e+00  3.80180e-01 -6.82400e-02  9.67390e-01 
 0.00000e+00  3.40100e-01 -6.95900e-02  9.56660e-01 
 0.00000e+00  3.00000e-01 -6.95700e-02  9.45910e-01 
 0.00000e+00  2.79880e-01 -6.91000e-02  9.40520e-01 
 0.00000e+00  2.59770e-01 -6.83200e-02  9.35130e-01 
 0.00000e+00  2.39670e-01 -6.72200e-02  9.29750e-01 
 0.00000e+00  2.19600e-01 -6.57900e-02  9.24370e-01 
 0.00000e+00  1.99550e-01 -6.40100e-02  9.18990e-01 
 0.00000e+00  1.79530e-01 -6.18700e-02  9.13630e-01 
 0.00000e+00  1.39620e-01 -5.64500e-02  9.02940e-01 
 0.00000e+00  1.19760e-01 -5.30800e-02  8.97620e-01 
 0.00000e+00  1.00000e-01 -4.91600e-02  8.92320e-01 
 0.00000e+00  9.23100e-02 -4.74500e-02  8.90260e-01 
 0.00000e+00  8.46400e-02 -4.56300e-02  8.88200e-01 
 0.00000e+00  7.69900e-02 -4.36900e-02  8.86160e-01 
 0.00000e+00  6.93900e-02 -4.16200e-02  8.84120e-01 
 0.00000e+00  6.18200e-02 -3.93900e-02  8.82090e-01 
 0.00000e+00  5.43000e-02 -3.69900e-02  8.80080e-01 
 0.00000e+00  4.68500e-02 -3.43800e-02  8.78080e-01 
 0.00000e+00  3.94700e-02 -3.15500e-02  8.76100e-01 
 0.00000e+00  3.21800e-02 -2.84700e-02  8.74150e-01 
 0.00000e+00  2.50200e-02 -2.51100e-02  8.72230e-01 
 0.00000e+00  1.81300e-02 -2.11800e-02  8.70380e-01 
 0.00000e+00  1.17500e-02 -1.64200e-02  8.68670e-01 
 0.00000e+00  6.09000e-03 -1.07800e-02  8.67160e-01 
 0.00000e+00  1.97000e-03 -3.88000e-03  8.66050e-01 
 0.00000e+00  0.00000e+00  3.96000e-03  8.65530e-01 
 1.00000e+00  1.94000e-03  1.22400e-02  8.66050e-01 
 1.00000e+00  6.29000e-03  1.95300e-02  8.67210e-01 
 1.00000e+00  1.17700e-02  2.59600e-02  8.68680e-01 
 1.00000e+00  1.80400e-02  3.15700e-02  8.70360e-01 
 1.00000e+00  2.47900e-02  3.65600e-02  8.72170e-01 
 1.00000e+00  3.17600e-02  4.12100e-02  8.74040e-01 
 1.00000e+00  3.89200e-02  4.55500e-02  8.75960e-01 
 1.00000e+00  4.62300e-02  4.96000e-02  8.77910e-01 
 1.00000e+00  5.36700e-02  5.34000e-02  8.79910e-01 
 1.00000e+00  6.12100e-02  5.69700e-02  8.81930e-01 
 1.00000e+00  6.88500e-02  6.03300e-02  8.83970e-01 
 1.00000e+00  7.65500e-02  6.35100e-02  8.86040e-01 
 1.00000e+00  8.43200e-02  6.65300e-02  8.88120e-01 
 1.00000e+00  9.21300e-02  6.93900e-02  8.90210e-01 
 1.00000e+00  1.00000e-01  7.21100e-02  8.92320e-01 
 1.00000e+00  1.19480e-01  7.82500e-02  8.97540e-01 
 1.00000e+00  1.39150e-01  8.36800e-02  9.02810e-01 
 1.00000e+00  1.78890e-01  9.28400e-02  9.13460e-01 
 1.00000e+00  1.98910e-01  9.66400e-02  9.18820e-01 
 1.00000e+00  2.19020e-01  9.99400e-02  9.24210e-01 
 1.00000e+00  2.39190e-01  1.02770e-01  9.29620e-01 
 1.00000e+00  2.59420e-01  1.05150e-01  9.35040e-01 
 1.00000e+00  2.79690e-01  1.07090e-01  9.40470e-01 
 1.00000e+00  3.00000e-01  1.08620e-01  9.45910e-01 
 1.00000e+00  3.20010e-01  1.09710e-01  9.51270e-01 
 1.00000e+00  3.40040e-01  1.10380e-01  9.56640e-01 
 1.00000e+00  3.60080e-01  1.10600e-01  9.62010e-01 
 1.00000e+00  3.80120e-01  1.10390e-01  9.67380e-01 
 1.00000e+00  4.00150e-01  1.09770e-01  9.72740e-01 
 1.00000e+00  4.20160e-01  1.08780e-01  9.78110e-01 
 1.00000e+00  4.33500e-01  1.07920e-01  9.81680e-01 
 1.00000e+00  4.40160e-01  1.07430e-01  9.83470e-01 
 1.00000e+00  4.46820e-01  1.06910e-01  9.85250e-01 
 1.00000e+00  4.60140e-01  1.05750e-01  9.88820e-01 
 1.00000e+00  4.73440e-01  1.04450e-01  9.92380e-01 
 1.00000e+00  4.80080e-01  1.03760e-01  9.94160e-01 
 1.00000e+00  4.86730e-01  1.03020e-01  9.95940e-01 
 1.00000e+00  5.00000e-01  1.01460e-01  9.99500e-01 
 1.00000e+00  5.00000e-01  1.01460e-01  8.65530e-01 
 1.00000e+00  5.40420e-01  9.59700e-02  8.76360e-01 
 1.00000e+00  5.80710e-01  8.95200e-02  8.87150e-01 
 1.00000e+00  6.60900e-01  7.42600e-02  9.08640e-01 
 1.00000e+00  7.00830e-01  6.57400e-02  9.19340e-01 
 1.00000e+00  7.40680e-01  5.68200e-02  9.30020e-01 
 1.00000e+00  7.80490e-01  4.77000e-02  9.40680e-01 
 1.00000e+00  8.20290e-01  3.85300e-02  9.51350e-01 
 1.00000e+00  8.60110e-01  2.95100e-02  9.62020e-01 
 1.00000e+00  9.00000e-01  2.07700e-02  9.72710e-01 
 1.00000e+00  9.14240e-01  1.77000e-02  9.76520e-01 
 1.00000e+00  9.28500e-01  1.47200e-02  9.80340e-01 
 1.00000e+00  9.42790e-01  1.18900e-02  9.84170e-01 
 1.00000e+00  9.57110e-01  9.27000e-03  9.88010e-01 
 1.00000e+00  9.71460e-01  6.79000e-03  9.91850e-01 
 1.00000e+00  9.85800e-01  4.22000e-03  9.95690e-01 
 0.00000e+00 -2.85000e+00 -1.50000e+00  7.27000e-01 
 0.00000e+00 -2.55000e+00 -1.50000e+00  7.27000e-01 
 0.00000e+00 -2.35000e+00 -1.50000e+00  7.27000e-01 
 0.00000e+00 -2.15000e+00 -1.50000e+00  7.27000e-01 
 0.00000e+00 -1.95000e+00 -1.50000e+00  7.27000e-01 
 0.00000e+00 -1.85000e+00 -1.50000e+00  7.27000e-01 
 0.00000e+00 -1.75000e+00 -1.50000e+00  7.27000e-01 
 0.00000e+00 -1.65000e+00 -1.50000e+00  7.27000e-01 
 0.00000e+00 -1.55000e+00 -1.50000e+00  7.27000e-01 
 0.00000e+00 -1.45000e+00 -1.50000e+00  7.27000e-01 
 0.00000e+00 -1.35000e+00 -1.50000e+00  7.27000e-01 
 0.00000e+00 -1.25000e+00 -1.50000e+00  7.27000e-01 
 0.00000e+00 -1.15000e+00 -1.50000e+00  7.27000e-01 
 0.00000e+00 -1.05000e+00 -1.50000e+00  7.27000e-01 
 0.00000e+00 -9.50000e-01 -1.50000e+00  7.27000e-01 
 0.00000e+00 -8.50000e-01 -1.50000e+00  7.27000e-01 
 0.00000e+00 -7.50000e-01 -1.50000e+00  7.27000e-01 
 0.00000e+00 -6.50000e-01 -1.50000e+00  7.27000e-01 
 0.00000e+00 -5.50000e-01 -1.50000e+00  7.27000e-01 
 0.00000e+00 -4.50000e-01 -1.50000e+00  7.27000e-01 
 0.00000e+00 -3.50000e-01 -1.50000e+00  7.27000e-01 
 0.00000e+00 -2.50000e-01 -1.50000e+00  7.27000e-01 
 0.00000e+00 -1.50000e-01 -1.50000e+00  7.27000e-01 
 0.00000e+00 -5.00000e-02 -1.50000e+00  7.27000e-01 
 0.00000e+00  5.00000e-02 -1.50000e+00  7.27000e-01 
 0.00000e+00  1.50000e-01 -1.50000e+00  7.27000e-01 
 0.00000e+00  2.50000e-01 -1.50000e+00  7.27000e-01 
 0.00000e+00  3.50000e-01 -1.50000e+00  7.27000e-01 
 0.00000e+00  4.50000e-01 -1.50000e+00  7.27000e-01 
 0.00000e+00  5.50000e-01 -1.50000e+00  7.27000e-01 
 0.00000e+00  6.50000e-01 -1.50000e+00  7.27000e-01 
 0.00000e+00  7.50000e-01 -1.50000e+00  7.27000e-01 
 0.00000e+00  8.50000e-01 -1.50000e+00  7.27000e-01 
 0.00000e+00  9.50000e-01 -1.50000e+00  7.27000e-01 
 0.00000e+00  1.05000e+00 -1.50000e+00  7.27000e-01 
 0.00000e+00  1.15000e+00 -1.50000e+00  7.27000e-01 
 0.00000e+00  1.25000e+00 -1.50000e+00  7.27000e-01 
 0.00000e+00  1.35000e+00 -1.50000e+00  7.27000e-01 
 0.00000e+00  1.45000e+00 -1.50000e+00  7.27000e-01 
 0.00000e+00  1.55000e+00 -1.50000e+00  7.27000e-01 
 0.00000e+00  1.65000e+00 -1.50000e+00  7.27000e-01 
 0.00000e+00  1.75000e+00 -1.50000e+00  7.27000e-01 
 0.00000e+00  1.85000e+00 -1.50000e+00  7.27000e-01 
 0.00000e+00  1.95000e+00 -1.50000e+00  7.27000e-01 
 0.00000e+00  2.15000e+00 -1.50000e+00  7.27000e-01 
 0.00000e+00  2.35000e+00 -1.50000e+00  7.27000e-01 
 0.00000e+00  2.55000e+00 -1.50000e+00  7.27000e-01 
 0.00000e+00  2.85000e+00 -1.50000e+00  7.27000e-01 
 1.00000e+00 -2.85000e+00  1.50000e+00  7.27000e-01 
 1.00000e+00 -2.55000e+00  1.50000e+00  7.27000e-01 
 1.00000e+00 -2.35000e+00  1.50000e+00  7.27000e-01 
 1.00000e+00 -2.15000e+00  1.50000e+00  7.27000e-01 
 1.00000e+00 -1.95000e+00  1.50000e+00  7.27000e-01 
 1.00000e+00 -1.85000e+00  1.50000e+00  7.27000e-01 
 1.00000e+00 -1.75000e+00  1.50000e+00  7.27000e-01 
 1.00000e+00 -1.65000e+00  1.50000e+00  7.27000e-01 
 1.00000e+00 -1.55000e+00  1.50000e+00  7.27000e-01 
 1.00000e+00 -1.45000e+00  1.50000e+00  7.27000e-01 
 1.00000e+00 -1.35000e+00  1.50000e+00  7.27000e-01 
 1.00000e+00 -1.25000e+00  1.50000e+00  7.27000e-01 
 1.00000e+00 -1.15000e+00  1.50000e+00  7.27000e-01 
 1.00000e+00 -1.05000e+00  1.50000e+00  7.27000e-01 
 1.00000e+00 -9.50000e-01  1.50000e+00  7.27000e-01 
 1.00000e+00 -8.50000e-01  1.50000e+00  7.27000e-01 
 1.00000e+00 -7.50000e-01  1.50000e+00  7.27000e-01 
 1.00000e+00 -6.50000e-01  1.50000e+00  7.27000e-01 
 1.00000e+00 -5.50000e-01  1.50000e+00  7.27000e-01 
 1.00000e+00 -4.50000e-01  1.50000e+00  7.27000e-01 
 1.00000e+00 -3.50000e-01  1.50000e+00  7.27000e-01 
 1.00000e+00 -2.50000e-01  1.50000e+00  7.27000e-01 
 1.00000e+00 -1.50000e-01  1.50000e+00  7.27000e-01 
 1.00000e+00 -5.00000e-02  1.50000e+00  7.27000e-01 
 1.00000e+00  5.00000e-02  1.50000e+00  7.27000e-01 
 1.00000e+00  1.50000e-01  1.50000e+00  7.27000e-01 
 1.00000e+00  2.50000e-01  1.50000e+00  7.27000e-01 
 1.00000e+00  3.50000e-01  1.50000e+00  7.27000e-01 
 1.00000e+00  4.50000e-01  1.50000e+00  7.27000e-01 
 1.00000e+00  5.50000e-01  1.50000e+00  7.27000e-01 
 1.00000e+00  6.50000e-01  1.50000e+00  7.27000e-01 
 1.00000e+00  7.50000e-01  1.50000e+00  7.27000e-01 
 1.00000e+00  8.50000e-01  1.50000e+00  7.27000e-01 
 1.00000e+00  9.50000e-01  1.50000e+00  7.27000e-01 
 1.00000e+00  1.05000e+00  1.50000e+00  7.27000e-01 
 1.00000e+00  1.15000e+00  1.50000e+00  7.27000e-01 
 1.00000e+00  1.25000e+00  1.50000e+00  7.27000e-01 
 1.00000e+00  1.35000e+00  1.50000e+00  7.27000e-01 
 1.00000e+00  1.45000e+00  1.50000e+00  7.27000e-01 
 1.00000e+00  1.55000e+00  1.50000e+00  7.27000e-01 
 1.00000e+00  1.65000e+00  1.50000e+00  7.27000e-01 
 1.00000e+00  1.75000e+00  1.50000e+00  7.27000e-01 
 1.00000e+00  1.85000e+00  1.50000e+00  7.27000e-01 
 1.00000e+00  1.95000e+00  1.50000e+00  7.27000e-01 
 1.00000e+00  2.15000e+00  1.50000e+00  7.27000e-01 
 1.00000e+00  2.35000e+00  1.50000e+00  7.27000e-01 
 1.00000e+00  2.55000e+00  1.50000e+00  7.27000e-01 
 1.00000e+00  2.85000e+00  1.50000e+00  7.27000e-01 
 2.00000e+00 -2.85000e+00 -1.50000e+00  1.26700e+00 
 2.00000e+00 -1.95000e+00 -1.50000e+00  1.26700e+00 
 2.00000e+00 -1.35000e+00 -1.50000e+00  1.26700e+00 
 2.00000e+00 -9.50000e-01 -1.50000e+00  1.26700e+00 
 2.00000e+00 -6.50000e-01 -1.50000e+00  1.26700e+00 
 2.00000e+00 -4.50000e-01 -1.50000e+00  1.26700e+00 
 2.00000e+00 -2.50000e-01 -1.50000e+00  1.26700e+00 
 2.00000e+00 -5.00000e-02 -1.50000e+00  1.26700e+00 
 2.00000e+00  5.00000e-02 -1.50000e+00  1.26700e+00 
 2.00000e+00  2.50000e-01 -1.50000e+00  1.26700e+00 
 2.00000e+00  4.50000e-01 -1.50000e+00  1.26700e+00 
 2.00000e+00  6.50000e-01 -1.50000e+00  1.26700e+00 
 2.00000e+00  9.50000e-01 -1.50000e+00  1.26700e+00 
 2.00000e+00  1.35000e+00 -1.50000e+00  1.26700e+00 
 2.00000e+00  1.95000e+00 -1.50000e+00  1.26700e+00 
 2.00000e+00  2.85000e+00 -1.50000e+00  1.26700e+00 
 3.00000e+00 -2.85000e+00  1.50000e+00  1.26700e+00 
 3.00000e+00 -1.95000e+00  1.50000e+00  1.26700e+00 
 3.00000e+00 -1.35000e+00  1.50000e+00  1.26700e+00 
 3.00000e+00 -9.50000e-01  1.50000e+00  1.26700e+00 
 3.00000e+00 -6.50000e-01  1.50000e+00  1.26700e+00 
 3.00000e+00 -4.50000e-01  1.50000e+00  1.26700e+00 
 3.00000e+00 -2.50000e-01  1.50000e+00  1.26700e+00 
 3.00000e+00 -5.00000e-02  1.50000e+00  1.26700e+00 
 3.00000e+00  5.00000e-02  1.50000e+00  1.26700e+00 
 3.00000e+00  2.50000e-01  1.50000e+00  1.26700e+00 
 3.00000e+00  4.50000e-01  1.50000e+00  1.26700e+00 
 3.00000e+00  6.50000e-01  1.50000e+00  1.26700e+00 
 3.00000e+00  9.50000e-01  1.50000e+00  1.26700e+00 
 3.00000e+00  1.35000e+00  1.50000e+00  1.26700e+00 
 3.00000e+00  1.95000e+00  1.50000e+00  1.26700e+00 
 3.00000e+00  2.85000e+00  1.50000e+00  1.26700e+00 
 0.00000e+00  2.70000e+00 -3.47500e-01  0.00000e+00 
 0.00000e+00  2.70000e+00 -3.17500e-01  0.00000e+00 
 0.00000e+00  2.70000e+00 -2.87500e-01  0.00000e+00 
 0.00000e+00  2.70000e+00 -2.67500e-01  0.00000e+00 
 0.00000e+00  2.70000e+00 -2.47500e-01  0.00000e+00 
 0.00000e+00  2.70000e+00 -2.32500e-01  0.00000e+00 
 0.00000e+00  2.70000e+00 -2.17500e-01  0.00000e+00 
 0.00000e+00  2.70000e+00 -2.07500e-01  0.00000e+00 
 0.00000e+00  2.70000e+00 -1.97500e-01  0.00000e+00 
 0.00000e+00  2.70000e+00 -1.92500e-01  0.00000e+00 
 0.00000e+00  2.70000e+00 -1.87500e-01  0.00000e+00 
 0.00000e+00  2.70000e+00 -1.82500e-01  0.00000e+00 
 0.00000e+00  2.70000e+00 -1.77500e-01  0.00000e+00 
 0.00000e+00  2.70000e+00 -1.72500e-01  0.00000e+00 
 0.00000e+00  2.70000e+00 -1.67500e-01  0.00000e+00 
 0.00000e+00  2.70000e+00 -1.62500e-01  0.00000e+00 
 0.00000e+00  2.70000e+00 -1.57500e-01  0.00000e+00 
 0.00000e+00  2.70000e+00 -1.52500e-01  0.00000e+00 
 0.00000e+00  2.70000e+00 -1.47500e-01  0.00000e+00 
 0.00000e+00  2.70000e+00 -1.42500e-01  0.00000e+00 
 0.00000e+00  2.70000e+00 -1.37500e-01  0.00000e+00 
 0.00000e+00  2.70000e+00 -1.32500e-01  0.00000e+00 
 0.00000e+00  2.70000e+00 -1.27500e-01  0.00000e+00 
 0.00000e+00  2.70000e+00 -1.22500e-01  0.00000e+00 
 0.00000e+00  2.70000e+00 -1.17500e-01  0.00000e+00 
 0.00000e+00  2.70000e+00 -1.12500e-01  0.00000e+00 
 0.00000e+00  2.70000e+00 -1.07500e-01  0.00000e+00 
 0.00000e+00  2.70000e+00 -1.02500e-01  0.00000e+00 
 0.00000e+00  2.70000e+00 -9.75000e-02  0.00000e+00 
 0.00000e+00  2.70000e+00 -9.25000e-02  0.00000e+00 
 0.00000e+00  2.70000e+00 -8.75000e-02  0.00000e+00 
 0.00000e+00  2.70000e+00 -8.25000e-02  0.00000e+00 
 0.00000e+00  2.70000e+00 -7.75000e-02  0.00000e+00 
 0.00000e+00  2.70000e+00 -7.25000e-02  0.00000e+00 
 0.00000e+00  2.70000e+00 -6.75000e-02  0.00000e+00 
 0.00000e+00  2.70000e+00 -6.25000e-02  0.00000e+00 
 0.00000e+00  2.70000e+00 -5.75000e-02  0.00000e+00 
 0.00000e+00  2.70000e+00 -5.25000e-02  0.00000e+00 
 0.00000e+00  2.70000e+00 -4.75000e-02  0.00000e+00 
 0.00000e+00  2.70000e+00 -4.25000e-02  0.00000e+00 
 0.00000e+00  2.70000e+00 -3.75000e-02  0.00000e+00 
 0.00000e+00  2.70000e+00 -3.25000e-02  0.00000e+00 
 0.00000e+00  2.70000e+00 -2.75000e-02  0.00000e+00 
 0.00000e+00  2.70000e+00 -2.25000e-02  0.00000e+00 
 0.00000e+00  2.70000e+00 -1.75000e-02  0.00000e+00 
 0.00000e+00  2.70000e+00 -1.25000e-02  0.00000e+00 
 0.00000e+00  2.70000e+00 -7.50000e-03  0.00000e+00 
 0.00000e+00  2.70000e+00 -2.50000e-03  0.00000e+00 
 0.00000e+00  2.70000e+00  2.50000e-03  0.00000e+00 
 0.00000e+00  2.70000e+00  7.50000e-03  0.00000e+00 
 0.00000e+00  2.70000e+00  1.25000e-02  0.00000e+00 
 0.00000e+00  2.70000e+00  1.75000e-02  0.00000e+00 
 0.00000e+00  2.70000e+00  2.25000e-02  0.00000e+00 
 0.00000e+00  2.70000e+00  2.75000e-02  0.00000e+00 
 0.00000e+00  2.70000e+00  3.25000e-02  0.00000e+00 
 0.00000e+00  2.70000e+00  3.75000e-02  0.00000e+00 
 0.00000e+00  2.70000e+00  4.25000e-02  0.00000e+00 
 0.00000e+00  2.70000e+00  4.75000e-02  0.00000e+00 
 0.00000e+00  2.70000e+00  5.25000e-02  0.00000e+00 
 0.00000e+00  2.70000e+00  5.75000e-02  0.00000e+00 
 0.00000e+00  2.70000e+00  6.25000e-02  0.00000e+00 
 0.00000e+00  2.70000e+00  6.75000e-02  0.00000e+00 
 0.00000e+00  2.70000e+00  7.25000e-02  0.00000e+00 
 0.00000e+00  2.70000e+00  7.75000e-02  0.00000e+00 
 0.00000e+00  2.70000e+00  8.25000e-02  0.00000e+00 
 0.00000e+00  2.70000e+00  8.75000e-02  0.00000e+00 
 0.00000e+00  2.70000e+00  9.25000e-02  0.00000e+00 
 0.00000e+00  2.70000e+00  9.75000e-02  0.00000e+00 
 0.00000e+00  2.70000e+00  1.02500e-01  0.00000e+00 
 0.00000e+00  2.70000e+00  1.07500e-01  0.00000e+00 
 0.00000e+00  2.70000e+00  1.12500e-01  0.00000e+00 
 0.00000e+00  2.70000e+00  1.17500e-01  0.00000e+00 
 0.00000e+00  2.70000e+00  1.22500e-01  0.00000e+00 
 0.00000e+00  2.70000e+00  1.27500e-01  0.00000e+00 
 0.00000e+00  2.70000e+00  1.32500e-01  0.00000e+00 
 0.00000e+00  2.70000e+00  1.37500e-01  0.00000e+00 
 0.00000e+00  2.70000e+00  1.42500e-01  0.00000e+00 
 0.00000e+00  2.70000e+00  1.47500e-01  0.00000e+00 
 0.00000e+00  2.70000e+00  1.52500e-01  0.00000e+00 
 0.00000e+00  2.70000e+00  1.57500e-01  0.00000e+00 
 0.00000e+00  2.70000e+00  1.62500e-01  0.00000e+00 
 0.00000e+00  2.70000e+00  1.67500e-01  0.00000e+00 
 0.00000e+00  2.70000e+00  1.72500e-01  0.00000e+00 
 0.00000e+00  2.70000e+00  1.77500e-01  0.00000e+00 
 0.00000e+00  2.70000e+00  1.82500e-01  0.00000e+00 
 0.00000e+00  2.70000e+00  1.87500e-01  0.00000e+00 
 0.00000e+00  2.70000e+00  1.92500e-01  0.00000e+00 
 0.00000e+00  2.70000e+00  1.97500e-01  0.00000e+00 
 0.00000e+00  2.70000e+00  2.07500e-01  0.00000e+00 
 0.00000e+00  2.70000e+00  2.17500e-01  0.00000e+00 
 0.00000e+00  2.70000e+00  2.32500e-01  0.00000e+00 
 0.00000e+00  2.70000e+00  2.47500e-01  0.00000e+00 
 0.00000e+00  2.70000e+00  2.67500e-01  0.00000e+00 
 0.00000e+00  2.70000e+00  2.87500e-01  0.00000e+00 
 0.00000e+00  2.70000e+00  3.17500e-01  0.00000e+00 
 0.00000e+00  2.70000e+00  3.47500e-01  0.00000e+00 
