-3.35999e-02  6.97083e+00  1.09681e+01 
 4.38189e+01  4.35196e+01  4.34111e+01 
 1.88078e+01  1.90790e+01  1.92093e+01 
 2.93992e+06  2.91549e+06  2.90611e+06 
 1.16437e+03  1.14763e+03  1.14148e+03 
 1.02055e+05  1.02071e+05  1.02074e+05 
 1.86100e+02  9.36771e+01 -2.32192e+02 
 2.71452e+02  2.52350e+02  8.32411e+01 
 3.22310e+02  3.32073e+02  2.08642e+02 
 3.27554e+02  3.51942e+02  2.53408e+02 
 3.16481e+02  3.51171e+02  2.68758e+02 
 2.99592e+02  3.43107e+02  2.71585e+02 
 2.61185e+02  3.22354e+02  2.71963e+02 
 2.13718e+02  2.92995e+02  2.61315e+02 
 1.71999e+02  2.71991e+02  2.58051e+02 
 1.15632e+02  2.38166e+02  2.10934e+02 
 5.23962e+01  2.01660e+02  1.85434e+02 
-6.67318e+00  1.71068e+02  1.67989e+02 
-9.00175e+01  9.53449e+01  1.42385e+02 
-1.21928e+02  7.41465e+01  1.25800e+02 
-1.74364e+02  5.67381e+01  1.21024e+02 
-2.46707e+02  2.10001e+01  9.71584e+01 
-2.45077e+02  2.16850e+01  1.00684e+02 
-3.54353e+02  9.10865e-01  8.81833e+01 
-3.99598e+02 -1.30378e+01  9.88052e+01 
-4.48294e+02 -2.03890e+01  1.09920e+02 
-4.79454e+02 -7.05443e+00  1.42333e+02 
-4.83761e+02  3.11390e+01  2.01065e+02 
-4.82066e+02  5.87824e+01  2.33406e+02 
-4.64036e+02  9.53719e+01  2.75406e+02 
-4.44150e+02  1.38866e+02  3.27496e+02 
-4.42642e+02  1.67906e+02  3.64691e+02 
-4.18779e+02  2.15385e+02  4.19620e+02 
-4.11320e+02  2.59116e+02  4.72373e+02 
-4.09776e+02  3.50529e+02  5.84899e+02 
-3.88238e+02  4.18966e+02  6.59757e+02 
-3.62588e+02  4.97962e+02  7.46440e+02 
-3.44461e+02  5.37923e+02  7.83041e+02 
-3.35790e+02  5.74437e+02  8.18071e+02 
-3.18377e+02  6.12714e+02  8.57254e+02 
-2.90628e+02  6.65534e+02  9.05644e+02 
-2.83553e+02  7.04152e+02  9.41773e+02 
-2.54238e+02  7.59981e+02  9.86136e+02 
-2.12517e+02  8.21586e+02  1.03212e+03 
-1.64700e+02  8.91508e+02  1.07666e+03 
-1.11924e+02  9.65341e+02  1.11071e+03 
-7.79614e+01  1.03616e+03  1.12515e+03 
 2.94246e+01  1.10792e+03  1.08291e+03 
 2.40076e+02  1.12515e+03  8.93107e+02 
 5.73209e+02  9.73463e+02  3.67397e+02 
 1.00389e+03  3.05274e+02 -9.78438e+02 
 1.14075e+03 -1.29456e+03 -3.50826e+03 
 8.29136e+02 -2.25288e+03 -4.41779e+03 
 4.64980e+02 -2.50495e+03 -4.34564e+03 
 1.67988e+02 -2.61050e+03 -4.18884e+03 
-2.23804e+01 -2.54036e+03 -3.90493e+03 
-1.37172e+02 -2.40878e+03 -3.64545e+03 
-2.36213e+02 -2.33080e+03 -3.46837e+03 
-3.17804e+02 -2.27370e+03 -3.10998e+03 
-3.94578e+02 -2.22896e+03 -2.95574e+03 
-4.55973e+02 -2.19078e+03 -2.88277e+03 
-5.11954e+02 -2.16101e+03 -2.82998e+03 
-5.55695e+02 -2.12838e+03 -2.75209e+03 
-5.95075e+02 -2.09699e+03 -2.68310e+03 
-6.30458e+02 -2.06931e+03 -2.62764e+03 
-6.63062e+02 -2.04528e+03 -2.57019e+03 
-6.91237e+02 -2.02105e+03 -2.50880e+03 
-7.58331e+02 -1.97739e+03 -2.40751e+03 
-7.99623e+02 -1.92704e+03 -2.28873e+03 
-9.09545e+02 -1.87252e+03 -2.18935e+03 
-9.35893e+02 -1.83880e+03 -2.10478e+03 
-9.62241e+02 -1.80507e+03 -2.02021e+03 
-9.63159e+02 -1.71961e+03 -1.91614e+03 
-9.97357e+02 -1.72990e+03 -1.88775e+03 
-1.01552e+03 -1.69931e+03 -1.82537e+03 
-1.02420e+03 -1.67493e+03 -1.76675e+03 
-1.03117e+03 -1.63742e+03 -1.69797e+03 
-1.03022e+03 -1.59920e+03 -1.62811e+03 
-1.01736e+03 -1.54767e+03 -1.54441e+03 
-9.91904e+02 -1.48509e+03 -1.45131e+03 
-9.67662e+02 -1.43386e+03 -1.36541e+03 
-9.40312e+02 -1.36247e+03 -1.26352e+03 
-9.20565e+02 -1.32208e+03 -1.19968e+03 
-9.10673e+02 -1.30123e+03 -1.16668e+03 
-9.02368e+02 -1.27128e+03 -1.13501e+03 
-8.81979e+02 -1.23749e+03 -1.06742e+03 
-8.59286e+02 -1.19211e+03 -9.98663e+02 
-8.38676e+02 -1.16992e+03 -9.65233e+02 
-8.13094e+02 -1.14252e+03 -9.31419e+02 
-7.60402e+02 -1.10058e+03 -8.67283e+02 
-7.63646e+02 -1.09886e+03 -9.26836e+02 
-6.76115e+02 -9.62016e+02 -7.54945e+02 
-6.15774e+02 -8.41473e+02 -6.11011e+02 
-4.32122e+02 -5.79722e+02 -4.36481e+02 
-3.43836e+02 -4.63468e+02 -4.10092e+02 
-2.55550e+02 -3.47213e+02 -3.83703e+02 
-1.76805e+02 -2.48736e+02 -3.71081e+02 
-1.06104e+02 -1.63729e+02 -3.56207e+02 
-3.96906e+01 -8.92704e+01 -3.44282e+02 
 3.18612e+01 -2.12424e+01 -3.35661e+02 
 5.52998e+01 -1.60099e+00 -3.33131e+02 
 7.81007e+01  1.77020e+01 -3.30215e+02 
 9.84664e+01  3.58707e+01 -3.26232e+02 
 1.13303e+02  5.21605e+01 -3.22960e+02 
 1.26541e+02  6.88239e+01 -3.13352e+02 
 1.37295e+02  8.10401e+01 -3.01043e+02 
-8.21023e-02  1.57048e+01  2.39751e+01 
-7.99536e+00  1.45082e+01  2.46025e+01 
-6.22977e+00  2.18546e+01  3.35070e+01 
-1.86234e+00  3.24274e+01  4.56502e+01 
-6.96562e-01  4.12057e+01  5.64417e+01 
-4.29621e-01  4.60369e+01  6.23841e+01 
-8.01719e-01  5.04347e+01  6.80475e+01 
-4.46046e+00  5.23688e+01  7.14126e+01 
-2.47519e+00  5.97857e+01  8.00974e+01 
-4.89915e-01  6.72025e+01  8.87823e+01 
 2.05681e+00  7.54839e+01  9.84926e+01 
 4.96322e+00  8.43108e+01  1.08577e+02 
 2.33465e+00  8.88044e+01  1.14428e+02 
 3.61778e+00  9.58232e+01  1.23172e+02 
 1.71668e+00  1.00916e+02  1.29415e+02 
 6.36836e-02  1.05575e+02  1.35035e+02 
-1.04390e+01  1.03547e+02  1.34404e+02 
-7.23458e+00  1.11016e+02  1.42297e+02 
-1.16958e+01  1.11977e+02  1.44093e+02 
-9.79223e+00  1.17235e+02  1.49306e+02 
-8.42527e+00  1.20824e+02  1.52834e+02 
-1.08591e+01  1.20858e+02  1.52275e+02 
-1.26322e+01  1.19745e+02  1.50930e+02 
-1.11599e+01  1.19420e+02  1.49189e+02 
-9.68754e+00  1.19096e+02  1.47448e+02 
-7.41900e+00  1.17989e+02  1.44699e+02 
-4.39027e+00  1.16819e+02  1.41556e+02 
-4.77591e+00  1.11241e+02  1.34158e+02 
-2.16407e+00  1.08541e+02  1.29382e+02 
-1.62354e-02  1.04372e+02  1.23136e+02 
-2.46915e-01  9.78820e+01  1.14707e+02 
-2.61491e+00  8.92262e+01  1.04197e+02 
-4.64003e+00  8.08445e+01  9.41159e+01 
-9.92833e-01  7.73729e+01  8.89877e+01 
-4.25709e+00  6.81023e+01  7.82435e+01 
-9.74444e-01  6.48463e+01  7.35157e+01 
-6.43710e-01  5.88924e+01  6.63082e+01 
-2.37127e+00  5.18738e+01  5.83027e+01 
-1.42240e+00  4.73798e+01  5.26735e+01 
-1.28050e+00  4.28076e+01  4.69710e+01 
 1.65783e-01  3.95370e+01  4.28257e+01 
-1.91502e+00  3.35620e+01  3.61816e+01 
-3.61596e+00  2.76820e+01  2.93554e+01 
-9.26952e+00  1.88963e+01  1.98290e+01 
-1.53301e+01  6.79543e+00  6.68475e+00 
-2.75132e+01 -1.05285e+01 -1.18478e+01 
-3.66583e+01 -2.40201e+01 -2.59575e+01 
-5.08289e+01 -4.27715e+01 -4.56176e+01 
-1.83050e+01 -3.92389e+01 -4.16782e+01 
-2.26561e+01 -5.01289e+01 -5.47056e+01 
-2.57524e+01 -5.91238e+01 -6.54166e+01 
-2.79383e+01 -6.82358e+01 -7.68557e+01 
-3.53454e+01 -8.45844e+01 -9.60147e+01 
-3.80763e+01 -9.21192e+01 -1.05194e+02 
-4.12367e+01 -1.00739e+02 -1.15477e+02 
-4.62803e+01 -1.11668e+02 -1.28568e+02 
-5.05414e+01 -1.22533e+02 -1.41332e+02 
-6.06063e+01 -1.39925e+02 -1.61404e+02 
-6.58831e+01 -1.52595e+02 -1.76698e+02 
-6.72725e+01 -1.61616e+02 -1.88402e+02 
-7.27176e+01 -1.75156e+02 -2.04963e+02 
-7.79614e+01 -1.88892e+02 -2.22031e+02 
-8.21135e+01 -2.01146e+02 -2.37266e+02 
-9.14400e+01 -2.18547e+02 -2.57779e+02 
-9.76801e+01 -2.33008e+02 -2.75424e+02 
-1.02810e+02 -2.45592e+02 -2.90679e+02 
-1.08755e+02 -2.57728e+02 -3.05255e+02 
-1.17250e+02 -2.71896e+02 -3.22003e+02 
-1.24768e+02 -2.83387e+02 -3.35274e+02 
-1.29721e+02 -2.90799e+02 -3.43701e+02 
-1.38257e+02 -3.00512e+02 -3.54261e+02 
-1.38787e+02 -2.99104e+02 -3.52610e+02 
-1.41265e+02 -2.99504e+02 -3.52506e+02 
-1.39081e+02 -2.92750e+02 -3.44692e+02 
-1.35505e+02 -2.83284e+02 -3.33685e+02 
-1.36633e+02 -2.78884e+02 -3.27882e+02 
-1.25260e+02 -2.59222e+02 -3.05866e+02 
-1.21323e+02 -2.48620e+02 -2.92184e+02 
-1.14248e+02 -2.33335e+02 -2.74708e+02 
-1.07983e+02 -2.19089e+02 -2.57809e+02 
-1.08450e+02 -2.12083e+02 -2.49890e+02 
-9.86889e+01 -1.93963e+02 -2.29268e+02 
-9.15940e+01 -1.79475e+02 -2.12510e+02 
-8.39301e+01 -1.64451e+02 -1.94694e+02 
-7.72637e+01 -1.51607e+02 -1.79893e+02 
-7.58791e+01 -1.43966e+02 -1.70426e+02 
-7.31518e+01 -1.35631e+02 -1.60070e+02 
-6.45520e+01 -1.21540e+02 -1.44312e+02 
-6.12974e+01 -1.13564e+02 -1.34680e+02 
-6.06964e+01 -1.08643e+02 -1.28280e+02 
-5.66986e+01 -1.00651e+02 -1.19113e+02 
-5.50897e+01 -9.53295e+01 -1.12529e+02 
-5.25125e+01 -8.60672e+01 -1.01068e+02 
-4.91688e+01 -7.76830e+01 -9.10757e+01 
-5.40979e+01 -7.82980e+01 -9.00249e+01 
-6.38463e+01 -8.25000e+01 -9.23636e+01 
-3.52912e+00  1.22005e+01  2.02643e+01 
-3.15919e+00  3.89894e+01  5.44217e+01 
 3.72533e+00  7.67759e+01  9.95251e+01 
 7.00095e-01  9.99857e+01  1.27802e+02 
-4.62750e+00  1.13297e+02  1.44198e+02 
-5.16948e+00  1.21355e+02  1.52615e+02 
-7.80388e+00  1.23404e+02  1.54268e+02 
-6.87876e+00  1.23644e+02  1.52334e+02 
-9.19626e+00  1.19811e+02  1.47150e+02 
-3.65160e+00  1.17385e+02  1.41019e+02 
-7.41846e+00  1.04340e+02  1.24095e+02 
-1.05927e+00  9.72286e+01  1.12807e+02 
-9.33864e-01  7.72697e+01  8.79038e+01 
 1.68836e+00  5.59601e+01  6.15809e+01 
-9.07767e+00  1.88527e+01  1.95064e+01 
-5.21165e+01 -4.39760e+01 -4.75424e+01 
-1.89829e+01 -4.00851e+01 -4.21562e+01 
-3.50656e+01 -8.38256e+01 -9.50463e+01 
-5.87414e+01 -1.45105e+02 -1.68425e+02 
-8.27558e+01 -2.02212e+02 -2.37266e+02 
-1.04043e+02 -2.47545e+02 -2.90268e+02 
-1.15692e+02 -2.70019e+02 -3.18679e+02 
-1.30461e+02 -2.91439e+02 -3.43148e+02 
-1.39427e+02 -2.99929e+02 -3.52402e+02 
-1.36896e+02 -2.94672e+02 -3.46548e+02 
-1.35408e+02 -2.83986e+02 -3.33689e+02 
-1.26676e+02 -2.61266e+02 -3.07613e+02 
-1.15086e+02 -2.33919e+02 -2.75868e+02 
-9.59921e+01 -1.91348e+02 -2.26391e+02 
-7.41003e+01 -1.42253e+02 -1.68769e+02 
-5.23615e+01 -9.25336e+01 -1.09694e+02 
-6.57300e+01 -8.41706e+01 -9.35021e+01 
 1.16692e+03  1.14364e+03  1.12926e+03 
 1.16675e+03  1.14303e+03  1.12695e+03 
 1.16704e+03  1.14301e+03  1.12009e+03 
 1.16695e+03  1.14303e+03  1.10994e+03 
 1.16681e+03  1.14289e+03  1.09339e+03 
 1.16708e+03  1.14297e+03  1.07677e+03 
 1.16661e+03  1.14241e+03  1.05400e+03 
 1.16672e+03  1.14157e+03  1.04129e+03 
 1.16703e+03  1.13838e+03  1.02807e+03 
 1.16700e+03  1.13510e+03  1.02158e+03 
 1.16690e+03  1.13170e+03  1.01598e+03 
 1.16691e+03  1.12578e+03  1.00976e+03 
 1.16652e+03  1.11766e+03  1.00372e+03 
 1.16722e+03  1.11038e+03  9.99741e+02 
 1.16663e+03  1.10184e+03  9.96153e+02 
 1.16670e+03  1.08989e+03  9.91295e+02 
 1.16671e+03  1.07635e+03  9.88509e+02 
 1.16522e+03  1.05953e+03  9.84643e+02 
 1.16669e+03  1.04792e+03  9.83294e+02 
 1.16692e+03  1.03370e+03  9.79866e+02 
 1.16701e+03  1.02270e+03  9.80146e+02 
 1.16682e+03  1.00838e+03  9.79440e+02 
 1.16686e+03  1.00028e+03  9.77813e+02 
 1.16675e+03  9.94210e+02  9.76443e+02 
 1.16689e+03  9.87296e+02  9.78209e+02 
 1.16692e+03  9.85285e+02  9.79289e+02 
 1.16695e+03  9.85852e+02  9.78671e+02 
 1.16681e+03  9.89395e+02  9.78674e+02 
 1.16672e+03  9.94763e+02  9.80843e+02 
 1.16668e+03  1.00365e+03  9.82160e+02 
 1.16691e+03  1.01423e+03  9.83148e+02 
 1.16676e+03  1.02508e+03  9.84083e+02 
 1.16660e+03  1.03593e+03  9.85017e+02 
 1.16617e+03  1.05217e+03  9.88477e+02 
 1.16659e+03  1.06382e+03  9.87781e+02 
 1.16656e+03  1.07665e+03  9.89426e+02 
 1.16653e+03  1.08947e+03  9.91072e+02 
 1.16668e+03  1.09753e+03  9.93534e+02 
 1.16584e+03  1.10866e+03  9.94051e+02 
 1.16404e+03  1.11725e+03  9.94157e+02 
 1.16086e+03  1.12283e+03  9.96553e+02 
 1.15537e+03  1.12803e+03  9.98676e+02 
 1.14727e+03  1.13269e+03  1.00007e+03 
 1.13354e+03  1.13602e+03  1.00130e+03 
 1.11980e+03  1.13935e+03  1.00254e+03 
 1.09860e+03  1.14094e+03  1.00547e+03 
 1.08154e+03  1.14184e+03  1.00639e+03 
 1.05723e+03  1.14246e+03  1.00638e+03 
 1.04562e+03  1.14271e+03  1.00625e+03 
 1.03133e+03  1.14258e+03  1.00921e+03 
 1.02331e+03  1.14252e+03  1.01064e+03 
 1.02170e+03  1.14281e+03  1.00926e+03 
 1.02686e+03  1.14273e+03  1.01086e+03 
 1.03825e+03  1.14278e+03  1.01307e+03 
 1.05114e+03  1.14302e+03  1.01538e+03 
 1.07073e+03  1.14300e+03  1.01484e+03 
 1.08914e+03  1.14305e+03  1.01574e+03 
 1.10939e+03  1.14336e+03  1.01925e+03 
 1.12455e+03  1.14289e+03  1.02004e+03 
 1.13904e+03  1.14309e+03  1.02049e+03 
 1.15147e+03  1.14336e+03  1.02389e+03 
 1.15829e+03  1.14335e+03  1.02022e+03 
 1.16243e+03  1.14309e+03  1.02561e+03 
 1.16480e+03  1.14341e+03  1.02788e+03 
 1.16580e+03  1.14244e+03  1.02925e+03 
 1.16648e+03  1.14232e+03  1.03089e+03 
 1.16654e+03  1.14222e+03  1.03262e+03 
 1.16638e+03  1.14200e+03  1.03533e+03 
 1.16623e+03  1.14201e+03  1.03633e+03 
 1.16677e+03  1.14237e+03  1.03914e+03 
 1.16616e+03  1.14168e+03  1.04053e+03 
 1.16661e+03  1.14226e+03  1.04352e+03 
 1.16535e+03  1.14122e+03  1.04434e+03 
 1.16626e+03  1.14184e+03  1.04615e+03 
 1.16606e+03  1.14172e+03  1.04793e+03 
 1.16597e+03  1.14164e+03  1.05082e+03 
 1.16657e+03  1.14237e+03  1.05337e+03 
 1.16639e+03  1.14208e+03  1.05438e+03 
 1.16641e+03  1.14196e+03  1.05648e+03 
 1.16680e+03  1.14243e+03  1.05886e+03 
 1.16666e+03  1.14228e+03  1.06190e+03 
 1.16648e+03  1.14228e+03  1.06355e+03 
 1.16628e+03  1.14207e+03  1.06582e+03 
 1.16614e+03  1.14188e+03  1.06817e+03 
 1.16616e+03  1.14148e+03  1.07034e+03 
 1.16599e+03  1.14168e+03  1.07280e+03 
 1.16628e+03  1.14217e+03  1.07540e+03 
 1.16606e+03  1.14170e+03  1.07726e+03 
 1.16616e+03  1.14205e+03  1.07948e+03 
 1.16633e+03  1.14220e+03  1.08683e+03 
 1.16587e+03  1.14176e+03  1.09196e+03 
 1.16552e+03  1.14134e+03  1.09635e+03 
 1.16612e+03  1.14183e+03  1.10401e+03 
 1.16618e+03  1.14171e+03  1.10814e+03 
 1.16636e+03  1.14213e+03  1.11577e+03 
 1.16640e+03  1.14204e+03  1.11989e+03 
 2.72340e+02  1.45048e+03  1.96406e+03 
 7.19972e+00 -2.52365e-01 -2.84890e+02 
 4.66951e+02  1.09835e+03  1.27785e+03 
 1.49118e+01 -1.45006e+02 -7.93292e+01 
 1.00000e+00  1.00000e+00  0.00000e+00  9.99500e-01 
 0.00000e+00  9.80060e-01  9.70000e-04  9.94160e-01 
 0.00000e+00  9.60050e-01  1.97000e-03  9.88800e-01 
 0.00000e+00  9.40020e-01  2.11000e-03  9.83430e-01 
 0.00000e+00  9.20000e-01  1.41000e-03  9.78060e-01 
 0.00000e+00  9.00000e-01  1.30000e-04  9.72710e-01 
 0.00000e+00  8.59760e-01 -3.47000e-03  9.61920e-01 
 0.00000e+00  8.19630e-01 -8.23000e-03  9.51170e-01 
 0.00000e+00  7.79600e-01 -1.38600e-02  9.40440e-01 
 0.00000e+00  7.39650e-01 -2.00600e-02  9.29740e-01 
 0.00000e+00  6.99760e-01 -2.66000e-02  9.19050e-01 
 0.00000e+00  6.59880e-01 -3.32400e-02  9.08360e-01 
 0.00000e+00  5.99680e-01 -4.30500e-02  8.92240e-01 
 0.00000e+00  5.80050e-01 -4.61100e-02  8.86980e-01 
 0.00000e+00  5.40060e-01 -5.20100e-02  8.76260e-01 
 0.00000e+00  5.00000e-01 -5.73600e-02  8.65530e-01 
 0.00000e+00  5.00000e-01 -5.73600e-02  9.99500e-01 
 0.00000e+00  4.60140e-01 -6.19300e-02  9.88820e-01 
 0.00000e+00  4.20200e-01 -6.56100e-02  9.78120e-01 
 0.00000e+00  3.80180e-01 -6.82400e-02  9.67390e-01 
 0.00000e+00  3.40100e-01 -6.95900e-02  9.56660e-01 
 0.00000e+00  3.00000e-01 -6.95700e-02  9.45910e-01 
 0.00000e+00  2.79880e-01 -6.91000e-02  9.40520e-01 
 0.00000e+00  2.59770e-01 -6.83200e-02  9.35130e-01 
 0.00000e+00  2.39670e-01 -6.72200e-02  9.29750e-01 
 0.00000e+00  2.19600e-01 -6.57900e-02  9.24370e-01 
 0.00000e+00  1.99550e-01 -6.40100e-02  9.18990e-01 
 0.00000e+00  1.79530e-01 -6.18700e-02  9.13630e-01 
 0.00000e+00  1.39620e-01 -5.64500e-02  9.02940e-01 
 0.00000e+00  1.19760e-01 -5.30800e-02  8.97620e-01 
 0.00000e+00  1.00000e-01 -4.91600e-02  8.92320e-01 
 0.00000e+00  9.23100e-02 -4.74500e-02  8.90260e-01 
 0.00000e+00  8.46400e-02 -4.56300e-02  8.88200e-01 
 0.00000e+00  7.69900e-02 -4.36900e-02  8.86160e-01 
 0.00000e+00  6.93900e-02 -4.16200e-02  8.84120e-01 
 0.00000e+00  6.18200e-02 -3.93900e-02  8.82090e-01 
 0.00000e+00  5.43000e-02 -3.69900e-02  8.80080e-01 
 0.00000e+00  4.68500e-02 -3.43800e-02  8.78080e-01 
 0.00000e+00  3.94700e-02 -3.15500e-02  8.76100e-01 
 0.00000e+00  3.21800e-02 -2.84700e-02  8.74150e-01 
 0.00000e+00  2.50200e-02 -2.51100e-02  8.72230e-01 
 0.00000e+00  1.81300e-02 -2.11800e-02  8.70380e-01 
 0.00000e+00  1.17500e-02 -1.64200e-02  8.68670e-01 
 0.00000e+00  6.09000e-03 -1.07800e-02  8.67160e-01 
 0.00000e+00  1.97000e-03 -3.88000e-03  8.66050e-01 
 0.00000e+00  0.00000e+00  3.96000e-03  8.65530e-01 
 1.00000e+00  1.94000e-03  1.22400e-02  8.66050e-01 
 1.00000e+00  6.29000e-03  1.95300e-02  8.67210e-01 
 1.00000e+00  1.17700e-02  2.59600e-02  8.68680e-01 
 1.00000e+00  1.80400e-02  3.15700e-02  8.70360e-01 
 1.00000e+00  2.47900e-02  3.65600e-02  8.72170e-01 
 1.00000e+00  3.17600e-02  4.12100e-02  8.74040e-01 
 1.00000e+00  3.89200e-02  4.55500e-02  8.75960e-01 
 1.00000e+00  4.62300e-02  4.96000e-02  8.77910e-01 
 1.00000e+00  5.36700e-02  5.34000e-02  8.79910e-01 
 1.00000e+00  6.12100e-02  5.69700e-02  8.81930e-01 
 1.00000e+00  6.88500e-02  6.03300e-02  8.83970e-01 
 1.00000e+00  7.65500e-02  6.35100e-02  8.86040e-01 
 1.00000e+00  8.43200e-02  6.65300e-02  8.88120e-01 
 1.00000e+00  9.21300e-02  6.93900e-02  8.90210e-01 
 1.00000e+00  1.00000e-01  7.21100e-02  8.92320e-01 
 1.00000e+00  1.19480e-01  7.82500e-02  8.97540e-01 
 1.00000e+00  1.39150e-01  8.36800e-02  9.02810e-01 
 1.00000e+00  1.78890e-01  9.28400e-02  9.13460e-01 
 1.00000e+00  1.98910e-01  9.66400e-02  9.18820e-01 
 1.00000e+00  2.19020e-01  9.99400e-02  9.24210e-01 
 1.00000e+00  2.39190e-01  1.02770e-01  9.29620e-01 
 1.00000e+00  2.59420e-01  1.05150e-01  9.35040e-01 
 1.00000e+00  2.79690e-01  1.07090e-01  9.40470e-01 
 1.00000e+00  3.00000e-01  1.08620e-01  9.45910e-01 
 1.00000e+00  3.20010e-01  1.09710e-01  9.51270e-01 
 1.00000e+00  3.40040e-01  1.10380e-01  9.56640e-01 
 1.00000e+00  3.60080e-01  1.10600e-01  9.62010e-01 
 1.00000e+00  3.80120e-01  1.10390e-01  9.67380e-01 
 1.00000e+00  4.00150e-01  1.09770e-01  9.72740e-01 
 1.00000e+00  4.20160e-01  1.08780e-01  9.78110e-01 
 1.00000e+00  4.33500e-01  1.07920e-01  9.81680e-01 
 1.00000e+00  4.40160e-01  1.07430e-01  9.83470e-01 
 1.00000e+00  4.46820e-01  1.06910e-01  9.85250e-01 
 1.00000e+00  4.60140e-01  1.05750e-01  9.88820e-01 
 1.00000e+00  4.73440e-01  1.04450e-01  9.92380e-01 
 1.00000e+00  4.80080e-01  1.03760e-01  9.94160e-01 
 1.00000e+00  4.86730e-01  1.03020e-01  9.95940e-01 
 1.00000e+00  5.00000e-01  1.01460e-01  9.99500e-01 
 1.00000e+00  5.00000e-01  1.01460e-01  8.65530e-01 
 1.00000e+00  5.40420e-01  9.59700e-02  8.76360e-01 
 1.00000e+00  5.80710e-01  8.95200e-02  8.87150e-01 
 1.00000e+00  6.60900e-01  7.42600e-02  9.08640e-01 
 1.00000e+00  7.00830e-01  6.57400e-02  9.19340e-01 
 1.00000e+00  7.40680e-01  5.68200e-02  9.30020e-01 
 1.00000e+00  7.80490e-01  4.77000e-02  9.40680e-01 
 1.00000e+00  8.20290e-01  3.85300e-02  9.51350e-01 
 1.00000e+00  8.60110e-01  2.95100e-02  9.62020e-01 
 1.00000e+00  9.00000e-01  2.07700e-02  9.72710e-01 
 1.00000e+00  9.14240e-01  1.77000e-02  9.76520e-01 
 1.00000e+00  9.28500e-01  1.47200e-02  9.80340e-01 
 1.00000e+00  9.42790e-01  1.18900e-02  9.84170e-01 
 1.00000e+00  9.57110e-01  9.27000e-03  9.88010e-01 
 1.00000e+00  9.71460e-01  6.79000e-03  9.91850e-01 
 1.00000e+00  9.85800e-01  4.22000e-03  9.95690e-01 
 0.00000e+00 -2.85000e+00 -1.50000e+00  7.27000e-01 
 0.00000e+00 -2.55000e+00 -1.50000e+00  7.27000e-01 
 0.00000e+00 -2.35000e+00 -1.50000e+00  7.27000e-01 
 0.00000e+00 -2.15000e+00 -1.50000e+00  7.27000e-01 
 0.00000e+00 -1.95000e+00 -1.50000e+00  7.27000e-01 
 0.00000e+00 -1.85000e+00 -1.50000e+00  7.27000e-01 
 0.00000e+00 -1.75000e+00 -1.50000e+00  7.27000e-01 
 0.00000e+00 -1.65000e+00 -1.50000e+00  7.27000e-01 
 0.00000e+00 -1.55000e+00 -1.50000e+00  7.27000e-01 
 0.00000e+00 -1.45000e+00 -1.50000e+00  7.27000e-01 
 0.00000e+00 -1.35000e+00 -1.50000e+00  7.27000e-01 
 0.00000e+00 -1.25000e+00 -1.50000e+00  7.27000e-01 
 0.00000e+00 -1.15000e+00 -1.50000e+00  7.27000e-01 
 0.00000e+00 -1.05000e+00 -1.50000e+00  7.27000e-01 
 0.00000e+00 -9.50000e-01 -1.50000e+00  7.27000e-01 
 0.00000e+00 -8.50000e-01 -1.50000e+00  7.27000e-01 
 0.00000e+00 -7.50000e-01 -1.50000e+00  7.27000e-01 
 0.00000e+00 -6.50000e-01 -1.50000e+00  7.27000e-01 
 0.00000e+00 -5.50000e-01 -1.50000e+00  7.27000e-01 
 0.00000e+00 -4.50000e-01 -1.50000e+00  7.27000e-01 
 0.00000e+00 -3.50000e-01 -1.50000e+00  7.27000e-01 
 0.00000e+00 -2.50000e-01 -1.50000e+00  7.27000e-01 
 0.00000e+00 -1.50000e-01 -1.50000e+00  7.27000e-01 
 0.00000e+00 -5.00000e-02 -1.50000e+00  7.27000e-01 
 0.00000e+00  5.00000e-02 -1.50000e+00  7.27000e-01 
 0.00000e+00  1.50000e-01 -1.50000e+00  7.27000e-01 
 0.00000e+00  2.50000e-01 -1.50000e+00  7.27000e-01 
 0.00000e+00  3.50000e-01 -1.50000e+00  7.27000e-01 
 0.00000e+00  4.50000e-01 -1.50000e+00  7.27000e-01 
 0.00000e+00  5.50000e-01 -1.50000e+00  7.27000e-01 
 0.00000e+00  6.50000e-01 -1.50000e+00  7.27000e-01 
 0.00000e+00  7.50000e-01 -1.50000e+00  7.27000e-01 
 0.00000e+00  8.50000e-01 -1.50000e+00  7.27000e-01 
 0.00000e+00  9.50000e-01 -1.50000e+00  7.27000e-01 
 0.00000e+00  1.05000e+00 -1.50000e+00  7.27000e-01 
 0.00000e+00  1.15000e+00 -1.50000e+00  7.27000e-01 
 0.00000e+00  1.25000e+00 -1.50000e+00  7.27000e-01 
 0.00000e+00  1.35000e+00 -1.50000e+00  7.27000e-01 
 0.00000e+00  1.45000e+00 -1.50000e+00  7.27000e-01 
 0.00000e+00  1.55000e+00 -1.50000e+00  7.27000e-01 
 0.00000e+00  1.65000e+00 -1.50000e+00  7.27000e-01 
 0.00000e+00  1.75000e+00 -1.50000e+00  7.27000e-01 
 0.00000e+00  1.85000e+00 -1.50000e+00  7.27000e-01 
 0.00000e+00  1.95000e+00 -1.50000e+00  7.27000e-01 
 0.00000e+00  2.15000e+00 -1.50000e+00  7.27000e-01 
 0.00000e+00  2.35000e+00 -1.50000e+00  7.27000e-01 
 0.00000e+00  2.55000e+00 -1.50000e+00  7.27000e-01 
 0.00000e+00  2.85000e+00 -1.50000e+00  7.27000e-01 
 1.00000e+00 -2.85000e+00  1.50000e+00  7.27000e-01 
 1.00000e+00 -2.55000e+00  1.50000e+00  7.27000e-01 
 1.00000e+00 -2.35000e+00  1.50000e+00  7.27000e-01 
 1.00000e+00 -2.15000e+00  1.50000e+00  7.27000e-01 
 1.00000e+00 -1.95000e+00  1.50000e+00  7.27000e-01 
 1.00000e+00 -1.85000e+00  1.50000e+00  7.27000e-01 
 1.00000e+00 -1.75000e+00  1.50000e+00  7.27000e-01 
 1.00000e+00 -1.65000e+00  1.50000e+00  7.27000e-01 
 1.00000e+00 -1.55000e+00  1.50000e+00  7.27000e-01 
 1.00000e+00 -1.45000e+00  1.50000e+00  7.27000e-01 
 1.00000e+00 -1.35000e+00  1.50000e+00  7.27000e-01 
 1.00000e+00 -1.25000e+00  1.50000e+00  7.27000e-01 
 1.00000e+00 -1.15000e+00  1.50000e+00  7.27000e-01 
 1.00000e+00 -1.05000e+00  1.50000e+00  7.27000e-01 
 1.00000e+00 -9.50000e-01  1.50000e+00  7.27000e-01 
 1.00000e+00 -8.50000e-01  1.50000e+00  7.27000e-01 
 1.00000e+00 -7.50000e-01  1.50000e+00  7.27000e-01 
 1.00000e+00 -6.50000e-01  1.50000e+00  7.27000e-01 
 1.00000e+00 -5.50000e-01  1.50000e+00  7.27000e-01 
 1.00000e+00 -4.50000e-01  1.50000e+00  7.27000e-01 
 1.00000e+00 -3.50000e-01  1.50000e+00  7.27000e-01 
 1.00000e+00 -2.50000e-01  1.50000e+00  7.27000e-01 
 1.00000e+00 -1.50000e-01  1.50000e+00  7.27000e-01 
 1.00000e+00 -5.00000e-02  1.50000e+00  7.27000e-01 
 1.00000e+00  5.00000e-02  1.50000e+00  7.27000e-01 
 1.00000e+00  1.50000e-01  1.50000e+00  7.27000e-01 
 1.00000e+00  2.50000e-01  1.50000e+00  7.27000e-01 
 1.00000e+00  3.50000e-01  1.50000e+00  7.27000e-01 
 1.00000e+00  4.50000e-01  1.50000e+00  7.27000e-01 
 1.00000e+00  5.50000e-01  1.50000e+00  7.27000e-01 
 1.00000e+00  6.50000e-01  1.50000e+00  7.27000e-01 
 1.00000e+00  7.50000e-01  1.50000e+00  7.27000e-01 
 1.00000e+00  8.50000e-01  1.50000e+00  7.27000e-01 
 1.00000e+00  9.50000e-01  1.50000e+00  7.27000e-01 
 1.00000e+00  1.05000e+00  1.50000e+00  7.27000e-01 
 1.00000e+00  1.15000e+00  1.50000e+00  7.27000e-01 
 1.00000e+00  1.25000e+00  1.50000e+00  7.27000e-01 
 1.00000e+00  1.35000e+00  1.50000e+00  7.27000e-01 
 1.00000e+00  1.45000e+00  1.50000e+00  7.27000e-01 
 1.00000e+00  1.55000e+00  1.50000e+00  7.27000e-01 
 1.00000e+00  1.65000e+00  1.50000e+00  7.27000e-01 
 1.00000e+00  1.75000e+00  1.50000e+00  7.27000e-01 
 1.00000e+00  1.85000e+00  1.50000e+00  7.27000e-01 
 1.00000e+00  1.95000e+00  1.50000e+00  7.27000e-01 
 1.00000e+00  2.15000e+00  1.50000e+00  7.27000e-01 
 1.00000e+00  2.35000e+00  1.50000e+00  7.27000e-01 
 1.00000e+00  2.55000e+00  1.50000e+00  7.27000e-01 
 1.00000e+00  2.85000e+00  1.50000e+00  7.27000e-01 
 2.00000e+00 -2.85000e+00 -1.50000e+00  1.26700e+00 
 2.00000e+00 -1.95000e+00 -1.50000e+00  1.26700e+00 
 2.00000e+00 -1.35000e+00 -1.50000e+00  1.26700e+00 
 2.00000e+00 -9.50000e-01 -1.50000e+00  1.26700e+00 
 2.00000e+00 -6.50000e-01 -1.50000e+00  1.26700e+00 
 2.00000e+00 -4.50000e-01 -1.50000e+00  1.26700e+00 
 2.00000e+00 -2.50000e-01 -1.50000e+00  1.26700e+00 
 2.00000e+00 -5.00000e-02 -1.50000e+00  1.26700e+00 
 2.00000e+00  5.00000e-02 -1.50000e+00  1.26700e+00 
 2.00000e+00  2.50000e-01 -1.50000e+00  1.26700e+00 
 2.00000e+00  4.50000e-01 -1.50000e+00  1.26700e+00 
 2.00000e+00  6.50000e-01 -1.50000e+00  1.26700e+00 
 2.00000e+00  9.50000e-01 -1.50000e+00  1.26700e+00 
 2.00000e+00  1.35000e+00 -1.50000e+00  1.26700e+00 
 2.00000e+00  1.95000e+00 -1.50000e+00  1.26700e+00 
 2.00000e+00  2.85000e+00 -1.50000e+00  1.26700e+00 
 3.00000e+00 -2.85000e+00  1.50000e+00  1.26700e+00 
 3.00000e+00 -1.95000e+00  1.50000e+00  1.26700e+00 
 3.00000e+00 -1.35000e+00  1.50000e+00  1.26700e+00 
 3.00000e+00 -9.50000e-01  1.50000e+00  1.26700e+00 
 3.00000e+00 -6.50000e-01  1.50000e+00  1.26700e+00 
 3.00000e+00 -4.50000e-01  1.50000e+00  1.26700e+00 
 3.00000e+00 -2.50000e-01  1.50000e+00  1.26700e+00 
 3.00000e+00 -5.00000e-02  1.50000e+00  1.26700e+00 
 3.00000e+00  5.00000e-02  1.50000e+00  1.26700e+00 
 3.00000e+00  2.50000e-01  1.50000e+00  1.26700e+00 
 3.00000e+00  4.50000e-01  1.50000e+00  1.26700e+00 
 3.00000e+00  6.50000e-01  1.50000e+00  1.26700e+00 
 3.00000e+00  9.50000e-01  1.50000e+00  1.26700e+00 
 3.00000e+00  1.35000e+00  1.50000e+00  1.26700e+00 
 3.00000e+00  1.95000e+00  1.50000e+00  1.26700e+00 
 3.00000e+00  2.85000e+00  1.50000e+00  1.26700e+00 
 0.00000e+00  2.70000e+00 -3.47500e-01  0.00000e+00 
 0.00000e+00  2.70000e+00 -3.17500e-01  0.00000e+00 
 0.00000e+00  2.70000e+00 -2.87500e-01  0.00000e+00 
 0.00000e+00  2.70000e+00 -2.67500e-01  0.00000e+00 
 0.00000e+00  2.70000e+00 -2.47500e-01  0.00000e+00 
 0.00000e+00  2.70000e+00 -2.32500e-01  0.00000e+00 
 0.00000e+00  2.70000e+00 -2.17500e-01  0.00000e+00 
 0.00000e+00  2.70000e+00 -2.07500e-01  0.00000e+00 
 0.00000e+00  2.70000e+00 -1.97500e-01  0.00000e+00 
 0.00000e+00  2.70000e+00 -1.92500e-01  0.00000e+00 
 0.00000e+00  2.70000e+00 -1.87500e-01  0.00000e+00 
 0.00000e+00  2.70000e+00 -1.82500e-01  0.00000e+00 
 0.00000e+00  2.70000e+00 -1.77500e-01  0.00000e+00 
 0.00000e+00  2.70000e+00 -1.72500e-01  0.00000e+00 
 0.00000e+00  2.70000e+00 -1.67500e-01  0.00000e+00 
 0.00000e+00  2.70000e+00 -1.62500e-01  0.00000e+00 
 0.00000e+00  2.70000e+00 -1.57500e-01  0.00000e+00 
 0.00000e+00  2.70000e+00 -1.52500e-01  0.00000e+00 
 0.00000e+00  2.70000e+00 -1.47500e-01  0.00000e+00 
 0.00000e+00  2.70000e+00 -1.42500e-01  0.00000e+00 
 0.00000e+00  2.70000e+00 -1.37500e-01  0.00000e+00 
 0.00000e+00  2.70000e+00 -1.32500e-01  0.00000e+00 
 0.00000e+00  2.70000e+00 -1.27500e-01  0.00000e+00 
 0.00000e+00  2.70000e+00 -1.22500e-01  0.00000e+00 
 0.00000e+00  2.70000e+00 -1.17500e-01  0.00000e+00 
 0.00000e+00  2.70000e+00 -1.12500e-01  0.00000e+00 
 0.00000e+00  2.70000e+00 -1.07500e-01  0.00000e+00 
 0.00000e+00  2.70000e+00 -1.02500e-01  0.00000e+00 
 0.00000e+00  2.70000e+00 -9.75000e-02  0.00000e+00 
 0.00000e+00  2.70000e+00 -9.25000e-02  0.00000e+00 
 0.00000e+00  2.70000e+00 -8.75000e-02  0.00000e+00 
 0.00000e+00  2.70000e+00 -8.25000e-02  0.00000e+00 
 0.00000e+00  2.70000e+00 -7.75000e-02  0.00000e+00 
 0.00000e+00  2.70000e+00 -7.25000e-02  0.00000e+00 
 0.00000e+00  2.70000e+00 -6.75000e-02  0.00000e+00 
 0.00000e+00  2.70000e+00 -6.25000e-02  0.00000e+00 
 0.00000e+00  2.70000e+00 -5.75000e-02  0.00000e+00 
 0.00000e+00  2.70000e+00 -5.25000e-02  0.00000e+00 
 0.00000e+00  2.70000e+00 -4.75000e-02  0.00000e+00 
 0.00000e+00  2.70000e+00 -4.25000e-02  0.00000e+00 
 0.00000e+00  2.70000e+00 -3.75000e-02  0.00000e+00 
 0.00000e+00  2.70000e+00 -3.25000e-02  0.00000e+00 
 0.00000e+00  2.70000e+00 -2.75000e-02  0.00000e+00 
 0.00000e+00  2.70000e+00 -2.25000e-02  0.00000e+00 
 0.00000e+00  2.70000e+00 -1.75000e-02  0.00000e+00 
 0.00000e+00  2.70000e+00 -1.25000e-02  0.00000e+00 
 0.00000e+00  2.70000e+00 -7.50000e-03  0.00000e+00 
 0.00000e+00  2.70000e+00 -2.50000e-03  0.00000e+00 
 0.00000e+00  2.70000e+00  2.50000e-03  0.00000e+00 
 0.00000e+00  2.70000e+00  7.50000e-03  0.00000e+00 
 0.00000e+00  2.70000e+00  1.25000e-02  0.00000e+00 
 0.00000e+00  2.70000e+00  1.75000e-02  0.00000e+00 
 0.00000e+00  2.70000e+00  2.25000e-02  0.00000e+00 
 0.00000e+00  2.70000e+00  2.75000e-02  0.00000e+00 
 0.00000e+00  2.70000e+00  3.25000e-02  0.00000e+00 
 0.00000e+00  2.70000e+00  3.75000e-02  0.00000e+00 
 0.00000e+00  2.70000e+00  4.25000e-02  0.00000e+00 
 0.00000e+00  2.70000e+00  4.75000e-02  0.00000e+00 
 0.00000e+00  2.70000e+00  5.25000e-02  0.00000e+00 
 0.00000e+00  2.70000e+00  5.75000e-02  0.00000e+00 
 0.00000e+00  2.70000e+00  6.25000e-02  0.00000e+00 
 0.00000e+00  2.70000e+00  6.75000e-02  0.00000e+00 
 0.00000e+00  2.70000e+00  7.25000e-02  0.00000e+00 
 0.00000e+00  2.70000e+00  7.75000e-02  0.00000e+00 
 0.00000e+00  2.70000e+00  8.25000e-02  0.00000e+00 
 0.00000e+00  2.70000e+00  8.75000e-02  0.00000e+00 
 0.00000e+00  2.70000e+00  9.25000e-02  0.00000e+00 
 0.00000e+00  2.70000e+00  9.75000e-02  0.00000e+00 
 0.00000e+00  2.70000e+00  1.02500e-01  0.00000e+00 
 0.00000e+00  2.70000e+00  1.07500e-01  0.00000e+00 
 0.00000e+00  2.70000e+00  1.12500e-01  0.00000e+00 
 0.00000e+00  2.70000e+00  1.17500e-01  0.00000e+00 
 0.00000e+00  2.70000e+00  1.22500e-01  0.00000e+00 
 0.00000e+00  2.70000e+00  1.27500e-01  0.00000e+00 
 0.00000e+00  2.70000e+00  1.32500e-01  0.00000e+00 
 0.00000e+00  2.70000e+00  1.37500e-01  0.00000e+00 
 0.00000e+00  2.70000e+00  1.42500e-01  0.00000e+00 
 0.00000e+00  2.70000e+00  1.47500e-01  0.00000e+00 
 0.00000e+00  2.70000e+00  1.52500e-01  0.00000e+00 
 0.00000e+00  2.70000e+00  1.57500e-01  0.00000e+00 
 0.00000e+00  2.70000e+00  1.62500e-01  0.00000e+00 
 0.00000e+00  2.70000e+00  1.67500e-01  0.00000e+00 
 0.00000e+00  2.70000e+00  1.72500e-01  0.00000e+00 
 0.00000e+00  2.70000e+00  1.77500e-01  0.00000e+00 
 0.00000e+00  2.70000e+00  1.82500e-01  0.00000e+00 
 0.00000e+00  2.70000e+00  1.87500e-01  0.00000e+00 
 0.00000e+00  2.70000e+00  1.92500e-01  0.00000e+00 
 0.00000e+00  2.70000e+00  1.97500e-01  0.00000e+00 
 0.00000e+00  2.70000e+00  2.07500e-01  0.00000e+00 
 0.00000e+00  2.70000e+00  2.17500e-01  0.00000e+00 
 0.00000e+00  2.70000e+00  2.32500e-01  0.00000e+00 
 0.00000e+00  2.70000e+00  2.47500e-01  0.00000e+00 
 0.00000e+00  2.70000e+00  2.67500e-01  0.00000e+00 
 0.00000e+00  2.70000e+00  2.87500e-01  0.00000e+00 
 0.00000e+00  2.70000e+00  3.17500e-01  0.00000e+00 
 0.00000e+00  2.70000e+00  3.47500e-01  0.00000e+00 
