-5.01968e+00 -3.35999e-02  4.96681e+00 
 4.38106e+01  4.38189e+01  4.36398e+01 
 1.85144e+01  1.88078e+01  1.90070e+01 
 2.94460e+06  2.93992e+06  2.92471e+06 
 1.16510e+03  1.16437e+03  1.15422e+03 
 1.02059e+05  1.02055e+05  1.02064e+05 
 1.92074e+02  1.86100e+02  1.68846e+02 
 2.32366e+02  2.71452e+02  2.87157e+02 
 2.56578e+02  3.22310e+02  3.53553e+02 
 2.54386e+02  3.27554e+02  3.67460e+02 
 2.40000e+02  3.16481e+02  3.61930e+02 
 2.22600e+02  2.99592e+02  3.50096e+02 
 1.81624e+02  2.61185e+02  3.23034e+02 
 1.27271e+02  2.13718e+02  2.87255e+02 
 7.76463e+01  1.71999e+02  2.59344e+02 
 1.19535e+01  1.15632e+02  2.18983e+02 
-6.29533e+01  5.23962e+01  1.73912e+02 
-1.40787e+02 -6.67318e+00  1.35321e+02 
-2.59915e+02 -9.00175e+01  7.99770e+01 
-3.04905e+02 -1.21928e+02  2.49516e+01 
-3.87086e+02 -1.74364e+02 -5.40308e+00 
-4.97958e+02 -2.46707e+02 -4.54096e+01 
-4.93944e+02 -2.45077e+02 -4.49951e+01 
-5.94388e+02 -3.54353e+02 -7.62949e+01 
-6.83426e+02 -3.99598e+02 -9.87601e+01 
-7.70309e+02 -4.48294e+02 -1.17501e+02 
-8.46318e+02 -4.79454e+02 -1.11335e+02 
-8.97609e+02 -4.83761e+02 -8.15291e+01 
-9.15388e+02 -4.82066e+02 -6.64927e+01 
-9.30158e+02 -4.64036e+02 -3.36972e+01 
-9.26293e+02 -4.44150e+02  5.31126e+00 
-9.55193e+02 -4.42642e+02  2.91068e+01 
-9.61806e+02 -4.18779e+02  7.10010e+01 
-9.98265e+02 -4.11320e+02  1.07254e+02 
-1.08101e+03 -4.09776e+02  1.81251e+02 
-1.15632e+03 -3.88238e+02  2.41975e+02 
-1.22453e+03 -3.62588e+02  3.13005e+02 
-1.24332e+03 -3.44461e+02  3.50758e+02 
-1.27532e+03 -3.35790e+02  3.87138e+02 
-1.30427e+03 -3.18377e+02  4.19135e+02 
-1.33295e+03 -2.90628e+02  4.71290e+02 
-1.37684e+03 -2.83553e+02  5.07675e+02 
-1.41243e+03 -2.54238e+02  5.63122e+02 
-1.44497e+03 -2.12517e+02  6.27399e+02 
-1.49427e+03 -1.64700e+02  7.03392e+02 
-1.58145e+03 -1.11924e+02  7.88967e+02 
-1.71747e+03 -7.79614e+01  8.74110e+02 
-1.83447e+03  2.94246e+01  9.95379e+02 
-1.79936e+03  2.40076e+02  1.10405e+03 
-1.54216e+03  5.73209e+02  1.13084e+03 
-6.98125e+02  1.00389e+03  8.25489e+02 
 2.20969e+02  1.14075e+03 -2.37738e+02 
 1.03852e+03  8.29136e+02 -1.13761e+03 
 1.15002e+03  4.64980e+02 -1.50976e+03 
 1.06823e+03  1.67988e+02 -1.72361e+03 
 9.40367e+02 -2.23804e+01 -1.75941e+03 
 8.20116e+02 -1.37172e+02 -1.71705e+03 
 7.11751e+02 -2.36213e+02 -1.69928e+03 
 6.13299e+02 -3.17804e+02 -1.69221e+03 
 5.20081e+02 -3.94578e+02 -1.68989e+03 
 4.37588e+02 -4.55973e+02 -1.68653e+03 
 3.63279e+02 -5.11954e+02 -1.68598e+03 
 2.97885e+02 -5.55695e+02 -1.67851e+03 
 2.38068e+02 -5.95075e+02 -1.66995e+03 
 1.81981e+02 -6.30458e+02 -1.66387e+03 
 1.31249e+02 -6.63062e+02 -1.65831e+03 
 8.35660e+01 -6.91237e+02 -1.64994e+03 
-2.26187e+01 -7.58331e+02 -1.64348e+03 
-1.05327e+02 -7.99623e+02 -1.61922e+03 
-2.73894e+02 -9.09545e+02 -1.62040e+03 
-3.32276e+02 -9.35893e+02 -1.60027e+03 
-3.90659e+02 -9.62241e+02 -1.58013e+03 
-4.16157e+02 -9.63159e+02 -1.55761e+03 
-4.70453e+02 -9.97357e+02 -1.56328e+03 
-5.08113e+02 -1.01552e+03 -1.55222e+03 
-5.38142e+02 -1.02420e+03 -1.53342e+03 
-5.65025e+02 -1.03117e+03 -1.51462e+03 
-5.86872e+02 -1.03022e+03 -1.49033e+03 
-5.95920e+02 -1.01736e+03 -1.45816e+03 
-5.92334e+02 -9.91904e+02 -1.38848e+03 
-5.89794e+02 -9.67662e+02 -1.30225e+03 
-5.80834e+02 -9.40312e+02 -1.24161e+03 
-5.72492e+02 -9.20565e+02 -1.21612e+03 
-5.68305e+02 -9.10673e+02 -1.20048e+03 
-5.64692e+02 -9.02368e+02 -1.18326e+03 
-5.54116e+02 -8.81979e+02 -1.15212e+03 
-5.41090e+02 -8.59286e+02 -1.11517e+03 
-5.34136e+02 -8.38676e+02 -1.09639e+03 
-5.26156e+02 -8.13094e+02 -1.07241e+03 
-5.10846e+02 -7.60402e+02 -1.03386e+03 
-5.10061e+02 -7.63646e+02 -1.03316e+03 
-4.66212e+02 -6.76115e+02 -9.14700e+02 
-4.25173e+02 -6.15774e+02 -8.11108e+02 
-2.66859e+02 -4.32122e+02 -5.69230e+02 
-2.03954e+02 -3.43836e+02 -4.58228e+02 
-1.41050e+02 -2.55550e+02 -3.47226e+02 
-8.29740e+01 -1.76805e+02 -2.49931e+02 
-3.12287e+01 -1.06104e+02 -1.63647e+02 
 1.79236e+01 -3.96906e+01 -8.19012e+01 
 7.33356e+01  3.18612e+01  8.01593e-01 
 9.15101e+01  5.52998e+01  2.72113e+01 
 1.10278e+02  7.81007e+01  5.37253e+01 
 1.24669e+02  9.84664e+01  7.73455e+01 
 1.32374e+02  1.13303e+02  9.75404e+01 
 1.34954e+02  1.26541e+02  1.17739e+02 
 1.36717e+02  1.37295e+02  1.34243e+02 
-1.65907e+01 -8.21023e-02  1.50240e+01 
-2.96888e+01 -7.99536e+00  1.22176e+01 
-3.22878e+01 -6.22977e+00  1.82484e+01 
-3.32290e+01 -1.86234e+00  2.74104e+01 
-3.83053e+01 -6.96562e-01  3.44234e+01 
-4.16746e+01 -4.29621e-01  3.82599e+01 
-4.61457e+01 -8.01719e-01  4.15890e+01 
-5.45805e+01 -4.46046e+00  4.21148e+01 
-5.72117e+01 -2.47519e+00  4.83172e+01 
-5.98430e+01 -4.89915e-01  5.45197e+01 
-6.26007e+01  2.05681e+00  6.15745e+01 
-6.50717e+01  4.96322e+00  6.91555e+01 
-7.36812e+01  2.33465e+00  7.19995e+01 
-7.82655e+01  3.61778e+00  7.79563e+01 
-8.65013e+01  1.71668e+00  8.15502e+01 
-9.41271e+01  6.36836e-02  8.48995e+01 
-1.11769e+02 -1.04390e+01  8.08641e+01 
-1.12667e+02 -7.23458e+00  8.76067e+01 
-1.22590e+02 -1.16958e+01  8.74754e+01 
-1.23939e+02 -9.79223e+00  9.20551e+01 
-1.25197e+02 -8.42527e+00  9.53501e+01 
-1.29798e+02 -1.08591e+01  9.50302e+01 
-1.32681e+02 -1.26322e+01  9.40762e+01 
-1.29527e+02 -1.11599e+01  9.42022e+01 
-1.26373e+02 -9.68754e+00  9.43282e+01 
-1.20994e+02 -7.41900e+00  9.41305e+01 
-1.14231e+02 -4.39027e+00  9.39591e+01 
-1.10290e+02 -4.77591e+00  8.95844e+01 
-1.03098e+02 -2.16407e+00  8.81988e+01 
-9.54396e+01 -1.62354e-02  8.54431e+01 
-9.00115e+01 -2.46915e-01  8.03932e+01 
-8.70868e+01 -2.61491e+00  7.32009e+01 
-8.33254e+01 -4.64003e+00  6.62568e+01 
-7.38750e+01 -9.92833e-01  6.45613e+01 
-7.18787e+01 -4.25709e+00  5.65535e+01 
-6.32199e+01 -9.74444e-01  5.46453e+01 
-5.79167e+01 -6.43710e-01  5.01571e+01 
-5.47770e+01 -2.37127e+00  4.44001e+01 
-4.95156e+01 -1.42240e+00  4.10553e+01 
-4.53580e+01 -1.28050e+00  3.74619e+01 
-4.02105e+01  1.65783e-01  3.52668e+01 
-3.86368e+01 -1.91502e+00  3.01878e+01 
-3.75842e+01 -3.61596e+00  2.52456e+01 
-4.01994e+01 -9.26952e+00  1.72055e+01 
-4.12134e+01 -1.53301e+01  6.30024e+00 
-4.93221e+01 -2.75132e+01 -1.00177e+01 
-5.50359e+01 -3.66583e+01 -2.24149e+01 
-6.52284e+01 -5.08289e+01 -4.03341e+01 
-6.67919e+00 -1.83050e+01 -3.12605e+01 
-5.86222e+00 -2.26561e+01 -4.04029e+01 
-4.69863e+00 -2.57524e+01 -4.79256e+01 
-1.89326e+00 -2.79383e+01 -5.54845e+01 
-2.88224e+00 -3.53454e+01 -6.95479e+01 
-2.08885e+00 -3.80763e+01 -7.59059e+01 
-1.52682e+00 -4.12367e+01 -8.32243e+01 
-2.46241e+00 -4.62803e+01 -9.25939e+01 
-2.21876e+00 -5.05414e+01 -1.01792e+02 
-7.22672e+00 -6.06063e+01 -1.17338e+02 
-7.18837e+00 -6.58831e+01 -1.28273e+02 
-3.55728e+00 -6.72725e+01 -1.35333e+02 
-3.28788e+00 -7.27176e+01 -1.46725e+02 
-3.28041e+00 -7.79614e+01 -1.58238e+02 
-1.90470e+00 -8.21135e+01 -1.68379e+02 
-5.42501e+00 -9.14400e+01 -1.84236e+02 
-6.39258e+00 -9.76801e+01 -1.96086e+02 
-6.55354e+00 -1.02810e+02 -2.06586e+02 
-8.35480e+00 -1.08755e+02 -2.16925e+02 
-1.30857e+01 -1.17250e+02 -2.29819e+02 
-1.79240e+01 -1.24768e+02 -2.40477e+02 
-2.12622e+01 -1.29721e+02 -2.47210e+02 
-2.81060e+01 -1.38257e+02 -2.56680e+02 
-2.94424e+01 -1.38787e+02 -2.55939e+02 
-3.35132e+01 -1.41265e+02 -2.56732e+02 
-3.37869e+01 -1.39081e+02 -2.51293e+02 
-3.38552e+01 -1.35505e+02 -2.44324e+02 
-3.87481e+01 -1.36633e+02 -2.40555e+02 
-3.33256e+01 -1.25260e+02 -2.23693e+02 
-3.42278e+01 -1.21323e+02 -2.14333e+02 
-3.26834e+01 -1.14248e+02 -2.00969e+02 
-3.19247e+01 -1.07983e+02 -1.88568e+02 
-3.74963e+01 -1.08450e+02 -1.83521e+02 
-3.35967e+01 -9.86889e+01 -1.67542e+02 
-3.19333e+01 -9.15940e+01 -1.54837e+02 
-2.98197e+01 -8.39301e+01 -1.41396e+02 
-2.76150e+01 -7.72637e+01 -1.30233e+02 
-3.07985e+01 -7.58791e+01 -1.23940e+02 
-3.25403e+01 -7.31518e+01 -1.16998e+02 
-2.78371e+01 -6.45520e+01 -1.04060e+02 
-2.83904e+01 -6.12974e+01 -9.71229e+01 
-3.10556e+01 -6.06964e+01 -9.32006e+01 
-2.99958e+01 -5.66986e+01 -8.63277e+01 
-3.14183e+01 -5.50897e+01 -8.17336e+01 
-3.39022e+01 -5.25125e+01 -7.40327e+01 
-3.45545e+01 -4.91688e+01 -6.68976e+01 
-4.29988e+01 -5.40979e+01 -6.84855e+01 
-5.70539e+01 -6.38463e+01 -7.39875e+01 
-2.00560e+01 -3.52912e+00  1.14829e+01 
-4.11520e+01 -3.15919e+00  3.21412e+01 
-6.07716e+01  3.72533e+00  6.31201e+01 
-8.76883e+01  7.00095e-01  8.06555e+01 
-1.10296e+02 -4.62750e+00  9.00461e+01 
-1.19072e+02 -5.16948e+00  9.64180e+01 
-1.26458e+02 -7.80388e+00  9.78120e+01 
-1.25176e+02 -6.87876e+00  9.83344e+01 
-1.26213e+02 -9.19626e+00  9.49453e+01 
-1.13661e+02 -3.65160e+00  9.45053e+01 
-1.08819e+02 -7.41846e+00  8.37192e+01 
-9.07424e+01 -1.05927e+00  7.97644e+01 
-7.40306e+01 -9.33864e-01  6.42404e+01 
-5.06288e+01  1.68836e+00  4.85916e+01 
-3.98051e+01 -9.07767e+00  1.71428e+01 
-6.65902e+01 -5.21165e+01 -4.14367e+01 
-7.36496e+00 -1.89829e+01 -3.19732e+01 
-2.82502e+00 -3.50656e+01 -6.89708e+01 
-7.14216e-01 -5.87414e+01 -1.20815e+02 
-2.33367e+00 -8.27558e+01 -1.69538e+02 
-7.56433e+00 -1.04043e+02 -2.08560e+02 
-1.17567e+01 -1.15692e+02 -2.28910e+02 
-2.14246e+01 -1.30461e+02 -2.48948e+02 
-3.03735e+01 -1.39427e+02 -2.56705e+02 
-2.97925e+01 -1.36896e+02 -2.52220e+02 
-3.41499e+01 -1.35408e+02 -2.43961e+02 
-3.42803e+01 -1.26676e+02 -2.24724e+02 
-3.33908e+01 -1.15086e+02 -2.01490e+02 
-3.11462e+01 -9.59921e+01 -1.64703e+02 
-2.90450e+01 -7.41003e+01 -1.22304e+02 
-2.85070e+01 -5.23615e+01 -7.89463e+01 
-5.90739e+01 -6.57300e+01 -7.58326e+01 
 1.16538e+03  1.16692e+03  1.15862e+03 
 1.16515e+03  1.16675e+03  1.15823e+03 
 1.16518e+03  1.16704e+03  1.15825e+03 
 1.16536e+03  1.16695e+03  1.15813e+03 
 1.16503e+03  1.16681e+03  1.15812e+03 
 1.16527e+03  1.16708e+03  1.15836e+03 
 1.16511e+03  1.16661e+03  1.15796e+03 
 1.16493e+03  1.16672e+03  1.15810e+03 
 1.16508e+03  1.16703e+03  1.15842e+03 
 1.16510e+03  1.16700e+03  1.15836e+03 
 1.16524e+03  1.16690e+03  1.15837e+03 
 1.16517e+03  1.16691e+03  1.15826e+03 
 1.16456e+03  1.16652e+03  1.15794e+03 
 1.16518e+03  1.16722e+03  1.15827e+03 
 1.16480e+03  1.16663e+03  1.15778e+03 
 1.16458e+03  1.16670e+03  1.15764e+03 
 1.16467e+03  1.16671e+03  1.15731e+03 
 1.16424e+03  1.16522e+03  1.15385e+03 
 1.16463e+03  1.16669e+03  1.15393e+03 
 1.16482e+03  1.16692e+03  1.14950e+03 
 1.16490e+03  1.16701e+03  1.14458e+03 
 1.16488e+03  1.16682e+03  1.13429e+03 
 1.16477e+03  1.16686e+03  1.12524e+03 
 1.16462e+03  1.16675e+03  1.11526e+03 
 1.16467e+03  1.16689e+03  1.09412e+03 
 1.16470e+03  1.16692e+03  1.07865e+03 
 1.16491e+03  1.16695e+03  1.06147e+03 
 1.16473e+03  1.16681e+03  1.04617e+03 
 1.16455e+03  1.16672e+03  1.03497e+03 
 1.16456e+03  1.16668e+03  1.02394e+03 
 1.16480e+03  1.16691e+03  1.01857e+03 
 1.16476e+03  1.16676e+03  1.01996e+03 
 1.16473e+03  1.16660e+03  1.02134e+03 
 1.16446e+03  1.16617e+03  1.03158e+03 
 1.16488e+03  1.16659e+03  1.04235e+03 
 1.16478e+03  1.16656e+03  1.05862e+03 
 1.16468e+03  1.16653e+03  1.07489e+03 
 1.16482e+03  1.16668e+03  1.08609e+03 
 1.16482e+03  1.16584e+03  1.10449e+03 
 1.16483e+03  1.16404e+03  1.11853e+03 
 1.16443e+03  1.16086e+03  1.12802e+03 
 1.16414e+03  1.15537e+03  1.13801e+03 
 1.16464e+03  1.14727e+03  1.14545e+03 
 1.16471e+03  1.13354e+03  1.15001e+03 
 1.16479e+03  1.11980e+03  1.15457e+03 
 1.16492e+03  1.09860e+03  1.15683e+03 
 1.16486e+03  1.08154e+03  1.15759e+03 
 1.16481e+03  1.05723e+03  1.15789e+03 
 1.16505e+03  1.04562e+03  1.15809e+03 
 1.16464e+03  1.03133e+03  1.15801e+03 
 1.16452e+03  1.02331e+03  1.15790e+03 
 1.16474e+03  1.02170e+03  1.15806e+03 
 1.16437e+03  1.02686e+03  1.15790e+03 
 1.16428e+03  1.03825e+03  1.15800e+03 
 1.16398e+03  1.05114e+03  1.15822e+03 
 1.16300e+03  1.07073e+03  1.15822e+03 
 1.16073e+03  1.08914e+03  1.15817e+03 
 1.15735e+03  1.10939e+03  1.15856e+03 
 1.15215e+03  1.12455e+03  1.15812e+03 
 1.14402e+03  1.13904e+03  1.15823e+03 
 1.13363e+03  1.15147e+03  1.15846e+03 
 1.12282e+03  1.15829e+03  1.15849e+03 
 1.10821e+03  1.16243e+03  1.15825e+03 
 1.09552e+03  1.16480e+03  1.15848e+03 
 1.08000e+03  1.16580e+03  1.15763e+03 
 1.06364e+03  1.16648e+03  1.15766e+03 
 1.04415e+03  1.16654e+03  1.15771e+03 
 1.03162e+03  1.16638e+03  1.15736e+03 
 1.02289e+03  1.16623e+03  1.15729e+03 
 1.01367e+03  1.16677e+03  1.15793e+03 
 1.01055e+03  1.16616e+03  1.15703e+03 
 1.01170e+03  1.16661e+03  1.15764e+03 
 1.01838e+03  1.16535e+03  1.15648e+03 
 1.02610e+03  1.16626e+03  1.15710e+03 
 1.04230e+03  1.16606e+03  1.15721e+03 
 1.05527e+03  1.16597e+03  1.15693e+03 
 1.07309e+03  1.16657e+03  1.15761e+03 
 1.09390e+03  1.16639e+03  1.15747e+03 
 1.10660e+03  1.16641e+03  1.15756e+03 
 1.12046e+03  1.16680e+03  1.15773e+03 
 1.13259e+03  1.16666e+03  1.15757e+03 
 1.14457e+03  1.16648e+03  1.15749e+03 
 1.15208e+03  1.16628e+03  1.15728e+03 
 1.15684e+03  1.16614e+03  1.15713e+03 
 1.15964e+03  1.16616e+03  1.15665e+03 
 1.16266e+03  1.16599e+03  1.15704e+03 
 1.16375e+03  1.16628e+03  1.15742e+03 
 1.16407e+03  1.16606e+03  1.15705e+03 
 1.16417e+03  1.16616e+03  1.15720e+03 
 1.16452e+03  1.16633e+03  1.15752e+03 
 1.16445e+03  1.16587e+03  1.15702e+03 
 1.16399e+03  1.16552e+03  1.15642e+03 
 1.16409e+03  1.16612e+03  1.15704e+03 
 1.16426e+03  1.16618e+03  1.15707e+03 
 1.16453e+03  1.16636e+03  1.15756e+03 
 1.16433e+03  1.16640e+03  1.15729e+03 
-6.83633e+02  2.72340e+02  1.12260e+03 
 3.28041e+01  7.19972e+00  1.90727e+01 
 3.97764e+01  4.66951e+02  9.44380e+02 
-4.55679e+01  1.49118e+01 -7.33034e+01 
 1.00000e+00  1.00000e+00  0.00000e+00  9.99500e-01 
 0.00000e+00  9.80060e-01  9.70000e-04  9.94160e-01 
 0.00000e+00  9.60050e-01  1.97000e-03  9.88800e-01 
 0.00000e+00  9.40020e-01  2.11000e-03  9.83430e-01 
 0.00000e+00  9.20000e-01  1.41000e-03  9.78060e-01 
 0.00000e+00  9.00000e-01  1.30000e-04  9.72710e-01 
 0.00000e+00  8.59760e-01 -3.47000e-03  9.61920e-01 
 0.00000e+00  8.19630e-01 -8.23000e-03  9.51170e-01 
 0.00000e+00  7.79600e-01 -1.38600e-02  9.40440e-01 
 0.00000e+00  7.39650e-01 -2.00600e-02  9.29740e-01 
 0.00000e+00  6.99760e-01 -2.66000e-02  9.19050e-01 
 0.00000e+00  6.59880e-01 -3.32400e-02  9.08360e-01 
 0.00000e+00  5.99680e-01 -4.30500e-02  8.92240e-01 
 0.00000e+00  5.80050e-01 -4.61100e-02  8.86980e-01 
 0.00000e+00  5.40060e-01 -5.20100e-02  8.76260e-01 
 0.00000e+00  5.00000e-01 -5.73600e-02  8.65530e-01 
 0.00000e+00  5.00000e-01 -5.73600e-02  9.99500e-01 
 0.00000e+00  4.60140e-01 -6.19300e-02  9.88820e-01 
 0.00000e+00  4.20200e-01 -6.56100e-02  9.78120e-01 
 0.00000e+00  3.80180e-01 -6.82400e-02  9.67390e-01 
 0.00000e+00  3.40100e-01 -6.95900e-02  9.56660e-01 
 0.00000e+00  3.00000e-01 -6.95700e-02  9.45910e-01 
 0.00000e+00  2.79880e-01 -6.91000e-02  9.40520e-01 
 0.00000e+00  2.59770e-01 -6.83200e-02  9.35130e-01 
 0.00000e+00  2.39670e-01 -6.72200e-02  9.29750e-01 
 0.00000e+00  2.19600e-01 -6.57900e-02  9.24370e-01 
 0.00000e+00  1.99550e-01 -6.40100e-02  9.18990e-01 
 0.00000e+00  1.79530e-01 -6.18700e-02  9.13630e-01 
 0.00000e+00  1.39620e-01 -5.64500e-02  9.02940e-01 
 0.00000e+00  1.19760e-01 -5.30800e-02  8.97620e-01 
 0.00000e+00  1.00000e-01 -4.91600e-02  8.92320e-01 
 0.00000e+00  9.23100e-02 -4.74500e-02  8.90260e-01 
 0.00000e+00  8.46400e-02 -4.56300e-02  8.88200e-01 
 0.00000e+00  7.69900e-02 -4.36900e-02  8.86160e-01 
 0.00000e+00  6.93900e-02 -4.16200e-02  8.84120e-01 
 0.00000e+00  6.18200e-02 -3.93900e-02  8.82090e-01 
 0.00000e+00  5.43000e-02 -3.69900e-02  8.80080e-01 
 0.00000e+00  4.68500e-02 -3.43800e-02  8.78080e-01 
 0.00000e+00  3.94700e-02 -3.15500e-02  8.76100e-01 
 0.00000e+00  3.21800e-02 -2.84700e-02  8.74150e-01 
 0.00000e+00  2.50200e-02 -2.51100e-02  8.72230e-01 
 0.00000e+00  1.81300e-02 -2.11800e-02  8.70380e-01 
 0.00000e+00  1.17500e-02 -1.64200e-02  8.68670e-01 
 0.00000e+00  6.09000e-03 -1.07800e-02  8.67160e-01 
 0.00000e+00  1.97000e-03 -3.88000e-03  8.66050e-01 
 0.00000e+00  0.00000e+00  3.96000e-03  8.65530e-01 
 1.00000e+00  1.94000e-03  1.22400e-02  8.66050e-01 
 1.00000e+00  6.29000e-03  1.95300e-02  8.67210e-01 
 1.00000e+00  1.17700e-02  2.59600e-02  8.68680e-01 
 1.00000e+00  1.80400e-02  3.15700e-02  8.70360e-01 
 1.00000e+00  2.47900e-02  3.65600e-02  8.72170e-01 
 1.00000e+00  3.17600e-02  4.12100e-02  8.74040e-01 
 1.00000e+00  3.89200e-02  4.55500e-02  8.75960e-01 
 1.00000e+00  4.62300e-02  4.96000e-02  8.77910e-01 
 1.00000e+00  5.36700e-02  5.34000e-02  8.79910e-01 
 1.00000e+00  6.12100e-02  5.69700e-02  8.81930e-01 
 1.00000e+00  6.88500e-02  6.03300e-02  8.83970e-01 
 1.00000e+00  7.65500e-02  6.35100e-02  8.86040e-01 
 1.00000e+00  8.43200e-02  6.65300e-02  8.88120e-01 
 1.00000e+00  9.21300e-02  6.93900e-02  8.90210e-01 
 1.00000e+00  1.00000e-01  7.21100e-02  8.92320e-01 
 1.00000e+00  1.19480e-01  7.82500e-02  8.97540e-01 
 1.00000e+00  1.39150e-01  8.36800e-02  9.02810e-01 
 1.00000e+00  1.78890e-01  9.28400e-02  9.13460e-01 
 1.00000e+00  1.98910e-01  9.66400e-02  9.18820e-01 
 1.00000e+00  2.19020e-01  9.99400e-02  9.24210e-01 
 1.00000e+00  2.39190e-01  1.02770e-01  9.29620e-01 
 1.00000e+00  2.59420e-01  1.05150e-01  9.35040e-01 
 1.00000e+00  2.79690e-01  1.07090e-01  9.40470e-01 
 1.00000e+00  3.00000e-01  1.08620e-01  9.45910e-01 
 1.00000e+00  3.20010e-01  1.09710e-01  9.51270e-01 
 1.00000e+00  3.40040e-01  1.10380e-01  9.56640e-01 
 1.00000e+00  3.60080e-01  1.10600e-01  9.62010e-01 
 1.00000e+00  3.80120e-01  1.10390e-01  9.67380e-01 
 1.00000e+00  4.00150e-01  1.09770e-01  9.72740e-01 
 1.00000e+00  4.20160e-01  1.08780e-01  9.78110e-01 
 1.00000e+00  4.33500e-01  1.07920e-01  9.81680e-01 
 1.00000e+00  4.40160e-01  1.07430e-01  9.83470e-01 
 1.00000e+00  4.46820e-01  1.06910e-01  9.85250e-01 
 1.00000e+00  4.60140e-01  1.05750e-01  9.88820e-01 
 1.00000e+00  4.73440e-01  1.04450e-01  9.92380e-01 
 1.00000e+00  4.80080e-01  1.03760e-01  9.94160e-01 
 1.00000e+00  4.86730e-01  1.03020e-01  9.95940e-01 
 1.00000e+00  5.00000e-01  1.01460e-01  9.99500e-01 
 1.00000e+00  5.00000e-01  1.01460e-01  8.65530e-01 
 1.00000e+00  5.40420e-01  9.59700e-02  8.76360e-01 
 1.00000e+00  5.80710e-01  8.95200e-02  8.87150e-01 
 1.00000e+00  6.60900e-01  7.42600e-02  9.08640e-01 
 1.00000e+00  7.00830e-01  6.57400e-02  9.19340e-01 
 1.00000e+00  7.40680e-01  5.68200e-02  9.30020e-01 
 1.00000e+00  7.80490e-01  4.77000e-02  9.40680e-01 
 1.00000e+00  8.20290e-01  3.85300e-02  9.51350e-01 
 1.00000e+00  8.60110e-01  2.95100e-02  9.62020e-01 
 1.00000e+00  9.00000e-01  2.07700e-02  9.72710e-01 
 1.00000e+00  9.14240e-01  1.77000e-02  9.76520e-01 
 1.00000e+00  9.28500e-01  1.47200e-02  9.80340e-01 
 1.00000e+00  9.42790e-01  1.18900e-02  9.84170e-01 
 1.00000e+00  9.57110e-01  9.27000e-03  9.88010e-01 
 1.00000e+00  9.71460e-01  6.79000e-03  9.91850e-01 
 1.00000e+00  9.85800e-01  4.22000e-03  9.95690e-01 
 0.00000e+00 -2.85000e+00 -1.50000e+00  7.27000e-01 
 0.00000e+00 -2.55000e+00 -1.50000e+00  7.27000e-01 
 0.00000e+00 -2.35000e+00 -1.50000e+00  7.27000e-01 
 0.00000e+00 -2.15000e+00 -1.50000e+00  7.27000e-01 
 0.00000e+00 -1.95000e+00 -1.50000e+00  7.27000e-01 
 0.00000e+00 -1.85000e+00 -1.50000e+00  7.27000e-01 
 0.00000e+00 -1.75000e+00 -1.50000e+00  7.27000e-01 
 0.00000e+00 -1.65000e+00 -1.50000e+00  7.27000e-01 
 0.00000e+00 -1.55000e+00 -1.50000e+00  7.27000e-01 
 0.00000e+00 -1.45000e+00 -1.50000e+00  7.27000e-01 
 0.00000e+00 -1.35000e+00 -1.50000e+00  7.27000e-01 
 0.00000e+00 -1.25000e+00 -1.50000e+00  7.27000e-01 
 0.00000e+00 -1.15000e+00 -1.50000e+00  7.27000e-01 
 0.00000e+00 -1.05000e+00 -1.50000e+00  7.27000e-01 
 0.00000e+00 -9.50000e-01 -1.50000e+00  7.27000e-01 
 0.00000e+00 -8.50000e-01 -1.50000e+00  7.27000e-01 
 0.00000e+00 -7.50000e-01 -1.50000e+00  7.27000e-01 
 0.00000e+00 -6.50000e-01 -1.50000e+00  7.27000e-01 
 0.00000e+00 -5.50000e-01 -1.50000e+00  7.27000e-01 
 0.00000e+00 -4.50000e-01 -1.50000e+00  7.27000e-01 
 0.00000e+00 -3.50000e-01 -1.50000e+00  7.27000e-01 
 0.00000e+00 -2.50000e-01 -1.50000e+00  7.27000e-01 
 0.00000e+00 -1.50000e-01 -1.50000e+00  7.27000e-01 
 0.00000e+00 -5.00000e-02 -1.50000e+00  7.27000e-01 
 0.00000e+00  5.00000e-02 -1.50000e+00  7.27000e-01 
 0.00000e+00  1.50000e-01 -1.50000e+00  7.27000e-01 
 0.00000e+00  2.50000e-01 -1.50000e+00  7.27000e-01 
 0.00000e+00  3.50000e-01 -1.50000e+00  7.27000e-01 
 0.00000e+00  4.50000e-01 -1.50000e+00  7.27000e-01 
 0.00000e+00  5.50000e-01 -1.50000e+00  7.27000e-01 
 0.00000e+00  6.50000e-01 -1.50000e+00  7.27000e-01 
 0.00000e+00  7.50000e-01 -1.50000e+00  7.27000e-01 
 0.00000e+00  8.50000e-01 -1.50000e+00  7.27000e-01 
 0.00000e+00  9.50000e-01 -1.50000e+00  7.27000e-01 
 0.00000e+00  1.05000e+00 -1.50000e+00  7.27000e-01 
 0.00000e+00  1.15000e+00 -1.50000e+00  7.27000e-01 
 0.00000e+00  1.25000e+00 -1.50000e+00  7.27000e-01 
 0.00000e+00  1.35000e+00 -1.50000e+00  7.27000e-01 
 0.00000e+00  1.45000e+00 -1.50000e+00  7.27000e-01 
 0.00000e+00  1.55000e+00 -1.50000e+00  7.27000e-01 
 0.00000e+00  1.65000e+00 -1.50000e+00  7.27000e-01 
 0.00000e+00  1.75000e+00 -1.50000e+00  7.27000e-01 
 0.00000e+00  1.85000e+00 -1.50000e+00  7.27000e-01 
 0.00000e+00  1.95000e+00 -1.50000e+00  7.27000e-01 
 0.00000e+00  2.15000e+00 -1.50000e+00  7.27000e-01 
 0.00000e+00  2.35000e+00 -1.50000e+00  7.27000e-01 
 0.00000e+00  2.55000e+00 -1.50000e+00  7.27000e-01 
 0.00000e+00  2.85000e+00 -1.50000e+00  7.27000e-01 
 1.00000e+00 -2.85000e+00  1.50000e+00  7.27000e-01 
 1.00000e+00 -2.55000e+00  1.50000e+00  7.27000e-01 
 1.00000e+00 -2.35000e+00  1.50000e+00  7.27000e-01 
 1.00000e+00 -2.15000e+00  1.50000e+00  7.27000e-01 
 1.00000e+00 -1.95000e+00  1.50000e+00  7.27000e-01 
 1.00000e+00 -1.85000e+00  1.50000e+00  7.27000e-01 
 1.00000e+00 -1.75000e+00  1.50000e+00  7.27000e-01 
 1.00000e+00 -1.65000e+00  1.50000e+00  7.27000e-01 
 1.00000e+00 -1.55000e+00  1.50000e+00  7.27000e-01 
 1.00000e+00 -1.45000e+00  1.50000e+00  7.27000e-01 
 1.00000e+00 -1.35000e+00  1.50000e+00  7.27000e-01 
 1.00000e+00 -1.25000e+00  1.50000e+00  7.27000e-01 
 1.00000e+00 -1.15000e+00  1.50000e+00  7.27000e-01 
 1.00000e+00 -1.05000e+00  1.50000e+00  7.27000e-01 
 1.00000e+00 -9.50000e-01  1.50000e+00  7.27000e-01 
 1.00000e+00 -8.50000e-01  1.50000e+00  7.27000e-01 
 1.00000e+00 -7.50000e-01  1.50000e+00  7.27000e-01 
 1.00000e+00 -6.50000e-01  1.50000e+00  7.27000e-01 
 1.00000e+00 -5.50000e-01  1.50000e+00  7.27000e-01 
 1.00000e+00 -4.50000e-01  1.50000e+00  7.27000e-01 
 1.00000e+00 -3.50000e-01  1.50000e+00  7.27000e-01 
 1.00000e+00 -2.50000e-01  1.50000e+00  7.27000e-01 
 1.00000e+00 -1.50000e-01  1.50000e+00  7.27000e-01 
 1.00000e+00 -5.00000e-02  1.50000e+00  7.27000e-01 
 1.00000e+00  5.00000e-02  1.50000e+00  7.27000e-01 
 1.00000e+00  1.50000e-01  1.50000e+00  7.27000e-01 
 1.00000e+00  2.50000e-01  1.50000e+00  7.27000e-01 
 1.00000e+00  3.50000e-01  1.50000e+00  7.27000e-01 
 1.00000e+00  4.50000e-01  1.50000e+00  7.27000e-01 
 1.00000e+00  5.50000e-01  1.50000e+00  7.27000e-01 
 1.00000e+00  6.50000e-01  1.50000e+00  7.27000e-01 
 1.00000e+00  7.50000e-01  1.50000e+00  7.27000e-01 
 1.00000e+00  8.50000e-01  1.50000e+00  7.27000e-01 
 1.00000e+00  9.50000e-01  1.50000e+00  7.27000e-01 
 1.00000e+00  1.05000e+00  1.50000e+00  7.27000e-01 
 1.00000e+00  1.15000e+00  1.50000e+00  7.27000e-01 
 1.00000e+00  1.25000e+00  1.50000e+00  7.27000e-01 
 1.00000e+00  1.35000e+00  1.50000e+00  7.27000e-01 
 1.00000e+00  1.45000e+00  1.50000e+00  7.27000e-01 
 1.00000e+00  1.55000e+00  1.50000e+00  7.27000e-01 
 1.00000e+00  1.65000e+00  1.50000e+00  7.27000e-01 
 1.00000e+00  1.75000e+00  1.50000e+00  7.27000e-01 
 1.00000e+00  1.85000e+00  1.50000e+00  7.27000e-01 
 1.00000e+00  1.95000e+00  1.50000e+00  7.27000e-01 
 1.00000e+00  2.15000e+00  1.50000e+00  7.27000e-01 
 1.00000e+00  2.35000e+00  1.50000e+00  7.27000e-01 
 1.00000e+00  2.55000e+00  1.50000e+00  7.27000e-01 
 1.00000e+00  2.85000e+00  1.50000e+00  7.27000e-01 
 2.00000e+00 -2.85000e+00 -1.50000e+00  1.26700e+00 
 2.00000e+00 -1.95000e+00 -1.50000e+00  1.26700e+00 
 2.00000e+00 -1.35000e+00 -1.50000e+00  1.26700e+00 
 2.00000e+00 -9.50000e-01 -1.50000e+00  1.26700e+00 
 2.00000e+00 -6.50000e-01 -1.50000e+00  1.26700e+00 
 2.00000e+00 -4.50000e-01 -1.50000e+00  1.26700e+00 
 2.00000e+00 -2.50000e-01 -1.50000e+00  1.26700e+00 
 2.00000e+00 -5.00000e-02 -1.50000e+00  1.26700e+00 
 2.00000e+00  5.00000e-02 -1.50000e+00  1.26700e+00 
 2.00000e+00  2.50000e-01 -1.50000e+00  1.26700e+00 
 2.00000e+00  4.50000e-01 -1.50000e+00  1.26700e+00 
 2.00000e+00  6.50000e-01 -1.50000e+00  1.26700e+00 
 2.00000e+00  9.50000e-01 -1.50000e+00  1.26700e+00 
 2.00000e+00  1.35000e+00 -1.50000e+00  1.26700e+00 
 2.00000e+00  1.95000e+00 -1.50000e+00  1.26700e+00 
 2.00000e+00  2.85000e+00 -1.50000e+00  1.26700e+00 
 3.00000e+00 -2.85000e+00  1.50000e+00  1.26700e+00 
 3.00000e+00 -1.95000e+00  1.50000e+00  1.26700e+00 
 3.00000e+00 -1.35000e+00  1.50000e+00  1.26700e+00 
 3.00000e+00 -9.50000e-01  1.50000e+00  1.26700e+00 
 3.00000e+00 -6.50000e-01  1.50000e+00  1.26700e+00 
 3.00000e+00 -4.50000e-01  1.50000e+00  1.26700e+00 
 3.00000e+00 -2.50000e-01  1.50000e+00  1.26700e+00 
 3.00000e+00 -5.00000e-02  1.50000e+00  1.26700e+00 
 3.00000e+00  5.00000e-02  1.50000e+00  1.26700e+00 
 3.00000e+00  2.50000e-01  1.50000e+00  1.26700e+00 
 3.00000e+00  4.50000e-01  1.50000e+00  1.26700e+00 
 3.00000e+00  6.50000e-01  1.50000e+00  1.26700e+00 
 3.00000e+00  9.50000e-01  1.50000e+00  1.26700e+00 
 3.00000e+00  1.35000e+00  1.50000e+00  1.26700e+00 
 3.00000e+00  1.95000e+00  1.50000e+00  1.26700e+00 
 3.00000e+00  2.85000e+00  1.50000e+00  1.26700e+00 
 0.00000e+00  2.70000e+00 -3.47500e-01  0.00000e+00 
 0.00000e+00  2.70000e+00 -3.17500e-01  0.00000e+00 
 0.00000e+00  2.70000e+00 -2.87500e-01  0.00000e+00 
 0.00000e+00  2.70000e+00 -2.67500e-01  0.00000e+00 
 0.00000e+00  2.70000e+00 -2.47500e-01  0.00000e+00 
 0.00000e+00  2.70000e+00 -2.32500e-01  0.00000e+00 
 0.00000e+00  2.70000e+00 -2.17500e-01  0.00000e+00 
 0.00000e+00  2.70000e+00 -2.07500e-01  0.00000e+00 
 0.00000e+00  2.70000e+00 -1.97500e-01  0.00000e+00 
 0.00000e+00  2.70000e+00 -1.92500e-01  0.00000e+00 
 0.00000e+00  2.70000e+00 -1.87500e-01  0.00000e+00 
 0.00000e+00  2.70000e+00 -1.82500e-01  0.00000e+00 
 0.00000e+00  2.70000e+00 -1.77500e-01  0.00000e+00 
 0.00000e+00  2.70000e+00 -1.72500e-01  0.00000e+00 
 0.00000e+00  2.70000e+00 -1.67500e-01  0.00000e+00 
 0.00000e+00  2.70000e+00 -1.62500e-01  0.00000e+00 
 0.00000e+00  2.70000e+00 -1.57500e-01  0.00000e+00 
 0.00000e+00  2.70000e+00 -1.52500e-01  0.00000e+00 
 0.00000e+00  2.70000e+00 -1.47500e-01  0.00000e+00 
 0.00000e+00  2.70000e+00 -1.42500e-01  0.00000e+00 
 0.00000e+00  2.70000e+00 -1.37500e-01  0.00000e+00 
 0.00000e+00  2.70000e+00 -1.32500e-01  0.00000e+00 
 0.00000e+00  2.70000e+00 -1.27500e-01  0.00000e+00 
 0.00000e+00  2.70000e+00 -1.22500e-01  0.00000e+00 
 0.00000e+00  2.70000e+00 -1.17500e-01  0.00000e+00 
 0.00000e+00  2.70000e+00 -1.12500e-01  0.00000e+00 
 0.00000e+00  2.70000e+00 -1.07500e-01  0.00000e+00 
 0.00000e+00  2.70000e+00 -1.02500e-01  0.00000e+00 
 0.00000e+00  2.70000e+00 -9.75000e-02  0.00000e+00 
 0.00000e+00  2.70000e+00 -9.25000e-02  0.00000e+00 
 0.00000e+00  2.70000e+00 -8.75000e-02  0.00000e+00 
 0.00000e+00  2.70000e+00 -8.25000e-02  0.00000e+00 
 0.00000e+00  2.70000e+00 -7.75000e-02  0.00000e+00 
 0.00000e+00  2.70000e+00 -7.25000e-02  0.00000e+00 
 0.00000e+00  2.70000e+00 -6.75000e-02  0.00000e+00 
 0.00000e+00  2.70000e+00 -6.25000e-02  0.00000e+00 
 0.00000e+00  2.70000e+00 -5.75000e-02  0.00000e+00 
 0.00000e+00  2.70000e+00 -5.25000e-02  0.00000e+00 
 0.00000e+00  2.70000e+00 -4.75000e-02  0.00000e+00 
 0.00000e+00  2.70000e+00 -4.25000e-02  0.00000e+00 
 0.00000e+00  2.70000e+00 -3.75000e-02  0.00000e+00 
 0.00000e+00  2.70000e+00 -3.25000e-02  0.00000e+00 
 0.00000e+00  2.70000e+00 -2.75000e-02  0.00000e+00 
 0.00000e+00  2.70000e+00 -2.25000e-02  0.00000e+00 
 0.00000e+00  2.70000e+00 -1.75000e-02  0.00000e+00 
 0.00000e+00  2.70000e+00 -1.25000e-02  0.00000e+00 
 0.00000e+00  2.70000e+00 -7.50000e-03  0.00000e+00 
 0.00000e+00  2.70000e+00 -2.50000e-03  0.00000e+00 
 0.00000e+00  2.70000e+00  2.50000e-03  0.00000e+00 
 0.00000e+00  2.70000e+00  7.50000e-03  0.00000e+00 
 0.00000e+00  2.70000e+00  1.25000e-02  0.00000e+00 
 0.00000e+00  2.70000e+00  1.75000e-02  0.00000e+00 
 0.00000e+00  2.70000e+00  2.25000e-02  0.00000e+00 
 0.00000e+00  2.70000e+00  2.75000e-02  0.00000e+00 
 0.00000e+00  2.70000e+00  3.25000e-02  0.00000e+00 
 0.00000e+00  2.70000e+00  3.75000e-02  0.00000e+00 
 0.00000e+00  2.70000e+00  4.25000e-02  0.00000e+00 
 0.00000e+00  2.70000e+00  4.75000e-02  0.00000e+00 
 0.00000e+00  2.70000e+00  5.25000e-02  0.00000e+00 
 0.00000e+00  2.70000e+00  5.75000e-02  0.00000e+00 
 0.00000e+00  2.70000e+00  6.25000e-02  0.00000e+00 
 0.00000e+00  2.70000e+00  6.75000e-02  0.00000e+00 
 0.00000e+00  2.70000e+00  7.25000e-02  0.00000e+00 
 0.00000e+00  2.70000e+00  7.75000e-02  0.00000e+00 
 0.00000e+00  2.70000e+00  8.25000e-02  0.00000e+00 
 0.00000e+00  2.70000e+00  8.75000e-02  0.00000e+00 
 0.00000e+00  2.70000e+00  9.25000e-02  0.00000e+00 
 0.00000e+00  2.70000e+00  9.75000e-02  0.00000e+00 
 0.00000e+00  2.70000e+00  1.02500e-01  0.00000e+00 
 0.00000e+00  2.70000e+00  1.07500e-01  0.00000e+00 
 0.00000e+00  2.70000e+00  1.12500e-01  0.00000e+00 
 0.00000e+00  2.70000e+00  1.17500e-01  0.00000e+00 
 0.00000e+00  2.70000e+00  1.22500e-01  0.00000e+00 
 0.00000e+00  2.70000e+00  1.27500e-01  0.00000e+00 
 0.00000e+00  2.70000e+00  1.32500e-01  0.00000e+00 
 0.00000e+00  2.70000e+00  1.37500e-01  0.00000e+00 
 0.00000e+00  2.70000e+00  1.42500e-01  0.00000e+00 
 0.00000e+00  2.70000e+00  1.47500e-01  0.00000e+00 
 0.00000e+00  2.70000e+00  1.52500e-01  0.00000e+00 
 0.00000e+00  2.70000e+00  1.57500e-01  0.00000e+00 
 0.00000e+00  2.70000e+00  1.62500e-01  0.00000e+00 
 0.00000e+00  2.70000e+00  1.67500e-01  0.00000e+00 
 0.00000e+00  2.70000e+00  1.72500e-01  0.00000e+00 
 0.00000e+00  2.70000e+00  1.77500e-01  0.00000e+00 
 0.00000e+00  2.70000e+00  1.82500e-01  0.00000e+00 
 0.00000e+00  2.70000e+00  1.87500e-01  0.00000e+00 
 0.00000e+00  2.70000e+00  1.92500e-01  0.00000e+00 
 0.00000e+00  2.70000e+00  1.97500e-01  0.00000e+00 
 0.00000e+00  2.70000e+00  2.07500e-01  0.00000e+00 
 0.00000e+00  2.70000e+00  2.17500e-01  0.00000e+00 
 0.00000e+00  2.70000e+00  2.32500e-01  0.00000e+00 
 0.00000e+00  2.70000e+00  2.47500e-01  0.00000e+00 
 0.00000e+00  2.70000e+00  2.67500e-01  0.00000e+00 
 0.00000e+00  2.70000e+00  2.87500e-01  0.00000e+00 
 0.00000e+00  2.70000e+00  3.17500e-01  0.00000e+00 
 0.00000e+00  2.70000e+00  3.47500e-01  0.00000e+00 
